阿鼻地狱,ā bí dì yù
阿党比周,ē dǎng bǐ zhōu
阿党相为,ē dǎng xiāng wéi
阿狗阿猫,ā gǒu ā māo
阿姑阿翁,ā gū ā wēng
阿家阿翁,ā gū ā wēng
阿娇金屋,ā jiāo jīn wū
阿猫阿狗,ā māo ā gǒu
阿弥陀佛,ē mí tuó fó
阿毗地狱,ā pí dì yù
阿平绝倒,ā píng jué dǎo
阿其所好,ē qí suǒ hào
阿时趋俗,ē shí qū sú
阿世盗名,ē shì dào míng
阿世媚俗,ē shì mèi sú
阿世取容,ē shì qǔ róng
阿意取容,ē yì qǔ róng
阿谀谄媚,ē yú chǎn mèi
阿谀逢迎,ē yú féng yíng
阿谀奉承,ē yú fèng chéng
阿谀取容,ē yú qǔ róng
哀哀父母,āi āi fù mǔ
哀哀欲绝,āi āi yù jué
哀兵必胜,āi bīng bì shèng
哀而不伤,āi ér bù shāng
哀感天地,āi gǎn tiān dì
哀感顽艳,āi gǎn wán yàn
哀感中年,āi gǎn zhōng nián
哀告宾服,āi gào bīn fú
哀鸿遍地,āi hóng biàn dì
哀鸿遍野,āi hóng biàn yě
哀毁骨立,āi huǐ gǔ lì
哀毁瘠立,āi huǐ jī lì
哀梨蒸食,āi lí zhēng shí
哀声叹气,āi shēng tàn qì
哀丝豪竹,āi sī háo zhú
哀思如潮,āi sī rú cháo
哀天叫地,āi tiān jiào dì
哀痛欲绝,āi tòng yù jué
唉声叹气,āi shēng tàn qì
挨冻受饿,ái dòng shòu è
挨风缉缝,āi fēng jī fèng
挨家挨户,āi ji āi hù
挨肩并足,āi jiān bìng zú
挨肩擦膀,āi jiān cā bǎng
挨肩擦背,āi jiān cā bèi
挨肩擦脸,āi jiān cā liǎn
挨肩搭背,āi jiān dā bèi
挨肩迭背,āi jiān dié bèi
挨肩叠背,āi jiān dié bèi
挨门挨户,āi mén āi hù
挨门逐户,āi mén zhú hù
挨三顶五,āi sān dǐng wǔ
挨山塞海,āi shān sè hǎi
捱风缉缝,āi fēng qī fèng
捱三顶四,āi sān dǐng sì
捱三顶五,āi sān dǐng wǔ
嗳声叹气,ài shēng tàn qì
矮人观场,ǎi rén guān cháng
矮人看场,ǎi rén kàn chǎng
矮人看戏,ǎi rén kàn xì
矮子观场,ǎi zǐ guān cháng
矮子看戏,ǎi zǐ kàn xì
蔼然可亲,ǎi rán kě qīn
蔼然仁者,ǎi rán rén zhě
爱别离苦,ài bié lí kǔ
爱不忍释,ài bù rěn shì
爱不释手,ài bù shì shǒu
爱才如渴,ài cái rú kě
爱才如命,ài cái rú mìng
爱才若渴,ài cái ruò kě
爱财如命,ài cái rú mìng
爱富嫌贫,ài fù xián pín
爱国如家,ài guó rú jiā
爱鹤失众,ài hè shī zhòng
爱礼存羊,ài lǐ cún yáng
爱毛反裘,ài máo fǎn qiú
爱民如子,ài mín rú zǐ
爱莫能助,ài mò néng zhù
爱莫之助,ài mò zhī zhù
爱钱如命,ài qián rú mìng
爱人好士,ài rén hào shì
爱人利物,ài rén lì wù
爱人以德,ài rén yǐ dé
爱日惜力,ài rì xī lì
爱如己出,ài rú jǐ chū
爱如珍宝,ài rú zhēn bǎo
爱生恶死,ài shēng wù sǐ
爱素好古,ài sù hào gǔ
爱屋及乌,ài wū jí wū
爱惜羽毛,ài xī yǔ máo
爱憎分明,ài zēng fēn míng
碍口识羞,ài kǒu shí xiū
碍难从命,ài nán cóng mìng
碍手碍脚,ài shǒu ài jiǎo
碍足碍手,ài zú ài shǒu
暧昧不明,ài mèi bù míng
暧昧之情,ài mèi zhī qíng
安安稳稳,ān ān wěn wěn
安邦定国,ān bāng dìng guó
安邦治国,ān bāng zhì guó
安不忘危,ān bù wàng wēi
安步当车,ān bù dàng chē
安常处顺,ān cháng chǔ shùn
安常履顺,ān cháng lǚ shùn
安常守分,ān cháng shǒu fèn
安常守故,ān cháng shǒu gù
安常习故,ān cháng xí gù
安车蒲轮,ān chē pú lún
安堵乐业,ān dǔ lè yè
安堵如故,ān dǔ rú gù
安分守己,ān fèn shǒu jǐ
安分守已,ān fěn shǒu jǐ
安分知足,ān fèn zhī zú
安份守己,ān fèn shǒu jǐ
安富恤贫,ān fù xù pín
安富恤穷,ān fù xù qióng
安富尊荣,ān fù zūn róng
安故重迁,ān gù zhòng qiān
安国富民,ān guó fù mín
安国宁家,ān guó níng jiā
安魂定魄,ān hún dìng pò
安家乐业,ān jiā lè yè
安家立业,ān jiā lì yè
安家落户,ān jiā luò hù
安居乐业,ān jū lè yè
安老怀少,ān lǎo huái shào
安良除暴,ān liáng chú bào
安眉带眼,ān méi dài yǎn
安民告示,ān mín gào shì
安内攘外,ān nèi rǎng wài
安贫乐道,ān pín lè dào
安贫乐贱,ān pín lè jiàn
安贫守道,ān pín shǒu dào
安然如故,ān rán rú gù
安然无事,ān rán wú shì
安然无恙,ān rán wú yàng
安忍无亲,ān rěn wú qīn
安如盘石,ān rú pán shí
安如磐石,ān rú pán shí
安如太山,ān rú tài shān
安如泰山,ān rú tài shān
安若泰山,ān ruò tài shān
安身乐业,ān shēn lè yè
安身立命,ān shēn lì mìng
安身为乐,ān shēn wéi lè
安身之处,ān shēn zhī chù
安身之地,ān shēn zhī dì
安神定魄,ān shén dìng pò
安生服业,ān shēng fú yè
安生乐业,ān shēng lè yè
安时处顺,ān shí chǔ shùn
安室利处,ān shì lì chù
安适如常,ān shì rú cháng
安土乐业,ān tǔ lè yè
安土重旧,ān tǔ zhòng jiù
安土重居,ān tǔ zhòng jū
安土重迁,ān tǔ zhòng qiān
安危相易,ān wēi xiāng yì
安危与共,ān wēi yǔ gòng
安闲自得,ān xián zì dé
安闲自在,ān xián zì zài
安心定志,ān xīn dìng zhì
安心乐业,ān xīn lè yè
安心乐意,ān xīn lè yì
安心落意,ān xīn luò yì
安营下寨,ān yíng xià zhài
安营扎寨,ān yíng zhā zhài
安于盘石,ān yú pán shí
安于现状,ān yú xiàn zhuàng
安于一隅,ān yù yī yù
安宅正路,ān zhái zhèng lù
安枕而卧,ān zhěn ér wò
安之若命,ān zhī ruò mìng
安之若素,ān zhī ruò sù
安坐待毙,ān zuò dài bì
鞍马劳顿,ān mǎ láo dùn
鞍马劳倦,ān mǎ láo juàn
鞍马劳困,ān mǎ láo kùn
鞍马劳神,ān mǎ láo shén
鞍马之劳,ān mǎ zhī láo
鞍前马后,ān qián mǎ hòu
岸谷之变,àn gǔ zhī bìan
岸然道貌,àn rán dào mào
按兵不动,àn bīng bù dòng
按兵不举,àn bīng bù jǔ
按兵束甲,àn bīng shù jiǎ
按步就班,àn bù jiù bān
按部就班,àn bù jiù bān
按堵如故,àn dǔ rú gù
按甲寝兵,àn jiǎ qǐn bīng
按甲休兵,àn jiǎ xiū bīng
按名责实,àn míng zé shí
按捺不住,àn nà bù zhù
按辔徐行,àn pèi xú xíng
按图索骥,àn tú suǒ jì
按图索骏,àn tú suǒ jùn
按行自抑,àn xíng zì yì
案兵束甲,àn bīng shù jiǎ
案牍劳形,àn dú láo xíng
案牍之劳,àn dú zhī láo
案甲休兵,àn jiǎ xiū bīng
案剑瞋目,àn jiàn chēn mù
案无留牍,àn wú liú dú
暗锤打人,àn chuí dǎ rén
暗淡无光,àn dàn wú guāng
暗斗明争,àn dòu míng zhēng
暗度陈仓,àn dù chén cāng
暗度金针,àn dù jīn zhēn
暗渡陈仓,àn dù chén cāng
暗箭明枪,àn jiàn míng qiāng
暗箭难防,àn jiàn nán fáng
暗箭伤人,àn jiàn shāng rén
暗箭中人,àn jiàn zhòng rén
暗绿稀红,àn lǜ xī hóng
暗昧之事,àn mèi zhī shì
暗气暗恼,àn qì àn nǎo
暗弱无断,àn ruò wú duàn
暗室不欺,àn shì bù qī
暗室逢灯,àn shì féng dēng
暗室亏心,àn shì kuī xīn
暗室欺心,àn shì qī xīn
暗室求物,àn shì qiú wù
暗室私心,àn shì sī xīn
暗室屋漏,àn shì wū lòu
暗送秋波,àn sòng qiū bō
暗无天日,àn wú tiān rì
暗香疏影,àn xiāng shū yǐng
暗中摸索,àn zhōng mō suǒ
黯淡无光,àn dàn wú guāng
黯晦消沉,àn huì xiāo chén
黯然伤神,àn rán shāng shén
黯然神伤,àn rán shén shāng
黯然失色,àn rán shī sè
黯然无色,àn rán wú sè
黯然销魂,àn rán xiāo hún
昂昂自若,áng áng zì ruò
昂藏七尺,áng zàng qī chǐ
昂然直入,áng rán zhí rù
昂然自得,áng rán zì dé
昂然自若,áng rán zì ruò
昂首阔步,áng shǒu kuò bù
昂首伸眉,áng shǒu shēn méi
昂首天外,áng shǒu tiān wài
昂首挺胸,áng shǒu tǐng xiōng
昂首望天,áng shǒu wàng tiān
昂头阔步,áng tóu kuò bù
昂头天外,áng tóu tiān wài
昂头挺胸,áng tóu tǐng xiōng
昂霄耸壑,áng xiāo sǒng hè
盎盂相击,àng yú xiāng jī
盎盂相敲,àng yú xiāng qiāo
敖不可长,ào bù kě zhǎng
敖世轻物,áo shì qīng wù
嗷嗷待哺,áo áo dài bǔ
遨翔自得,áo xiáng zì dé
熬肠刮肚,áo cháng guā dù
熬更守夜,áo gēng shǒu yè
熬姜呷醋,áo jiāng xiā cù
熬枯受淡,áo kū shòu dàn
熬清守淡,áo qīng shǒu dàn
熬清守谈,áo qīng shǒu tán
熬清受淡,áo qīng shòu dàn
熬心费力,áo xīn fèi lì
熬油费火,áo yóu fèi huǒ
聱牙佶屈,áo yá jí qū
聱牙戟口,áo yá jǐ kǒu
聱牙诘曲,áo yá jié qū
聱牙诘屈,áo yá jié qū
謷牙诘屈,áo yá jié qū
鳌愤龙愁,áo fèn lóng chóu
鳌里夺尊,áo lǐ duó zūn
鳌鸣鳖应,áo míng biē yīng
鳌头独占,áo tóu dú zhàn
鳌掷鲸呿,áo zhì jīng qù
鳌掷鲸吞,áo zhì jīng tūn
傲不可长,ào bù kě zhǎng
傲骨嶙嶙,ào gǔ lín lín
傲慢不逊,ào màn bù xùn
傲慢少礼,ào màn shǎo lǐ
傲慢无礼,ào màn wú lǐ
傲睨得志,ào nì dé zhì
傲睨万物,ào nì wàn wù
傲睨一切,ào nì yī qiè
傲睨一世,ào nì yī shì
傲睨自若,ào nì zì ruò
傲然挺立,ào rán tǐng lì
傲然屹立,ào rán yì lì
傲世轻物,ào shì qīng wù
傲霜斗雪,ào shuāng dòu xuě
傲头傲脑,ào tóu ào nǎo
傲贤慢士,ào xián màn shì
傲雪凌霜,ào xuě líng shuāng
傲雪欺霜,ào xuě qī shuāng
奥妙无穷,ào miào wú qióng
奥援有灵,ào yuán yǒu líng
懊悔无及,ào huǐ wú jí
八百孤寒,bā bǎi gū hán
八拜之交,bā bài zhī jiāo
八窗玲珑,bā chuāng líng lóng
八斗之才,bā dǒu zhī cái
八方风雨,bā fāng fēng yǔ
八方呼应,bā fāng hū yìng
八方支持,bā fāng zhī chí
八方支援,bā fāng zhī yuán
八府巡按,bā fǔ xún àn
八纮同轨,bā hóng tóng guǐ
八荒之外,bā huāng zhī wài
八街九陌,bā jiē jiǔ mò
八面见光,bā miàn jiàn guāng
八面玲珑,bā miàn líng lóng
八面驶风,bā miàn shǐ fēng
八面受敌,bā miàn shòu dí
八面威风,bā miàn wēi fēng
八面莹澈,bā miàn yíng chè
八面圆通,bā miàn yuán tōng
八面张罗,bā miàn zhāng luo
八难三灾,bā nàn sān zāi
八万四千,bā wàn sì qiān
八仙过海,bā xiān guò hǎi
八音迭奏,bā yīn dié zòu
八音遏密,bā yīn è mì
八珍玉食,bā zhēn yù shí
八字打开,bā zì dǎ kāi
巴巴急急,bā bā jí jí
巴巴劫劫,bā bā jié jié
巴巴结结,bā bā jiē jiē
巴高望上,bā gāo wàng shàng
巴高枝儿,bā gāo zhī ér
巴前算后,bā qián suàn hòu
巴人下里,bā rén xià lǐ
巴三览四,bā sān lǎn sì
巴三揽四,bā sān lǎn sì
巴山度岭,bā shān dù lǐng
巴山蜀水,bā shān shǔ shuǐ
巴山夜雨,bā shān yè yǔ
巴山越岭,bā shān yuè lǐng
巴头探脑,bā tóu tàn nǎo
扒耳搔腮,pá ěr sāo sāi
扒高踩低,bā gāo cǎi dī
抜格不入,hàn gé bù rù
拔本塞原,bá běn sè yuán
拔本塞源,bá běn sè yuán
拔丛出类,bá cóng chū lèi
拔萃出类,bá cuì chū lèi
拔萃出群,bá cuì chū qún
拔刀相向,bá dāo xiāng xiàng
拔刀相助,bá dāo xiāng zhù
拔地参天,bá dì cān tiān
拔地摇山,bá dì yáo shān
拔地倚天,bá dì yǐ tiān
拔丁抽楔,bá dīng chōu xiē
拔锅卷席,bá guō juǎn xí
拔剑论功,bá jiàn lùn gōng
拔葵啖枣,bá kuí dàn zǎo
拔葵去织,bá kuí qù zhī
拔来报往,bá lái fù wǎng
拔类超群,bá lèi chāo qún
拔毛济世,bá máo jì shì
拔毛连茹,bá máo lián rú
拔茅连茹,bá máo lián rú
拔苗助长,bá miáo zhù zhǎng
拔群出萃,bá qún chū cuì
拔山超海,bá shān chāo hǎi
拔山盖世,bá shān gài shì
拔山举鼎,bá shān jǔ dǐng
拔山扛鼎,bá shān gāng dǐng
拔十得五,bá shí dé wǔ
拔十失五,bá shí shī wǔ
拔树撼山,bá shù hàn shān
拔树搜根,bá shù sōu gēn
拔树寻根,bá shù xún gēn
拔犀擢象,bá xī zhuó xiàng
拔辖投井,bá xiá tóu jǐng
拔新领异,bá xīn lǐng yì
拔宅飞升,bá zhái fēi shēng
拔宅上升,bá zhái shàng shēng
拔赵易汉,bá zhào yì hàn
拔帜树帜,bá zhì shù zhì
拔帜易帜,bá zhì yì zhì
跋胡痜尾,bá hú zhì wěi
跋扈飞扬,bá hù fēi yáng
跋扈自恣,bá hù zì zì
跋扈恣睢,bá hù zì suī
跋来报往,bá lái fù wǎng
跋履山川,bá lǚ shān chuān
跋前踕后,bá qián jié hòu
跋前痜后,bá qián zhì hòu
跋前踬后,bá qián zhì hòu
跋山涉川,bá shān shè chuān
跋山涉水,bá shān shè shuǐ
跋涉山川,bá shè shān chuān
把臂入林,bǎ bì rù lín
把臂徐去,bǎ bì xú qù
把持不定,bǎ chí bù dìng
把饭叫饥,bǎ fàn jiào jī
把酒持螯,bǎ jiǔ chí áo
把素持斋,bǎ sù chí zhāi
把玩无厌,bǎ wán wǔ yàn
把薪助火,bǎ xīn zhù huǒ
罢黜百家,bā chù bǎi jiā
霸道横行,bà dào héng xíng
霸陵醉尉,bà líng zuì wèi
霸王别姬,bà wáng bié jī
霸王风月,bà wáng fēng yuè
白白朱朱,bái bái zhū zhū
白璧青蝇,bái bì qīng yíng
白璧三献,bái bì sān xiàn
白璧微瑕,bái bì wēi xiá
白璧无瑕,bái bì wú xiá
白草黄云,bái cǎo huáng yún
白齿青眉,bái chǐ qīng méi
白藋同心,bái diào tóng xīn
白丁俗客,bái dīng sú kè
白发苍苍,bái fà cāng cāng
白发苍颜,bái fà cāng yán
白发丹心,bái fà dān xīn
白发红颜,bái fà hóng yán
白发千丈,bái fà qiān zhàng
白发青衫,bái fà qīng shān
白发朱颜,bái fà zhū yán
白饭青刍,bái fàn qīng chú
白骨露野,bái gǔ lù yě
白骨再肉,bái gǔ zài ròu
白圭之玷,bái guī zhī diàn
白黑不分,bái hēi bù fēn
白黑颠倒,bái hēi diān dǎo
白黑分明,bái hēi fēn míng
白虹贯日,bái hóng guàn rì
白华之怨,bái huá zhī yuàn
白话八股,bái huà bā gǔ
白袷蓝衫,bái jiá lán shān
白驹过隙,bái jū guò xì
白驹空谷,bái jū kōng gǔ
白蜡明经,bái là míng jīng
白浪掀天,bái làng xiān tiān
白龙鱼服,bái lóng yú fú
白旄黄钺,bái máo huáng yuè
白眉赤眼,bái méi chì yǎn
白面儒冠,bái miàn rú guān
白面儒生,bái miàn rú shēng
白面书郎,bái miàn shū láng
白面书生,bái miàn shū shēng
白帢青衫,bái jiá qīng shān
白日飞升,bái rì fēi shēng
白日见鬼,bái rì jiàn guǐ
白日青天,bái rì qīng tiān
白日上升,bái rì shàng shēng
白日升天,bái rì shēng tiān
白日绣衣,bái rì xiù yī
白日衣绣,bái rì yì xiù
白日作梦,bái rì zuò mèng
白日做梦,bái rì zuò mèng
白色恐怖,bái sè kǒng bù
白山黑水,bái shān hēi shuǐ
白手成家,bái shǒu chéng jiā
白手空拳,bái shǒu kōng quán
白手起家,bái shǒu qǐ jiā
白手兴家,bái shǒu xīng jiā
白首北面,bái shǒu běi miàn
白首不渝,bái shǒu bù yú
白首空归,bái shǒu kōng guī
白首齐眉,bái shǒu qí méi
白首穷经,bái shǒu qióng jīng
白首如新,bái shǒu rú xīn
白首同归,bái shǒu tóng guī
白首为郎,bái shǒu wéi láng
白首相知,bái shǒu xiāng zhī
白首相庄,bái shǒu xiāng zhuāng
白首一节,bái shǒu yī jié
白首之心,bái shǒu zhī xīn
白水鉴心,bái shuǐ jiàn xīn
白叟黄童,bái sǒu huáng tóng
白天见鬼,bái tiān jiàn guǐ
白头不终,bái tóu bù zhōng
白头到老,bái tóu dào lǎo
白头而新,bái tóu ér xīn
白头如新,bái tóu rú xīn
白头相并,bái tóu xiāng bìng
白头相守,bái tóu xiāng shǒu
白头偕老,bái tóu xié lǎo
白头之叹,bái tóu zhī tàn
白兔赤乌,bái tù chì wū
白往黑来,bái wǎng hēi lái
白屋寒门,bái wū hán mén
白屋之士,bái wū zhī shì
白雪皑皑,bái xuě ái ái
白雪难和,bái xuě nán hé
白雪阳春,bái xuě yáng chūn
白眼相看,bái yǎn xiāng kàn
白衣苍狗,bái yī cāng gǒu
白衣公卿,bái yī gōng qīng
白衣卿相,bái yī qīng xiàng
白衣秀士,bái yī xiù shì
白衣宰相,bái yī zǎi xiàng
白蚁争穴,bái yǐ zhēng xué
白鱼赤乌,bái yú chì wū
白鱼登舟,bái yú dēng zhōu
白鱼入舟,bái yú rù zhōu
白玉微瑕,bái yù wēi xiá
白玉无瑕,bái yù wú xiá
白云苍狗,bái yún cāng gǒu
白云孤飞,bái yún gū fēi
白云亲舍,bái yún qīn shè
白纸黑字,bái zhǐ hēi zì
百般刁难,bǎi bān diāo nàn
百般奉承,bǎi bān fèng chéng
百般抚慰,bǎi bān fǔ wèi
百般折磨,bǎi bān zhé mó
百宝万货,bǎi bǎo wàn huò
百弊丛生,bǎi bì cóng shēng
百不当一,bǎi bù dāng yī
百不获一,bǎi bù huò yī
百不失一,bǎi bù shī yī
百不一存,bǎi bù yī cún
百不一贷,bǎi bù yī dài
百不一遇,bǎi bù yī yù
百步穿杨,bǎi bù chuān yáng
百城之富,bǎi chéng zhī fù
百尺竿头,bǎi chǐ gān tóu
百尺无枝,bǎi chǐ wú zhī
百川朝海,bǎi chuān cháo hǎi
百川赴海,bǎi chuān fù hǎi
百川归海,bǎi chuān guī hǎi
百辞莫辩,bǎi cí mò biàn
百代过客,bǎi dài guò kè
百代文宗,bǎi dài wén zōng
百读不厌,bǎi dú bù yàn
百堵皆作,bǎi dǔ jiē zuò
百端待举,bǎi duān dài jǔ
百端交集,bǎi duān jiāo jí
百堕俱举,bǎi huī jù jǔ
百二关河,bǎi èr guān hé
百二河山,bǎi èr hé shān
百二金瓯,bǎi èr jīn ōu
百二山川,bǎi èr shān chuān
百二山河,bǎi èr shān hé
百发百中,bǎi fā bǎi zhòng
百凡待举,bǎi fán dài jǔ
百废待举,bǎi fèi dài jǔ
百废待兴,bǎi fèi dài xīng
百废具举,bǎi fèi jù jǔ
百废具兴,bǎi fèi jù xīng
百废具作,bǎi fèi jù zuò
百废俱举,bǎi fèi jù jǔ
百废俱兴,bǎi fèi jù xīng
百废咸举,bǎi fèi xián jǔ
百福具臻,bǎi fú jù zhēn
百感交集,bǎi gǎn jiāo jí
百怪千奇,bǎi guài qiān qí
百鬼众魅,bǎi guǐ zhòng mèi
百花齐放,bǎi huā qí fàng
百花生日,bǎi huā shēng rì
百花争妍,bǎi huā zhēng yàn
百花争艳,bǎi huā zhēng yàn
百卉千葩,bǎi huì qiān pā
百喙莫辩,bǎi huì mò biàn
百喙难辩,bǎi huì nán biàn
百喙难辞,bǎi huì nán cí
百喙如一,bǎi huì rú yī
百喙一词,bǎi huì yī cí
百计千方,bǎi jì qiān fāng
百计千谋,bǎi jì qiān móu
百计千心,bǎi jì qiān xīn
百家争鸣,bǎi jiā zhēng míng
百结愁肠,bǎi jié chóu cháng
百结悬鹑,bǎi jié xuán chún
百举百捷,bǎi jǔ bǎi jié
百举百全,bǎi jǔ bǎi quán
百孔千疮,bǎi kǒng qiān chuāng
百孔千创,bǎi kǒng qiān chuāng
百口莫辩,bǎi kǒu mò biàn
百口难分,bǎi kǒu nán fēn
百口同声,bǎi kǒu tóng shēng
百里挑一,bǎi lǐ tiāo yī
百里之才,bǎi lǐ zhī cái
百炼成刚,bǎi liàn chéng gāng
百炼成钢,bǎi liàn chéng gāng
百了千当,bǎi liǎo qiān dāng
百伶百俐,bǎi líng bǎi lì
百龄眉寿,bǎi líng méi shòu
百虑一致,bǎi lǜ yī zhì
百虑攒心,bǎi lǜ zǎn xīn
百媚千娇,bǎi mèi qiān jiāo
百密一疏,bǎi mì yī shū
百谋千计,bǎi móu qiān jì
百年不遇,bǎi nián bù yù
百年大计,bǎi nián dà jì
百年大业,bǎi nián dà yè
百年好合,bǎi nián hǎo hé
百年好事,bǎi nián hǎo shì
百年难遇,bǎi nián nán yù
百年树人,bǎi nián shù rén
百年偕老,bǎi nián xié lǎo
百年谐老,bǎi nián xié lǎo
百年之柄,bǎi nián zhī bǐng
百年之好,bǎi nián zhī hǎo
百年之后,bǎi nián zhī hòu
百年之业,bǎi nián zhī yè
百年之约,bǎi nián zhī yuē
百念皆灰,bǎi niàn jiē huī
百鸟朝凤,bǎi niǎo cháo fèng
百品千条,bǎi pǐn qiān tiáo
百巧成穷,bǎi qiǎo chéng qióng
百巧千穷,bǎi qiǎo qiān qióng
百忍成金,bǎi rěn chéng jīn
百舌之声,bǎi shé zhī shēng
百舍重茧,bǎi shè chóng jiǎn
百舍重趼,bǎi shè chóng jiǎn
百身何赎,bǎi shēn hé shú
百身莫赎,bǎi shēn mò shú
百世不磨,bǎi shì bù mó
百世不易,bǎi shì bù yì
百世流芳,bǎi shì liú fāng
百世流芬,bǎi shì liú fēn
百世一人,bǎi shì yī rén
百世之利,bǎi shì zhī lì
百世之师,bǎi shì zhī shī
百事大吉,bǎi shì dà jí
百事无成,bǎi shì wú chéng
百兽率舞,bǎi shòu shuài wǔ
百顺百依,bǎi shùn bǎi yī
百顺千随,bǎi shùn qiān suí
百思不解,bǎi sī bù jiě
百思莫解,bǎi sī mò jiě
百死一生,bǎi sǐ yī shēng
百岁千秋,bǎi suì qiān qiū
百岁之好,bǎi suì zhī hǎo
百岁之后,bǎi suì zhī hòu
百岁之盟,bǎi suì zhī méng
百万雄兵,bǎi wàn xióng bīng
百万雄师,bǎi wàn xióng shī
百无禁忌,bǎi wú jìn jì
百无聊赖,bǎi wú liáo lài
百无是处,bǎi wú shì chù
百无所成,bǎi wú suǒ chéng
百无一成,bǎi wú yī chéng
百无一堪,bǎi wú yī kān
百无一能,bǎi wú yī néng
百无一失,bǎi wú yī shī
百无一是,bǎi wú yī shì
百无一用,bǎi wú yī yòng
百下百全,bǎi xià bǎi quán
百下百着,bǎi xià bǎi zháo
百业萧条,bǎi yè xiāo tiáo
百衣百随,bǎi yī bǎi suí
百依百从,bǎi yī bǎi cóng
百依百顺,bǎi yī bǎi shùn
百依百随,bǎi yī bǎi suí
百载树人,bǎi zǎi shù rén
百战百败,bǎi zhàn bǎi bài
百战百胜,bǎi zhàn bǎi shèng
百战不殆,bǎi zhàn bù dài
百丈竿头,bǎi zhàng gān tóu
百折不摧,bǎi zhé bù cuī
百折不回,bǎi zhé bù huí
百折不挠,bǎi zhé bù náo
百折不屈,bǎi zhé bù qū
百折不移,bǎi zhé bù yí
百折千回,bǎi zhé qiān huí
百中百发,bǎi zhòng bǎi fā
百啭千声,bǎi zhuàn qiān shēng
百拙千丑,bǎi zhuō qiān chǒu
百紫千红,bǎi zǐ qiān hóng
百纵千随,bǎi zòng qiān suí
百足不僵,bǎi zú bù jiāng
百足之虫,bǎi zú zhī chóng
柏舟之节,bǎi zhōu zhī jié
柏舟之誓,bǎi zhōu zhī shì
捭阖纵横,bǎi hé zòng héng
摆尾摇头,bǎi wěi yáo tóu
摆袖却金,bài xiù què jīn
败不旋踵,bài bù xuán zhǒng
败材伤锦,bài cái shāng jǐn
败德辱行,bài dé rǔ xíng
败法乱纪,bài fǎ luàn jì
败鼓之皮,bài gǔ zhī pí
败国丧家,bài guó sàng jiā
败国亡家,bài guó wáng jiā
败化伤风,bài huà shāng fēng
败绩失据,bài jì shī jù
败将残兵,bài jiàng cán bīng
败井颓垣,bài jǐng tuí yuán
败军之将,bài jūn zhī jiàng
败鳞残甲,bài lín cán jiǎ
败柳残花,bài liǔ cán huā
败俗伤风,bài sú shāng fēng
败俗伤化,bài sú shāng huà
败兴而归,bài xìng ér guī
败于垂成,bài yú chuí chéng
拜赐之师,bài cì zhī shī
拜倒辕门,bài dǎo yuán mén
拜恩私室,bài ēn sī shì
拜鬼求神,bài guǐ qiú shén
拜将封侯,bài jiàng fēng hóu
稗官小说,bài guān xiǎo shuō
稗官野史,bài guān yě shǐ
扳龙附凤,bān lóng fù fèng
班班可考,bān bān kě kǎo
班驳陆离,bān bó lù lí
班功行赏,bān gōng xíng shǎng
班荆道故,bān jīng dào gù
班荆道旧,bān jīng dào jiù
班马文章,bān mǎ wén zhāng
班门弄斧,bān mén nòng fǔ
班师得胜,bān shī dé shèng
班师回朝,bān shī huí cháo
班师回俯,bān shī huí fǔ
班香宋艳,bān xiāng sòng yàn
班衣戏采,bān yī xì cǎi
班衣戏彩,bān yī xì cǎi
斑驳陆离,bān bó lù lí
斑衣戏彩,bān yī xì cǎi
搬唇递舌,bān chún dì shé
搬唇弄舌,bān chún nòng shé
搬斤播两,bān jīn bō liǎng
搬口弄舌,bān kǒu nòng shé
搬弄是非,bān nòng shì fēi
搬石砸脚,bān shí zá jiǎo
阪上走丸,bǎn shàng zǒu wán
板上钉钉,bǎn shàng dìng dīng
板上砸钉,bǎn shàng zá dīng
版筑饭牛,bǎn zhù fàn niú
半半拉拉,bàn bàn lā lā
半半路路,bàn bàn lù lù
半壁河山,bàn bì hé shān
半壁江山,bàn bì jiāng shān
半壁山河,bàn bì shān hé
半部论语,bàn bù lún yǔ
半痴不颠,bàn chī bù diān
半筹不纳,bàn chóu bù nà
半筹莫展,bàn chóu mò chǎn
半低不高,bàn dī bù gāo
半懂不懂,bàn dǒng bù dǒng
半饥半饱,bàn jī bàn bǎo
半间半界,bàn gān bàn gà
半间不界,bàn gān bù gà
半截入土,bàn jié rù tǔ
半解一知,bàn jiě yī zhī
半斤八两,bàn jīn bā liǎng
半斤八面,bàn jīn bā miàn
半路出家,bàn lù chū jiā
半路修行,bàn lù xiū xíng
半梦半醒,bàn mèng bàn xǐng
半面不忘,bàn miàn bù wàng
半面之交,bàn miàn zhī jiāo
半面之旧,bàn miàn zhī jiù
半青半黄,bàn qīng bàn huáng
半三不四,bàn sān bù sì
半上半下,bàn shàng bàn xià
半上落下,bàn shàng luò xià
半身不遂,bàn shēn bù suí
半生半熟,bàn shēng bàn shú
半生不熟,bàn shēng bù shú
半丝半缕,bàn sī bàn lǜ
半死半生,bàn sǐ bàn shēng
半死不活,bàn sǐ bù huó
半死辣活,bàn sǐ là huó
半涂而罢,bàn tú ér bà
半涂而废,bàn tú ér fèi
半途而废,bàn tú ér fèi
半吐半露,bàn tǔ bàn lù
半推半就,bàn tuī bàn jiù
半吞半吐,bàn tūn bàn tǔ
半文半白,bàn wén bàn bái
半文不白,bàn wén bù bái
半新半旧,bàn xīn bàn jiù
半新不旧,bàn xīn bù jiù
半信半疑,bàn xìn bàn yí
半信不信,bàn xìn bù xìn
半夜三更,bàn yè sān gēng
半疑半信,bàn yí bàn xìn
半真半假,bàn zhēn bàn jiǎ
伴食宰相,bàn shí zǎi xiàng
伴食中书,bàn shí zhōng shū
邦国殄瘁,bāng guó tiǎn cuì
帮狗吃食,bāng gǒu chī shí
帮虎吃食,bāng hǔ chī shí
帮闲钻懒,bāng xián zuān lǎn
榜上无名,bǎng shàng wú míng
蚌病成珠,bàng bìng chéng zhū
蚌病生珠,bàng bìng shēng zhū
蚌鹬相持,bàng yù xiāng chí
傍观冷眼,bàng guān lěng yǎn
傍观者清,bàng guān zhě qīng
傍花随柳,bàng huā suí liǔ
傍人篱壁,bàng rén lí bì
傍人篱落,bàng rén lí luò
傍人门户,bàng rén mén hù
傍若无人,páng ruò wú rén
棒打鸳鸯,bàng dǎ yuān yāng
徬徨失措,páng huáng shī cuò
包办代替,bāo bàn dài tì
包藏祸心,bāo cáng huò xīn
包藏奸心,bāo cáng jiān xīn
包打天下,bāo dǎ tiān xià
包举宇内,bāo jǔ yǔ nèi
包揽词讼,bāo lǎn cí sòng
包罗万象,bāo luó wàn xiàng
包罗万有,bāo luó wàn yǒu
包羞忍耻,bāo xiū rěn chǐ
苞苴竿牍,bāo jū gān dú
褒贬与夺,bǎo biǎn yǔ duó
褒善贬恶,bāo shàn biǎn è
褒衣博带,bāo yī bó dài
褒衣危冠,bāo yī wēi guān
宝刀不老,bǎo dāo bù lǎo
宝刀未老,bǎo dāo wèi lǎo
宝马香车,bǎo mǎ xiāng chē
宝山空回,bǎo shān kōng huí
宝珠市饼,bǎo zhū shì bǐng
饱谙世故,bǎo ān shì gù
饱经沧桑,bǎo jīng cāng sāng
饱经风霜,bǎo jīng fēng shuāng
饱经风雨,bǎo jīng fēng yǔ
饱经世变,bǎo jīng shì biàn
饱经世故,bǎo jīng shì gù
饱经霜雪,bǎo jīng shuāng xuě
饱经忧患,bǎo jīng yōu huàn
饱练世故,bǎo liàn shì gù
饱食暖衣,bǎo shí nuǎn yī
饱食终日,bǎo shí zhōng rì
饱飨老拳,bǎo xiǎng lào quán
饱学之士,bǎo xué zhī shì
饱以老拳,bǎo yǐ lǎo quán
保残守缺,bǎo cán shǒu quē
保国安民,bǎo guó ān mín
保家卫国,bǎo jiā wèi guó
保境息民,bǎo jìng xī mín
保泰持盈,bǎo tài chì yíng
保盈持泰,bǎo yíng chì tài
报本反始,bào běn fǎn shǐ
报冰公事,bào bīng gōng shì
报仇雪耻,bào chóu xuě chǐ
报仇雪恨,bào chóu xuě hèn
报雠雪恨,bào chóu xuě hèn
报李投桃,bào lǐ tóu táo
报效万一,bào xiào wàn yī
报应不爽,bào yìng bù shuǎng
抱宝怀珍,bào bǎo huái zhēn
抱表寝绳,bào biǎo qǐn shéng
抱冰公事,bào bīng gōng shì
抱布贸丝,bào bù mào sī
抱残守缺,bào cán shǒu quē
抱残守阙,bào cán shǒu quē
抱成一团,bào chéng yī tuán
抱诚守真,bào chéng shǒu zhēn
抱打不平,bào dǎ bù píng
抱法处势,bào fǎ chǔ shì
抱负不凡,bào fù bù fán
抱关击柝,bào guān jī tuò
抱关执钥,bào guān zhí yuè
抱关执籥,bào guān zhí yuè
抱恨黄泉,bào hèn huáng quán
抱恨终天,bào hèn zhōng tiān
抱火厝薪,bào huǒ cuò xīn
抱火寝薪,bào huǒ qǐn xīn
抱火卧薪,bào huǒ wò xīn
抱令守律,bào lìng shǒu lǜ
抱蔓摘瓜,bào wàn zhāi guā
抱璞泣血,bào pú qì xuè
抱朴含真,bào pǔ hán zhēn
抱椠怀铅,bào qiàn huái qiān
抱屈衔冤,bào qū xián yuān
抱头大哭,bào tóu dà kū
抱头鼠窜,bào tóu shǔ cuàn
抱头痛哭,bào tóu tòng kū
抱瓮出灌,bào wèng chū guàn
抱瓮灌园,bào wèng guàn yuán
抱薪救焚,bào xīn jiù fén
抱薪救火,bào xīn jiù huǒ
抱玉握珠,bào yù wò zhū
抱怨雪耻,bào yuàn xuě chǐ
抱枝拾叶,bào zhī shí yè
抱柱之信,bào zhù zhī xìn
抱子弄孙,bào zǐ nòng sūn
豹死留皮,bào sǐ liú pí
豹头环眼,bào tóu huán yǎn
鲍鱼之次,bào yú zhī cì
鲍鱼之肆,bào yú zhī sì
鲍子知我,bào zǐ zhī wǒ
暴风疾雨,bào fēng jí yǔ
暴风骤雨,bào fēng zhòu yǔ
暴虎冯河,bào hǔ píng hé
暴戾恣睢,bào lì zì suī
暴敛横征,bào liǎn héng zhēng
暴露无遗,bào lù wú yí
暴内陵外,bào nèi líng wài
暴虐无道,bào nüè wú dào
暴取豪夺,bào qǔ háo duó
暴腮龙门,pù sāi lóng mén
暴殄天物,bào tiǎn tiān wù
暴跳如雷,bào tiào rú léi
暴衣露盖,pù yī lù gài
暴衣露冠,pù yī lù guàn
暴躁如雷,bào zào rú léi
爆跳如雷,bào tiào rú léi
陂湖禀量,bēi hú bǐng liáng
卑鄙龌龊,bēi bǐ wò chuò
卑鄙无耻,bēi bǐ wú chǐ
卑不足道,bēi bù zú dào
卑谄足恭,bēi chǎn jǜ gōng
卑辞厚币,bēi cí hòu bì
卑辞厚礼,bēi cí hòu lǐ
卑辞重币,bēi cí zhòng bì
卑宫菲食,bēi gōng fěi shí
卑躬屈节,bēi gōng qū jié
卑躬屈膝,bēi gōng qū xī
卑礼厚币,bēi lǐ hòu bì
卑陋龌龊,bēi lòu wò chuò
卑身贱体,bēi shēn jiàn tǐ
卑身屈体,bēi shēn qū tǐ
卑以自牧,bēi yǐ zì mù
杯羹之让,bēi gēng zhī ràng
杯弓蛇影,bēi gōng shé yǐng
杯弓市虎,bēi gōng shì hǔ
杯觥交错,bēi gōng jiāo cuò
杯酒戈矛,bēi jiǔ gē máo
杯酒解怨,bēi jiǔ jiě yuàn
杯酒言欢,bēi jiǔ yán huān
杯茗之敬,bēi míng zhī jìng
杯盘狼籍,bēi pán láng jí
杯盘狼藉,bēi pán láng jí
杯蛇鬼车,bēi shé guǐ chē
杯蛇幻影,bēi shé huàn yǐng
杯水车薪,bēi shuǐ chē xīn
杯水粒粟,bēi shuǐ lì sù
杯水舆薪,bēi shuǐ yú xīn
杯水之敬,bēi shuǐ zhī jìng
杯水之谢,bēi shuǐ zhī xiè
杯影蛇弓,bēi yǐng shé gōng
杯中蛇影,bēi zhōng shé yǐng
杯中之物,bēi zhōng zhī wù
悲不自胜,bēi bù zì shèng
悲愁垂涕,bēi chóu chuí tì
悲从中来,bēi cóng zhōng lái
悲愤填膺,bēi fèn tián yīng
悲歌击筑,bēi gē jī zhù
悲歌慷慨,bēi gē kāng kǎi
悲歌易水,bēi gē yì shuǐ
悲观厌世,bēi guān yàn shì
悲欢离合,bēi huān lí hé
悲声载道,bēi shēng zài dào
悲天悯人,bēi tiān mǐn rén
悲痛欲绝,bēi tòng yù jué
悲喜交集,bēi xǐ jiāo jí
北鄙之声,bēi bǐ zhī shēng
北鄙之音,bēi bǐ zhī yīn
北辰星拱,bēi chén xīng gǒng
北窗高卧,bēi chuāng gāo wò
北道主人,běi dào zhǔ rén
北斗之尊,běi dǒu zhī zūn
北风之恋,běi fēng zhī liàn
北宫婴儿,běi gōng yīng ér
北郭先生,běi guō xiān shēng
北门管钥,běi mén guǎn yuè
北门南牙,běi mén nán yá
北门锁钥,běi mén suǒ yuè
北门之管,běi mén zhī guǎn
北门之寄,běi mén zhī jì
北面称臣,běi miàn chēng chén
北叟失马,běi sǒu shī mǎ
北辕适楚,běi yuán shì chǔ
北辕适粤,běi yuán shì yuè
北辙南辕,běi zhé nán yuán
贝阙珠宫,bèi què zhū gōng
备尝艰苦,bèi cháng jiān kǔ
备尝辛苦,bèi cháng xīn kǔ
备多力分,bèi duō lì fēn
备而不用,bèi ér bù yòng
备位充数,bèi wèi chōng shù
背暗投明,bèi àn tóu míng
背碑覆局,bèi bēi fù jú
背本就末,bèi běn jiù mò
背本趋末,bèi běn qū mò
背城借一,bèi chéng jiè yī
背城一战,bèi chéng yī zhàn
背道而驰,bèi dào ér chí
背恩负义,bèi ēn fù yì
背恩弃义,bèi ēn qì yì
背恩忘义,bèi ēn wàng yì
背腹受敌,bèi fù shòu dí
背公向私,bèi gōng xiàng sī
背公营私,bèi gōng yíng sī
背惠食言,bèi huì shí yán
背井离乡,bèi jǐng lí xiāng
背盟败约,bèi méng bài yuē
背前面后,bèi qián miàn hòu
背曲腰躬,bèi qǔ yāo gōng
背曲腰弯,bèi qǔ yāo wān
背若芒刺,bèi ruò máng cì
背山起楼,bèi shān qǐ lóu
背生芒刺,bèi shēng máng cì
背水一战,bèi shuǐ yī zhàn
背乡离井,bèi xiāng lí jǐng
背信弃义,bèi xìn qì yì
背义负恩,bèi yù fù ēn
背义负信,bèi yù fù xìn
背义忘恩,bèi yù wàng ēn
倍道而进,bèi dào ér jìn
倍道而行,bèi dào ér xíng
倍道兼进,bèi dào jiān jìn
倍道兼行,bèi dào jiān xíng
倍日并行,bèi rì bìng xíng
悖入悖出,bèi rù bèi chū
悖言乱辞,bèi yán luàn cí
被宠若惊,bèi chǒng ruò jīng
被发文身,pī fà wén shēn
被发缨冠,pī fà yīng guàn
被发左衽,pī fà zuǒ rèn
被褐怀玉,pī hè huái yù
被褐怀珠,pī hè huái zhū
被甲持兵,pī jiǎ chí bīng
被甲据鞍,pī jiǎ jù ān
被甲枕戈,pī jiǎ zhěn gē
被甲执兵,pī jiǎ zhí bīng
被坚执锐,pī jiān zhí ruì
被山带河,pī shān dài hé
被泽蒙庥,bèi zé méng xiū
奔轶绝尘,bēn yì jué chén
奔逸绝尘,bēn yì jué chén
奔走呼号,bēn zǒu hū háo
奔走如市,bēn zǒu rú shì
奔走相告,bēn zǒu xiāng gào
奔走之友,bēn zǒu zhī yǒu
奔走钻营,bēn zǒu zuān yíng
本固邦宁,běn gù bāng níng
本来面目,běn lái miàn mù
本末倒置,běn mò dào zhì
本末源流,běn mò yuán liú
本同末离,běn tóng mò lí
本同末异,běn tóng mò yì
本乡本土,běn xiāng běn tǔ
本相毕露,běn xiàng bì lù
本小利微,běn xiǎo lì wēi
本性难移,běn xìng nán yí
本支百世,běn zhī bǎi shì
本枝百世,běn zhī bǎi shì
坌鸟先飞,bèn niǎo xiān fēi
笨鸟先飞,bèn niǎo xiān fēi
笨嘴笨舌,bèn zuǐ bèn shé
笨嘴拙舌,bèn zuǐ zhuō shé
绷巴吊拷,bēng bā diào kǎo
绷扒吊拷,bēng bā diào kǎo
绷爬吊拷,bēng pá diào kǎo
逼不得已,bī bù dé yǐ
逼良为娼,bī liáng wéi chāng
逼人太甚,bī rén tài shèn
逼上梁山,bī shàng liáng shān
鼻端出火,bí duān chū huǒ
鼻端生火,bí duān shēng huǒ
鼻垩挥斤,bí è huī jīn
鼻孔朝天,bí kǒng cháo tiān
鼻孔辽天,bí kǒng liáo tiān
鼻孔撩天,bí kǒng liáo tiān
鼻青额肿,bí qīng é zhǒng
鼻青脸肿,bí qīng liǎn zhǒng
鼻青眼乌,bí qīng yǎn wū
鼻青眼肿,bí qīng yǎn zhǒng
鼻青眼紫,bí qīng yǎn zǐ
鼻塌唇青,bí tā chún qīng
鼻塌脣青,bí tǎ chún qīng
鼻塌嘴歪,bí tā zuǐ wāi
鼻头出火,bí tóu chū huǒ
鼻息如雷,bí xī rú léi
鼻肿眼青,bí zhǒng yǎn qīng
匕鬯不惊,bǐ chàng bù jīng
匕鬯无惊,bǐ chàng wú jīng
比比皆然,bǐ bǐ jiē rán
比比皆是,bǐ bǐ jiē shì
比户可封,bǐ hù kě fēng
比肩并起,bǐ jiān bìng qǐ
比肩迭迹,bǐ jiān dié jì
比肩迭踵,bǐ jiān dié zhǒng
比肩叠迹,bǐ jiān dié jì
比肩叠踵,bǐ jiān dié zhǒng
比肩而立,bǐ jiān ér lì
比肩继踵,bǐ jiān jì zhǒng
比肩皆是,bǐ jiān jiē shì
比肩接迹,bǐ jiān jiē jì
比肩接踵,bǐ jiān jiē zhǒng
比肩连袂,bǐ jiān lián mèi
比肩齐声,bǐ jiān qí shēng
比肩随踵,bǐ jiān suí zhǒng
比肩系踵,bǐ jiān xì zhǒng
比类从事,bǐ lèi cóng shì
比量齐观,bǐ liàng qí guān
比目连枝,bǐ mù lián zhī
比年不登,bǐ nián bù dēng
比权量力,bǐ quán liàng lì
比手划脚,bǐ shǒu huà jiǎo
比岁不登,bǐ suì bù dēng
比屋而封,bǐ wū ér fēng
比屋可封,bǐ wū kě fēng
比屋连甍,bǐ wū lián méng
比物丑类,bǐ wù chǒu lèi
比物此志,bǐ wù cǐ zhì
比物假事,bǐ wù jiǎ shì
比物连类,bǐ wù lián lèi
比物属事,bǐ wù zhǔ shì
比翼连枝,bǐ yì lián zhī
比翼齐飞,bǐ yì qí fēi
比翼双飞,bǐ yì shuāng fēi
比众不同,bǐ zhòng bù tóng
彼倡此和,bǐ chàng cǐ hè
彼唱此和,bǐ chàng cǐ hè
彼此彼此,bǐ cǐ bǐ cǐ
彼竭我盈,bǐ jié wǒ yíng
彼弃我取,bǐ qì wǒ qǔ
彼众我寡,bǐ zhòng wǒ guǎ
秕言谬说,bǐ yán miù shuò
俾夜作昼,bǐ yè zuò zhòu
俾昼作夜,bǐ zhòu zuò yè
笔饱墨酣,bǐ bǎo mò hān
笔大如椽,bǐ dà rú chuán
笔底超生,bǐ dǐ chāo shēng
笔底春风,bǐ dǐ chūn fēng
笔底龙蛇,bǐ dǐ lóng shé
笔伐口诛,bǐ fá kǒu zhū
笔歌墨舞,bǐ gē mò wǔ
笔耕砚田,bǐ gēng yàn tián
笔酣墨饱,bǐ hān mò bǎo
笔翰如流,bǐ hàn rú liú
笔老墨秀,bǐ lǎo mò xiù
笔墨官司,bǐ mò guān sī
笔墨横姿,bǐ mò héng zī
笔墨之林,bǐ mò zhī lín
笔扫千军,bǐ sǎo qiān jūn
笔头生花,bǐ tóu shēng huā
笔下超生,bǐ xià chāo shēng
笔下生花,bǐ xià shēng huā
笔削褒贬,bǐ xuē bāo biǎn
笔冢研穿,bǐ zhǒng yán chuān
笔诛墨伐,bǐ zhū mò fá
笔走龙蛇,bǐ zǒu lóng shé
鄙俚浅陋,bǐ lǐ qiǎn lòu
鄙吝复萌,bǐ lìn fù méng
鄙夷不屑,bǐ yí bù xiè
鄙于不屑,bǐ yú bù xiè
币重言甘,bì zhòng yán gān
必不得已,bì bù dé yǐ
必不挠北,bì bù náo běi
必操胜券,bì cāo shèng quàn
必恭必敬,bì gōng bì jìng
必躬必亲,bì gōng bì qīn
必经之路,bì jīng zhī lù
必里迟离,bì lǐ chí lí
必也正名,bì yě zhèng míng
必由之路,bì yóu zhī lù
必争之地,bì zhēng zhī dì
毕恭毕敬,bì gōng bì jìng
毕力同心,bì lì tóng xīn
毕雨箕风,bì yǔ jī fēng
闭壁清野,bì bì qīng yiě
闭阁思过,bì gé sī guò
闭阁自责,bì gé zì zé
闭关绝市,bì guān jué shì
闭关却扫,bì guān què sǎo
闭关锁国,bì guān suǒ guó
闭关自守,bì guān zì shǒu
闭关自主,bì guān zì zhǔ
闭合思过,bì gé sī guò
闭合自责,bì gé zì zé
闭户读书,bì hù dú shū
闭境自守,bì jìng zì shǒu
闭口捕舌,bì kǒu bǔ shé
闭口不言,bì kǒu bù yán
闭口藏舌,bì kǒu cáng shé
闭口结舌,bì kǒu jié shé
闭口无言,bì kǒu wú yán
闭门不出,bì mén bù chū
闭门不纳,bì mén bù nà
闭门读书,bì mén dú shū
闭门酣歌,bì mén hān gē
闭门合辙,bì kǒu hé shé
闭门墐户,bì kǒu jǐn hù
闭门觅句,bì mén mì jù
闭门却轨,bì kǒu què guǐ
闭门却扫,bì mén què sǎo
闭门塞窦,bì kǒu sè dòu
闭门塞户,bì kǒu sè hù
闭门扫轨,bì mén sǎo guǐ
闭门扫迹,bì kǒu sǎo guǐ
闭门埽轨,bì mén sào guǐ
闭门思过,bì mén sī guò
闭门思愆,bì gé sī qiān
闭门投辖,bì mén tóu xiá
闭门造车,bì mén zào chē
闭门自守,bì mén zì shǒu
闭明塞聪,bì míng sè cōng
闭目塞聪,bì mù sāi cōng
闭目塞耳,bì mù sè ěr
闭目塞听,bì mù sè tīng
闭月羞花,bì yuè xiū huā
荜门圭窦,bì mén guī dòu
毙而后已,bì ér hòu yǐ
婢膝奴颜,bì xī nú yán
婢作夫人,bì zuò fū rén
敝盖不弃,bǐ gài bù qì
敝鼓丧豚,bì gǔ sàng tún
敝绨恶粟,bì tí è sù
敝綈恶粟,bì tì è sù
敝帷不弃,bǐ wéi bù qì
敝衣粝食,bì yī lì shí
敝衣枵腹,bì yī xiāo fù
敝帚千金,bì zhǒu qiān jīn
敝帚自享,bì zhǒu zì xiǎng
敝帚自珍,bì zhǒu zì zhēn
筚路蓝缕,bì lù lán lǚ
筚路褴褛,bì lù lán lǚ
筚门圭窬,bì mén guī yú
筚门闺窦,bì mén guī dòu
弊车羸马,bì chē léi mǎ
弊绝风清,bì jué fēng qīng
弊衣箪食,bì yī dān shí
弊衣疏食,bì yī shū shí
弊衣蔬食,bì yī shū shí
弊帚千金,bì zhǒu qiān jīn
弊帚自珍,bì zhǒu zì zhén
碧海青天,bì hǎi qīng tiān
碧鬟红袖,bì huán hóng xiù
碧空如洗,bì kōng rú xǐ
碧空万里,bì kōng wàn lǐ
碧落黄泉,bì luò huáng quán
碧血丹心,bì xuè dān xīn
蔽聪塞明,bì cōng sè míng
蔽明塞聪,bì míng sè cōng
蔽日干云,bì rì gān yún
蔽日遮天,bì rì zhē tiān
壁间蛇影,bì jiān shé yǐng
壁垒森严,bì lěi sēn yán
壁立千仞,bì lì qiān rèn
避而不谈,bì ér bù tán
避烦斗捷,bì fán dòu jié
避瓜防李,bì guā fáng lǐ
避害就利,bì hài jiù lì
避毁就誉,bì fuǐ jiù yù
避祸就福,bì huò jiù fú
避祸求福,bì huò qiú fù
避迹藏时,bì jì cáng shí
避迹违心,bì jì wéi xīn
避井入坎,bì jǐng rù kǎn
避阱入坑,bì jǐng rù kéng
避穽入坑,bì jǐng rù kēng
避军三舍,bì jūn sān shè
避君三舍,bì jūn sān shè
避坑落井,bì kēng luò jǐng
避李嫌瓜,bì lǐ xián guā
避凉附炎,bì liáng fù yán
避面尹邢,bì miàn yǐn xíng
避难就易,bì nán jiù yì
避难趋易,bì nán qiù yì
避溺山隅,bì nì shān yú
避强打弱,bì qiáng dǎ ruò
避强击惰,bì qiáng jī duò
避强击弱,bì qiáng jī ruò
避让贤路,bì ràng xián lù
避人耳目,bì rén ěr mù
避人眼目,bì rén yǎn mù
避实击虚,bì shí jī xū
避实就虚,bì shí jiù xū
避世金马,bì shì jīn mǎ
避世金门,bì shì jīn mén
避世绝俗,bì shì jué sú
避世离俗,bì shì lí sú
避世墙东,bì shì qiáng dōng
避俗趋新,bì sú qū xīn
避凶趋吉,bì xiōng qū jí
避影敛迹,bì yǐng liǎn jì
避影匿形,bì yǐng nì xíng
避之若浼,bì zhī ruò měi
避重就轻,bì zhòng jiù qīng
避重逐轻,bì zhòng zhú qīng
臂有四肘,bì yǒu sì zhǒu
髀里肉生,bì lǐ ròu shēng
髀肉复生,bì ròu fù shēng
璧合珠连,bì hé zhū lián
璧合珠联,bì hé zhū lián
璧坐玑驰,bì zuò jī chí
边尘不惊,biān chén bù jīng
砭庸针俗,biān yōng zhén sú
鞭辟近里,biān bì jìn lǐ
鞭辟入里,biān pì rù lǐ
鞭辟向里,biān bì xiàng lǐ
鞭辟着里,biān bì zhuó lǐ
鞭不及腹,biān bù jí fù
鞭长不及,biān cháng bù jí
鞭长驾远,biān cháng jià yuǎn
鞭长莫及,biān cháng mò jí
鞭驽策蹇,biān nú cè jiǎn
鞭擗进里,bīan pì jìn lǐ
鞭擗向里,biān bì xiàng lǐ
鞭丝帽影,biān sī mào yǐng
鞭约近里,biān yuē jīn lǐ
抃风舞润,biàn fēng wǔ rùn
抃风儛润,biàn fēng wǔ rùn
便辞巧说,biàn cí qiǎo shuō
便宜从事,bián yú cóng shì
便宜施行,bián yú shī xíng
便宜行事,biàn yì xíng shì
变本加厉,biàn běn jiā lì
变动不居,biàn dòng bù jū
变风改俗,biàn fēng yì sú
变风易俗,biàn fēng yì sú
变躬迁席,biàn gōng qiān xí
变古乱常,biàn gǔ luàn cháng
变古易常,biàn gǔ yì cháng
变古易俗,biàn gǔ yì sú
变故易常,biàn gǔ yì cháng
变化不测,biàn huà bù cè
变化不穷,biàn huà bù qióng
变化多端,biàn huà duō duān
变化莫测,biàn huà mò cè
变化如神,biàn huà rú shén
变化无常,biàn huà wú cháng
变化无穷,biàn huà wú qióng
变幻不测,biàn huà bù cè
变幻莫测,biàn huàn mò cè
变幻无常,biàn huàn wú cháng
变幻无穷,biàn huàn wú qióng
变醨养瘠,biàn lí yǎng jí
变脸变色,biàn liǎn biàn sè
变名易姓,biàn míng yì xìng
变容改俗,biàn róng gǎi sú
变色易容,biàn sè yì róng
变色之言,biàn sè zhī yán
变生不测,biàn shēng bù cè
变生肘腋,biàn shēng zhǒu yè
变俗易教,biàn sú yì jiào
变态百出,biàn tài běi chū
变贪厉薄,biǎn tān lì bó
变危为安,biàn wēi wéi ān
变心易虑,biàn xīn yì lǜ
变炫无穷,biàn xuán wú qióng
变颜变色,biàn yán biàn sè
遍地开花,biàn dì kāi huā
遍体鳞伤,biàn tǐ lín shāng
辨日炎凉,biàn rì yán liáng
辨如悬河,biàn rú xuán hé
辨若悬河,biàn ruò xuán hé
辨物居方,biàn wù jū fāng
辩才无碍,biàn cái wú ài
辩才无阂,biàn cái wú hé
辩口利辞,biàn kǒu lì cí
辩口利舌,biàn kǒu lì cí
彪炳千古,biāo bǐng qiān gǔ
彪形大汉,biāo xíng dà hàn
标情夺趣,biāo qíng duó qù
标同伐异,biāo tóng fá yì
标新创异,biāo xīn chuàng yì
标新竞异,biāo xīn jìng yì
标新立异,biāo xīn lì yì
标新领异,biāo xīn lǐng yì
标新竖异,biāo xīn shù yì
标枝野鹿,biāo zhī yě lù
膘肥体壮,biāo féi tǐ zhuàng
飙发电举,biāo fā diàn jù
飙举电至,biāo jǔ diàn zhì
表里不一,biǎo lǐ bù yī
表里如一,biǎo lǐ rú yī
表里山河,biǎo lǐ shān hé
表里受敌,biǎo lǐ shòu dí
表里为奸,biǎo lǐ wéi jiān
表里相符,biǎo lǐ xiāng fú
表里相济,biǎo lǐ xiāng jì
表里相依,biǎo lǐ xiāng yī
表里相应,biǎo lǐ xiāng yìng
表里一致,biǎo lǐ yī zhì
表面文章,biǎo miàn wén zhāng
摽梅之年,biào mén zhī nián
别抱琵琶,bié bào pí pá
别财异居,bié cái yì jū
别出机杼,bié chū jī zhù
别出手眼,bié chū shǒu yǎn
别出心裁,bié chū xīn cái
别出新裁,bié chū xīn cái
别出新意,bié chū xīn yì
别创一格,bié chuàng yí gé
别风淮雨,bié fēng huái yǔ
别鹤孤鸾,bié hè gū luán
别鹤离鸾,bié hè lí luán
别籍异财,bié jí yì cái
别籍异居,bié jí yì jū
别居异财,bié jū yì cái
别具肺肠,bié jù fèi cháng
别具慧眼,bié jù huì yǎn
别具匠心,bié jù jiàng xīn
别具手眼,bié jù shǒu yǎn
别具心肠,bié jù xīn cháng
别具一格,bié jù yī gé
别具只眼,bié jù zhī yǎn
别开蹊径,bié kāi xī jìng
别开生面,bié kāi shēng miàn
别开一格,bié kāi yí gé
别来无恙,bié lái wú yàng
别类分门,bié lèi fān mén
别生枝节,bié shēng zhī jié
别树一旗,bié shù yī qí
别树一帜,bié shù yī zhì
别无长物,bié wú cháng wù
别无二致,bié wú èr zhì
别无他物,bié wú tā wù
别有洞天,bié yǒu dòng tiān
别有肺肠,bié yǒu fèi cháng
别有风趣,bié yǒu fēng qù
别有风味,bié yǒu fēng wèi
别有人间,bié yǒu rén jiān
别有天地,bié yǒu tiān dì
别有心肠,bié yǒu xīn cháng
别有心肝,bié yǒu xīn gān
别有用心,bié yǒu yòng xīn
别有滋味,bié yǒu zī wèi
别置一喙,bié zhì yī huì
别作良图,bié zuò liáng tú
别作一眼,bié zuò yī yǎn
宾饯日月,bīn jiàn rì yuè
宾客如云,bīn kè rú yún
宾客迎门,bīn kè yíng mén
宾客盈门,bīn kè yíng mén
宾来如归,bīn lái rú guī
宾朋满座,bīn péng mǎn zuò
宾入如归,bīn rù rú guī
宾餿日月,bīn jiàn rì yuè
宾至如归,bīn zhì rú guī
彬彬济济,bīn bīn jǐ jǐ
彬彬有礼,bīn bīn yǒu lǐ
鬓乱钗横,bìn luàn chāi héng
冰寒于水,bīng hán yú shuǐ
冰壶秋月,bīng hú qiū yuè
冰魂素魄,bīng hún sù pò
冰魂雪魄,bīng hún xuě pò
冰肌雪肠,bīng jī xuě cháng
冰肌玉骨,bīng jī yù gǔ
冰洁玉清,bīng jié yù qīng
冰洁渊清,bīng jié yuān qīng
冰解的破,bīng jiě dì pò
冰解冻释,bīng jiě dòng shì
冰解壤分,bīng jiě rǎng fēn
冰解云散,bīng jiě yún sàn
冰壸秋月,bīng kǔn qiū yuè
冰清水冷,bīng qīng shuǐ lěng
冰清玉粹,bīng qīng yù cuì
冰清玉洁,bīng qīng yù jié
冰清玉润,bīng qīng yù rùn
冰散瓦解,bīng sàn wǎ jiě
冰山难靠,bīng shān nán kào
冰山易倒,bīng shān yì dǎo
冰炭不投,bīng tàn bù tóu
冰天雪地,bīng tiān xuě dì
冰天雪窖,bīng tiān xuě jiào
冰天雪窑,bīng tiān xuě jiào
冰消冻解,bīng xiāo dòng jiě
冰消瓦解,bīng xiāo wǎ jiě
冰消雾散,bīng xiāo wù sàn
冰消雪释,bīng xiāo xuě shì
冰消云散,bīng xiāo yún sàn
冰销雾散,bīng xiāo wù sàn
冰销叶散,bīng xiāo yè sàn
冰心一片,bīng xīn yī piàn
冰雪聪明,bīng xuě cōng míng
冰雪严寒,bīng xuě yán hán
兵不接刃,bīng bù jiē rèn
兵不污刃,bīng bù wū rèn
兵不雪刃,bīng bù xuě rèn
兵不血刃,bīng bù xuè rèn
兵不厌权,bīng bù yàn quán
兵不厌诈,bīng bù yàn zhà
兵不由将,bīng bù yóu jiàng
兵车之会,bīng chē zhī huì
兵出无名,bīng chū wú míng
兵多将广,bīng duō jiàng guǎng
兵多者败,bīng duō zhě bài
兵戈扰攘,bīng gē rǎo rǎng
兵贵神速,bīng guì shén sù
兵贵先声,bīng guì xiān shēng
兵荒马乱,bīng huāng mǎ luàn
兵慌马乱,bīng huāng mǎ luàn
兵精粮足,bīng jīng liáng zú
兵连祸接,bīng lián huò jiē
兵连祸结,bīng lián huò jié
兵临城下,bīng lín chéng xià
兵拏祸结,bīng ná huò jié
兵强将勇,bīng qiáng àng yǒng
兵强马壮,bīng qiáng mǎ zhuàng
兵强则灭,bīng qiáng zé miè
兵戎相见,bīng róng xiāng jiàn
兵微将寡,bīng wēi jiàng guǎ
兵未血刃,bīng wèi xuě rèn
兵闻拙速,bīng wén zhuō sù
兵无常势,bīng wú cháng shì
兵无常形,bīng wú cháng xíng
兵无血刃,bīng wú xuè rèn
兵销革偃,bīng xiāo gé yǎn
兵行诡道,bīng xíng guǐ dào
兵凶战危,bīng xiōng zhàn wēi
兵在其颈,bīng zài qí jǐng
掤扒吊拷,bīng bā diào kǎo
秉笔直书,bǐng bǐ zhí shū
秉公办理,bǐng gōng bàn lǐ
秉公灭私,bǐng gōng miè sī
秉公任直,bǐng gōng rèn zhí
秉公无私,bǐng gōng wú sī
秉节持重,bǐng jié chí zhòng
秉钧持轴,bǐng jūn chí zhóu
秉钧当轴,bǐng jūn dāng zhóu
秉文兼武,bǐng wén jiān wǔ
秉文经武,bǐng wén jīng wǔ
秉要执本,bǐng yào zhí běn
秉正无私,bǐng zhèng wú sī
秉烛待旦,bǐng zhú dài dàn
秉烛夜游,bǐng zhú yè yóu
炳炳焤焤,bǐng bǐng lǎng lǎng
炳如观火,bǐng rú guān huǒ
炳如日星,bǐng rú rì xīng
炳若观火,bǐng ruò guān huǒ
炳若日星,bǐng ruò rì xīng
炳烛夜游,bǐng zhú yè yóu
禀性难移,bǐng xìng nán yí
并存不悖,bìng cún bù bèi
并蒂芙蓉,bìng dì fú róng
并驾齐驱,bìng jià qí qū
并疆兼巷,bìng jiāng jiān xiàng
并驱争先,bìng qū zhēng xiān
并日而食,bìng rì ér shí
并容徧覆,bìng róng biàn fù
并世无两,bìng shì wú liǎng
并威偶势,bìng wēi ǒu shì
并为一谈,bìng wéi yī tán
并行不悖,bìng xíng bù bèi
并赃拿贼,bìng zhuō ná zéi
病病歪歪,bìng bìng wāi wāi
病从口入,bìng cóng kǒu rù
病骨支离,bìng gǔ zhī lí
病国殃民,bìng guó yāng mín
病民蛊国,bìng mín gǔ guó
病民害国,bìng mín hài guó
病魔缠身,bìng mó chán shēn
病染膏肓,bìng rǎn gāo huāng
病入膏肓,bìng rù gāo huāng
病入骨髓,bìng rù gǔ suǐ
病入骨雜,bìng rù gǔ suǐ
病由口入,bìng yóu kǒu rù
病在膏肓,bìng zài gāo huāng
拨草寻蛇,bō cǎo xún shé
拨草瞻风,bō cǎo zhān fēng
拨乱反正,bō luàn fǎn zhèng
拨乱反治,bō luàn fǎn zhì
拨乱济时,bō luàn jì shí
拨乱济危,bō luàn jì wēi
拨乱为治,bō luàn wéi zhì
拨万轮千,bō wàn lún qiān
拨万论千,bō wàn lùn qiān
拨雨撩云,bō yǔ liáo yún
拨云睹日,bō yún dǔ rì
拨云见日,bō yún jiàn rì
拨云撩雨,bō yún liáo yǔ
拨嘴撩牙,bō zuǐ liáo yá
波波碌碌,bō bō lù lù
波光粼粼,bō guāng lín lín
波光鳞鳞,bō guāng lín lín
波骇云属,bō hài yún zhǔ
波谲云诡,bō jué yún guǐ
波澜老成,bō lán lǎo chéng
波澜壮阔,bō lán zhuàng kuò
波流茅靡,bō liú máo mǐ
波路壮阔,bō lù zhuàng kuò
波罗塞戏,bō luó sāi xì
波罗奢花,bō luó shē huā
波涛汹涌,bō tāo xiōng yǒng
波属云委,bō zhǔ yún wěi
剥床及肤,bō chuáng jí fū
剥肤及髓,bō fū jí suǐ
剥肤之痛,bō fū zhī tòng
剥肤椎髓,bō fū chuí suǐ
剥极必复,bō jí bì fù
剥极将复,bō jí jiāng fù
剥极则复,bō jí zé fù
剥茧抽丝,bō jiǎn chōu sī
剥皮抽筋,bō pí chōu jīn
播穅眯目,bō kāng mǐ mù
播糠眯目,bō kāng mǐ mù
播弄是非,bō nòng shì fēi
伯道无儿,bó dào wú ér
伯歌季舞,bó gē jì wǔ
伯劳飞燕,bó láo fēi yàn
伯乐相马,bó lè xiàng mǎ
伯乐一顾,bō lè yī gù
伯埙仲篪,bó xūn zhòng chí
伯玉知非,bó yù zhī fēi
伯仲叔季,bó zhòng shū jì
伯仲之间,bó zhòng zhī jiān
勃然变色,bó rán biàn sè
勃然大怒,bó rán dà nù
勃然奋励,bó rán fèn lì
博采众长,bó cǎi zhòng cháng
博采众议,bó cǎi zhòng yì
博大精深,bó dà jīng shēn
博而不精,bó ér bù jīng
博而寡要,bó ér guǎ yào
博古通今,bó gǔ tōng jīn
博览古今,bó lǎn gǔ jīn
博览群书,bó lǎn qún shū
博览五车,bó lǎn wǔ chē
博洽多闻,bó qià duō wén
博施济众,bó shī jì zhòng
博识多通,bó shí duō tōng
博士买驴,bó shì mǎi lǘ
博硕肥腯,bó shuò féi tú
博通经籍,bó tōng jīng jí
博文约礼,bó wén yuè lǐ
博闻辩言,bó wén biàn yán
博闻多识,bó wén duō shí
博闻强记,bó wén qiáng jì
博闻强识,bó wén qiáng zhì
博闻强志,bó wén qiáng zhì
博物多闻,bó wù duō wén
博物君子,bó wù jūn zǐ
博物洽闻,bó wù qià wén
博学多才,bó xué duō cái
博学多闻,bó xué duō wén
博学洽闻,bó xué qià wén
博弈犹贤,bō yì yóu xián
渤澥桑田,bó xiè sāng tián
搏牛之虻,bó niú zhī méng
搏手无策,bó shǒu wú cè
踣地呼天,bó dì hū tiān
薄唇轻言,báo chún qīng yán
薄寒中人,bó hán zhòng rén
薄技在身,bó jì zài shēn
薄命佳人,bó mìng jiā rén
薄暮冥冥,bó mù míng míng
薄情无义,báo qíng wú yì
薄物细故,bó wù xì gù
跛鳖千里,bǒ biē qiān lǐ
跛行千里,bǒ xíng qiān lǐ
簸土扬沙,bǒ tǔ yáng shā
擘肌分理,bò jī fēn lǐ
擘两分星,bó liǎng fēn xīng
逋慢之罪,bū màn zhī zuì
逋逃之臣,bū táo zhī chén
逋逃之薮,bū táo zhī sǒu
卜夜卜昼,bǔ yè bǔ zhòu
卜昼卜夜,bǔ zhòu bǔ yè
补过拾遗,bǔ guò shí yí
补过饰非,bǔ guò shì fēi
补苴罅漏,bǔ jū xià lòu
补牢顾犬,bǔ láo gù quǎn
补偏救弊,bǔ piān jiù bì
补阙灯檠,bǔ quē dēng qíng
补阙挂漏,bǔ quē guà lòu
补阙拾遗,bǔ quē shí yí
补天浴日,bǔ tiān yù rì
补天柱地,bǔ tiān zhù dì
哺糟啜醨,bǔ zāo chuò lí
哺糟歠醨,bǔ zāo chuò lí
捕风捉影,bǔ fēng zhuō yǐng
捕影系风,bǔ yǐng xì fēng
不安其室,bù ān qí shì
不安于室,bù ān yú shì
不安于位,bù ān yú wèi
不按君臣,bù àn jūn chén
不拔一毛,bù bá yì máo
不拔之志,bù bá zhī zhì
不白之冤,bù bái zhī yuān
不败之地,bù bài zhī dì
不卑不亢,bù bēi bù kàng
不辟斧钺,bù bì fǔ yuè
不避斧钺,bù bì fǔ yuè
不避艰险,bù bì jiān xiǎn
不避水火,bù bì shuǐ huǒ
不避汤火,bù bì tāng huǒ
不便水土,bù biàn shuǐ tǔ
不辨菽麦,bù biàn shū mài
不辨菽粟,bù biàn shū sù
不辨真伪,bù biàn zhēn wěi
不辩菽麦,bù biàn shū mài
不步人脚,bù bù rén jiǎo
不测之祸,bù cè zhī huò
不测之忧,bù cè zhī yōu
不测之罪,bù cè zhī zuì
不茶不饭,bù chá bù fàn
不差毫发,bù chā háo fà
不差毫厘,bù chā háo lí
不差累黍,bù chā lěi shǔ
不差上下,bù chā shàng xià
不臣之心,bù chén zhī xīn
不成三瓦,bù chéng sān wǎ
不成体统,bù chéng tǐ tǒng
不逞之徒,bù chěng zhī tú
不痴不聋,bù chī bù lóng
不齿于人,bù chǐ yú rén
不耻下问,bù chǐ xià wèn
不耻最后,bù chǐ zuì hòu
不啻天渊,bù chì tiān yuān
不偢不倸,bù chǒu bù cǎi
不瞅不睬,bù chǒu bù cǎi
不出所料,bù chū suǒ liào
不揣冒昧,bù chuǎi mào mèi
不辞而别,bù cí ér bié
不辞劳苦,bù cí láo kǔ
不次之迁,bù cì zhī qiān
不次之位,bù cì zhī wèi
不存不济,bù cún bù jì
不存芥蒂,bù cún jiè dì
不打自招,bù dǎ zì zhāo
不待蓍龟,bù dài shī guī
不当不正,bù dāng bù zhèng
不当人子,bù dāng rén zǐ
不得不尔,bù dé bù ěr
不得而知,bù dé ér zhī
不得开交,bù dé kāi jiāo
不得其死,bù dé qí sǐ
不得其所,bù dé qí suǒ
不得人心,bù dé rén xīn
不得善终,bù dé shàn zhōng
不得违误,bù dé wéi wù
不得要领,bù dé yào lǐng
不登大雅,bù dēng dà yǎ
不懂装懂,bù dǒng zhuāng dǒng
不动声色,bù dòng shēng sè
不断如带,bù duàn rú dài
不恶而严,bù è ér yán
不二法门,bù èr fǎ mén
不乏其人,bù fá qí rén
不乏先例,bù fá xiān lì
不法常可,bù fǎ cháng kě
不悱不发,bù fěi bù fā
不废江河,bù fèi jiāng hé
不费之惠,bù fèi zhī huì
不分彼此,bù fēn bǐ cǐ
不分伯仲,bù fēn bó zhòng
不分青白,bù fēn qīng béi
不分胜负,bù fēn shèng fù
不分轩轾,bù fēn xuān zhì
不分玉石,bù fēn yù shí
不分皂白,bù fēn zào bái
不分畛域,bù fēn zhěn yù
不愤不启,bù fèn bù qǐ
不丰不俭,bù fēng bù jiǎn
不丰不杀,bù fēng bù shā
不伏烧埋,bù fú shāo mái
不服水土,bù fú shuǐ tǔ
不负众望,bù fù zhòng wàng
不复堪命,bù fù kān mìng
不改其乐,bù gǎi qí lè
不干不净,bù gān bù jìng
不甘雌伏,bù gān cí fú
不甘后人,bù gān hòu rén
不甘寂寞,bù gān jì mò
不甘示弱,bù gān shì ruò
不尴不尬,bù gān bù gà
不敢高攀,bù gǎn gāo pān
不敢告劳,bù gǎn gào láo
不敢苟同,bù gǎn gǒu tóng
不敢后人,bù gǎn hòu rén
不敢掠美,bù gǎn lüè měi
不敢旁骛,bù gǎn páng wù
不敢问津,bù gǎn wèn jīn
不敢造次,bù gǎn zào cì
不敢自专,bù gǎn zì zhuān
不根之论,bù gēn zhī lùn
不根之谈,bù gān zhī tán
不攻自破,bù gōng zì pò
不共戴天,bù gòng dài tiān
不苟言笑,bù gǒu yán xiào
不古不今,bù gǔ bù jīn
不瞽不聋,bù gǔ bù lóng
不顾大局,bù gù dà jú
不顾前后,bù gù qián hòu
不顾死活,bù gù sǐ huó
不顾一切,bù gù yī qiè
不关紧要,bù guān jǐn yào
不关痛痒,bù guān tòng yǎng
不管不顾,bù guǎn bù gù
不管一二,bù guǎn yī èr
不龟手药,bù guī shǒu yào
不轨之徒,bù guǐ zhī tú
不过尔尔,bù guò ěr ěr
不寒而栗,bù hán ér lì
不好意思,bù hǎo yì sī
不合时宜,bù hé shí yí
不哼不哈,bù hēng bù hā
不护细行,bù hù xì xíng
不怀好意,bù huái hào yì
不欢而散,bù huān ér sàn
不慌不忙,bù huāng bù máng
不遑枚举,bù huáng méi jǔ
不遑宁处,bù huáng níng chǔ
不遑宁息,bù huáng níng xī
不遑启处,bù huáng qǐ chǔ
不遑暇食,bù huáng xiá shí
不讳之朝,bù huì zhī cháo
不讳之路,bù huì zhī lù
不讳之门,bù huì zhī mén
不惑之年,bù huò zhī nián
不饥不寒,bù jī bù hán
不羁之才,bù jī zhī cái
不羁之民,bù jī zhī mín
不及之法,bù jí zhī fǎ
不即不离,bù jí bù lí
不急之务,bù jí zhī wù
不疾不徐,bù jí bù xú
不计其数,bù jì qí shù
不记前仇,bù jì qián chóu
不加思索,bù jiā sī suǒ
不假思索,bù jiǎ sī suǒ
不稼不穑,bù jià bù sè
不间不界,bù gān bù gà
不见经传,bù jiàn jīng zhuàn
不见天日,bù jiàn tiān rì
不骄不躁,bù jiāo bù zào
不教而杀,bù jiào ér shā
不教而诛,bù jiào ér zhū
不教之教,bù jiào zhī jiào
不解之仇,bù jiě zhī chóu
不解之缘,bù jiě zhī yuán
不今不古,bù jīn bù gǔ
不矜不伐,bù jīn bù fá
不矜细行,bù jīn xì xíng
不紧不慢,bù jīn bù màn
不近道理,bù jìn dào lǐ
不近人情,bù jìn rén qíng
不进则退,bù jìn zé tuì
不禁不由,bù jīn bù yóu
不经世故,bù jīng shì gù
不经之说,bù jīng zhī shuō
不经之谈,bù jīng zhī tán
不经之语,bù jīng zhī yǔ
不胫而走,bù jìng ér zǒu
不揪不采,bù jiū bù cǎi
不揪不採,bù jiū bù cǎi
不揪不睬,bù chǒu bù cǎi
不咎既往,bù jiù jì wǎng
不拘细节,bù jū xì jié
不拘细行,bù jū xì xíng
不拘小节,bù jū xiǎo jié
不拘形迹,bù jū xíng jī
不拘一格,bù jū yī gé
不绝如带,bù jué rú dài
不绝如发,bù jué rú fà
不绝如缕,bù jué rú lǚ
不绝如线,bù jué rú xiàn
不绝若线,bù jué ruò xiàn
不绝于耳,bù jué yú ěr
不觉技痒,bù jué jì yǎng
不刊之典,bù kān zhī diǎn
不刊之论,bù kān zhī lùn
不刊之书,bù kān zhī shū
不刊之说,bù kān zhī shuō
不堪回首,bù kān huí shǒu
不堪其忧,bù kān qí yōu
不堪入耳,bù kān rù ěr
不堪入目,bù kān rù mù
不堪设想,bù kān shè xiǎng
不堪言状,bù kān yán zhuàng
不堪一击,bù kān yī jī
不堪造就,bù kān zào jiù
不亢不卑,bù kàng bù bēi
不抗不卑,bù kàng bù bēi
不可动摇,bù kě dòng yáo
不可端倪,bù kě duān ní
不可多得,bù kě duō dé
不可告人,bù kě gào rén
不可教训,bù kě jiào xùn
不可究诘,bù kě jiū jié
不可救疗,bù kě jiù liáo
不可救药,bù kě jiù yào
不可开交,bù kě kāi jiāo
不可揆度,bù kě kuí duó
不可理喻,bù kě lǐ yù
不可枚举,bù kě méi jǔ
不可名状,bù kě míng zhuàng
不可摸捉,bù kě mō zhuō
不可磨灭,bù kě mó miè
不可奈何,bù kě mài hé
不可偏废,bù kě piān fèi
不可企及,bù kě qǐ jí
不可胜道,bù kě shèng dào
不可胜计,bù kě shèng jì
不可胜记,bù kě shèng jì
不可胜纪,bù kě shèng jì
不可胜举,bù kě shèng jù
不可胜数,bù kě shèng shǔ
不可胜算,bù kě shèng suàn
不可胜言,bù kě shèng yán
不可收拾,bù kě shōu shí
不可思议,bù kě sī yì
不可限量,bù kě xiàn liàng
不可乡迩,bù kě xiāng ěr
不可向迩,bù kě xiàng ěr
不可言传,bù kě yán chuán
不可言宣,bù kě yán xuān
不可言喻,bù kě yán yù
不可言状,bù kě yán zhuàng
不可一世,bù kě yī shì
不可移易,bù kě yí yì
不可逾越,bù kě yú yuè
不可造次,bù kě zào cì
不可终日,bù kě zhōng rì
不可捉摸,bù kě zhuō mō
不媿下学,bù kuì xià xué
不愧不作,bù kuì bù zuò
不愧不怍,bù kuì bù zuò
不愧屋漏,bù kuì wū lòu
不愧下学,bù kuì xià xué
不郎不秀,bù láng bù xiù
不稂不莠,bù láng bù yǒu
不劳而成,bù láo ér chéng
不劳而获,bù láo ér huò
不冷不热,bù lěng bù rè
不立文字,bù lì wén zì
不凉不酸,bù liáng bù suān
不了不当,bù liǎo bù dàng
不了而了,bù liǎo ér liǎo
不了了之,bù liǎo liǎo zhī
不劣方头,bù liè fāng tóu
不磷不缁,bù lín bù zī
不吝赐教,bù lìn cì jiào
不吝指教,bù lìn zhǐ jiào
不吝珠玉,bù lìn zhū yù
不留余地,bù liú yú dì
不露锋芒,bù lù fēng máng
不露锋铓,bù lù fēng huì
不露圭角,bù lù guī jiǎo
不露神色,bù lù shén sè
不露声色,bù lù shēng sè
不露形色,bù lù xíng sè
不伦不类,bù lún bù lèi
不落边际,bù luò biān jì
不落窠臼,bù luò kē jiù
不落俗套,bù luò sú tào
不蔓不支,bù màn bù zhī
不蔓不枝,bù màn bù zhī
不忙不暴,bù máng bù bào
不毛之地,bù máo zhī dì
不名一格,bù míng yī gé
不名一钱,bù míng yī qián
不名一文,bù míng yī wén
不明不白,bù míng bù bái
不谋而合,bù móu ér hé
不谋而同,bù móu ér tóng
不谋同辞,bù móu tóng cí
不牧之地,bù mù zhī dì
不奈之何,bù nai zhī hé
不挠不屈,bù náo bù qū
不挠不折,bù náo bù zhé
不能自拔,bù néng zì bá
不能自已,bù néng zì yǐ
不念旧恶,bù niàn jiù è
不宁唯是,bù níng wéi shì
不偏不党,bù piān bù dǎng
不偏不倚,bù piān bù yǐ
不平则鸣,bù píng zé míng
不破不立,bù può bù lì
不期而会,bù qī ér huì
不期而然,bù qī ér rán
不期而同,bù qī ér tóng
不期而遇,bù qī ér yù
不期修古,bù qī xiū gǔ
不欺闇室,bù qī àn shì
不欺暗室,bù qī àn shì
不欺屋漏,bù qī wū lòu
不弃草昧,bù qì cǎo mèi
不迁之庙,bù qiān zhī miào
不切实际,bù qiē shí jì
不勤而获,bù qín ér huò
不擒二毛,bù qín èr máo
不轻然诺,bù qīng rán nuò
不情之请,bù qíng zhī qǐng
不求甚解,bù qiú shèn jiě
不求闻达,bù qiú wén dá
不屈不挠,bù qū bù náo
不染一尘,bù rǎn yī chén
不仁不义,bù rén bù yì
不忍卒读,bù rěn zú dú
不日不月,bù rì bù yuè
不容分说,bù róng fēn shuō
不容置辩,bù róng zhì biàn
不容置喙,bù róng zhì huì
不容置疑,bù róng zhì yí
不如归去,bù rú guī qù
不辱使命,bù rǔ shǐ mìng
不入时宜,bù rù shí yí
不三不四,bù sān bù sì
不僧不俗,bù sēng bù sú
不衫不履,bù shān bù lǚ
不伤脾胃,bù shāng pí wèi
不赏之功,bù shǎng zhī gōng
不上不落,bù shàng bù luò
不上不下,bù shàng bù xià
不舍昼夜,bù shě zhòu yè
不甚了了,bù shèn liǎo liǎo
不生不灭,bù shēng bù miè
不声不吭,bù shēng bù kēng
不声不气,bù shēng bù qì
不声不响,bù shēng bù xiǎng
不胜杯杓,bù shèng bēi sháo
不胜梘杓,bù shèng bēi sháo
不胜枚举,bù shèng méi jǔ
不胜其烦,bù shèng qí fán
不胜其苦,bù shèng qí kǔ
不胜其任,bù shèng qí rèn
不省人事,bù xǐng rén shì
不失圭撮,bù shī guī cuō
不失毫厘,bù shī háo lí
不失时机,bù shī shí jī
不失黍絫,bù shī shǔ lěi
不时之须,bù shí zhī xū
不时之需,bù shí zhī xū
不识不知,bù shí bù zhī
不识大体,bù shí dà tǐ
不识东家,bù shí dōng jiā
不识高低,bù shí gāo dī
不识好歹,bù shí hǎo dǎi
不识局面,bù shí jú miàn
不识马肝,bù shí mǎ gān
不识起倒,bù shí qǐ dǎo
不识时务,bù shí shí wù
不识抬举,bù shí tái jǔ
不识泰山,bù shí tài shān
不识一丁,bù shí yī dīng
不识之无,bù shí zhī wú
不食马肝,bù shí mǎ gān
不食烟火,bù shí yān huǒ
不食之地,bù shí zhī dì
不食周粟,bù shí zhōu sù
不世之功,bù shì zhī gōng
不世之业,bù shì zhī yè
不事边幅,bù shì biān fú
不爽毫发,bù shuǎng háo fā
不爽累黍,bù shuǎng lèi shǔ
不死不活,bù sǐ bù huó
不速之客,bù sù zhī kè
不随以止,bu shui yi zi
不贪为宝,bù tān wé bǎo
不腆之仪,bù tiǎn zhī yí
不挑之祖,bù tiāo zhī zǔ
不祧之宗,bù tiāo zhī zōng
不祧之祖,bù tiāo zhī zǔ
不通水火,bù tōng shuǐ huǒ
不同戴天,bù tóng dài tiān
不同凡响,bù tóng fán xiǎng
不同流俗,bù tóng liú sú
不痛不痒,bù tòng bù yǎng
不吐不茹,bù tǔ bù rú
不忘沟壑,bù wàng gōu hè
不忘故旧,bù wàng gù jiù
不为已甚,bù wéi yǐ shèn
不违农时,bù wéi nóng shí
不文不武,bù wén bù wǔ
不闻不问,bù wén bù wèn
不问不闻,bù wèn bù wén
不问皂白,bù wèn zào bái
不猧不魀,bù wō bù gà
不无小补,bù wú xiǎo bǔ
不舞之鹤,bù wǔ zhī hè
不务空名,bù wù kōng míng
不务正业,bù wù zhèng yè
不惜工本,bù xī gōng běn
不习地土,bù xí dì tǔ
不习水土,bù xí shuǐ tǔ
不習水土,bù xí shuǐ tǔ
不咸不淡,bù xián bù dàn
不相上下,bù xiāng shàng xià
不相为谋,bù xiāng wéi móu
不相闻问,bù xiāng wén wèn
不相问闻,bù xiāng wèn wén
不祥之兆,bù xiáng zhī zhào
不晓世务,bù xiǎo shì wù
不肖子孙,bù xiào zǐ sūn
不屑毁誉,bù xiè huǐ yù
不屑教诲,bù xiè jiào huì
不屑一顾,bù xiè yī gù
不修边幅,bù xiū biān fú
不修小节,bù xiū xiǎo jié
不羞当面,bù xiū dāng miàn
不脩边幅,bù xiū biān fú
不虚此行,bù xū cǐ xíng
不徐不疾,bù xú bù jí
不恤人言,bù xù rén yán
不学无识,bù xué wú shí
不学无术,bù xué wú shù
不徇私情,bù xún sī qíng
不言不语,bù yán bù yǔ
不言而信,bù yán ér xìn
不言而谕,bù yán ér yù
不言而喻,bù yán ér yù
不厌其烦,bù yàn qí fán
不厌其繁,bù yàn qí fán
不厌其详,bù yàn qí xiáng
不药而愈,bù yào ér yù
不一而足,bù yī ér zú
不依不饶,bù yī bù ráo
不壹而三,bù yī ér sān
不壹而足,bù yī ér zú
不夷不惠,bù yí bù huì
不遗寸长,bù yí cùn cháng
不遗巨细,bù yí jù xì
不遗余力,bù yí yú lì
不以为耻,bù yǐ wéi chǐ
不以为奇,bù yǐ wéi qí
不以为然,bù yǐ wéi rán
不以为意,bù yǐ wéi yì
不义之财,bù yì zhī cái
不亦乐乎,bù yì lè hū
不亦善夫,bù yi shàn fū
不易一字,bù yì yī zì
不易之典,bù yì zhī diǎn
不易之论,bù yì zhī lùn
不翼而飞,bù yì ér fēi
不因不由,bù yīn bù yóu
不因人热,bù yīn rén rè
不阴不阳,bù yīn bù yáng
不饮盗泉,bù yǐn dào quán
不由分说,bù yóu fēn shuō
不由自主,bù yóu zì zhǔ
不虞之誉,bù yú zhī yù
不远千里,bù yuǎn qiān lǐ
不远万里,bù yuǎn wàn lǐ
不约而同,bù yuē ér tóng
不越雷池,bù yuè léi shi
不在话下,bù zài huà xià
不赞一词,bù zàn yī cí
不择生冷,bù zé shēng lěng
不择手段,bù zé shǒu duàn
不折不扣,bù zhé bù kòu
不正之风,bù zhèng zhī fēng
不知不觉,bù zhī bù jué
不知颠倒,bù zhī diān dǎo
不知藋蕫,bù zhī dīng dǒng
不知丁董,bù zhī dīng dǒng
不知端倪,bù zhī duān ní
不知凡几,bù zhī fán jǐ
不知甘苦,bù zhī gān kǔ
不知高低,bù zhī gāo dī
不知高下,bù zhī gāo xià
不知好歹,bù zhī hǎo dǎi
不知纪极,bù zhī jì jí
不知进退,bù zhī jìn tuì
不知就里,bù zhī jiù lǐ
不知利害,bù zhī lì hài
不知其详,bù zhī qí xiáng
不知起倒,bù zhī qǐ dǎo
不知寝食,bù zhī qǐn shí
不知轻重,bù zhī qīng zhòng
不知去向,bù zhī qù xiàng
不知肉味,bù zhī ròu wèi
不知深浅,bù zhī shēn qiǎn
不知世务,bù zhī shì wù
不知死活,bù zhī sǐ huó
不知所出,bù zhī suǒ chū
不知所厝,bù zhī suǒ cuò
不知所措,bù zhī suǒ cuò
不知所错,bù zhī suǒ cuò
不知所可,bù zhī suǒ kě
不知所言,bù zhī suǒ yán
不知所以,bù zhī suǒ yǐ
不知所云,bù zhī suǒ yún
不知所终,bù zhī suǒ zhōng
不知疼痒,bù zhī téng yǎng
不知痛痒,bù zhī tòng yǎng
不知头脑,bù zhī tóu nǎo
不知自爱,bù zhī zì ài
不知自量,bù zhī zì liàng
不直一钱,bù zhí yī qián
不直一文,bù zhí yī wén
不值一驳,bù zhí yī bó
不值一顾,bù zhí yī gù
不值一钱,bù zhí yī qián
不值一哂,bù zhí yī shěn
不值一笑,bù zhí yī xiào
不忮不求,bù zhì bù qiú
不治之症,bù zhì zhī zhèng
不栉进士,bù zhì jìn shì
不置褒贬,bù zhì bāo biǎn
不置可否,bù zhì kě fǒu
不主故常,bù zhǔ gù cháng
不追既往,bù zhuī jì wǎng
不着边际,bù zhuó biān jì
不着疼热,bù zhuó téng rè
不自量力,bù zì liàng lì
不自满假,bù zì mǎn jiǎ
不足齿数,bù zú chǐ shǔ
不足挂齿,bù zú guà chǐ
不足介意,bù zú jiè yì
不足轻重,bù zú qīng zhòng
不足为法,bù zú wéi fǎ
不足为据,bù zú wéi jù
不足为虑,bù zú wéi lǜ
不足为凭,bù zú wéi píng
不足为奇,bù zú wéi qí
不足为训,bù zú wéi xùn
不足为意,bù zú wéi yì
不足与谋,bù zú yǔ móu
不做不休,bù zuò bù xiū
布被瓦器,bù bèi wǎ qì
布帛菽粟,bù bó shū sù
布帆无恙,bù fán wú yàng
布颿无恙,bù fān wú yàng
布鼓雷门,bù gǔ léi mén
布裙荆钗,bù qún jīng chāi
布天盖地,bù tiān gài dì
布袜青鞋,bù wà qīng xié
布衣粝食,bù yī lì shí
布衣黔首,bù yī qián shǒu
布衣蔬食,bù yī shū shí
布衣韦带,bù yī wéi dài
布衣之交,bù yī zhī jiāo
步步登高,bù bù dēng gāo
步步高升,bù bù gāo shēng
步步莲花,bù bù lián huā
步步为营,bù bù wéi yíng
步调一致,bù diào yī zhì
步斗踏罡,bù dǒu tà gāng
步罡踏斗,bù gāng tà dǒu
步履蹒跚,bù lǚ pán shān
步履维艰,bù lǚ wéi jiān
步人后尘,bù rén hòu chén
步线行针,bù xiàn xíng zhēn
步雪履穿,bù xuě lǚ chuān
步月登云,bù yuè dēng yún
擦拳磨掌,cā quán mó zhǎng
擦拳抹掌,cā quán mò zhǎng
擦掌磨拳,cā zhǎng mó quán
擦脂抹粉,cā zhī mǒ fěn
猜枚行令,cāi méi xíng lìng
猜拳行令,cāi quán xíng lìng
才蔽识浅,cái bì shí qiǎn
才薄智浅,cāi bó zhì qiǎn
才大难用,cái dà nán yòng
才大如海,cái dà rú hǎi
才德兼备,cái dé jiān bèi
才短气粗,cái duǎn qì cū
才短思涩,cái duǎn sī sè
才多识寡,cái duō shí guǎ
才高八斗,cái gāo bā dǒu
才高七步,cái gāo qī bù
才高气清,cái gāo qì qīng
才高识远,cái gāo shí yuǎn
才高行厚,cái gāo xíng hòu
才高行洁,cái gāo xíng jié
才高意广,cái gāo yì guǎng
才高运蹇,cái gāo yùn jiǎn
才贯二酉,cái guàn èr yǒu
才广妨身,cái guǎng fáng shēn
才过屈宋,cái guò qū sòng
才华超众,cái huá chāo zhòng
才华盖世,cái huá gài shì
才华横溢,cái huá héng yì
才兼文武,cái jiān wén wǔ
才夸八斗,cái kuā bā dǒu
才貌兼全,cái mào jiān quán
才貌俱全,cái mào jù quán
才貌两全,cái mào liǎng quán
才貌双绝,cái mào shuāng jué
才貌双全,cái mào shuāng quán
才墨之薮,cái mò zhī sǒu
才气过人,cái qì guò rén
才气无双,cái qì wú shuāng
才轻德薄,cái qīng dé bó
才识过人,cái shí guò rén
才疏德薄,cái shū dé bó
才疏计拙,cái shū jì zhuō
才疏学浅,cái shū xué qiǎn
才疏意广,cái shū yì guǎng
才疏志大,cái shū zhì dà
才望高雅,cái wàng gāo yǎ
才秀人微,cái xiù rén wēi
才学兼优,cái xué jiān yōu
才占八斗,cái zhān bā dǒu
才子佳人,cái zǐ jiā rén
材薄质衰,cái bó zhì shuāi
材大难用,cái dà nán yòng
材德兼备,cái dé jiān bèi
材高知深,cái gāo zhì shēn
材剧志大,cái jù zhì dà
材茂行洁,cái mào xíng jié
材茂行絜,cái mào xíng jié
材能兼备,cái néng jiān bèi
材轻德薄,cái qīng dé bó
材士练兵,cái shì liàn bīng
材疏志大,cái shū zhì dà
材雄德茂,cái xióng dé mào
材朽行秽,cái xiǔ xíng huì
材优干济,cái yōu gàn jǐ
财不露白,cái bù lù bái
财大气粗,cái dà qì cù
财殚力竭,cái dān lì jié
财殚力尽,cái dān lì jìn
财殚力痡,cái dān lì pū
财竭力尽,cái jié lì jìn
财匮力绌,cái kuì lì chù
财迷心窍,cái mí xīn qiào
财运亨通,cái yùn hēng tōng
裁长补短,cái cháng bǔ duǎn
裁红点翠,cái hóng diǎn cuì
裁心镂舌,cái xīn lòu shé
裁月镂云,cái yuè lòu yún
裁云剪水,cái yún jiǎn shuǐ
采椽不斫,cǎi chuán bù zhuó
采风问俗,cǎi fēng wèn sú
采葑采菲,cǎi fēng cǎi fēi
采凤随鸦,cǎi fèng suí yā
采及葑菲,cǎi jí fēng fēi
采兰赠芍,cǎi lán zèng sháo
采兰赠药,cǎi lán zèng yào
采薪之患,cǎi xīn zhī huàn
采薪之疾,cǎi xīn zhī jí
采薪之忧,cǎi xīn zhī yōu
彩笔生花,cǎi bǐ shēng huā
彩凤随鸦,cǎi fèng suí yā
彩衣娱亲,cǎi yī yú qīn
彩云易散,cǎi yún yì sàn
菜蔬之色,cài shū zhī sè
参差不齐,cēn cī bù qí
参差不一,cēn cī bù yī
参差错落,cēn cī cuò luò
参辰卯酉,shēn chén mǎo yǒu
参辰日月,shēn chén rì yuè
参横斗转,shēn héng dǒu zhuǎn
参回斗转,shēn huí dǒu zhuǎn
参前倚衡,cān qián yǐ héng
参商之虞,shēn shāng zhī yú
参天贰地,cān tiān èr dì
参天两地,cān tiān liǎng dì
参透机关,cān tòu jī guān
参伍错综,cēn wǔ cuò zōng
参伍错纵,cān wǔ cuò zòng
骖风驷霞,cēn fēng sì xiá
骖鸾驭鹤,cān luán yù hè
餐风露宿,cān fēng lù sù
餐风沐雨,cān fēng mù yǔ
餐风啮雪,cān fēng niè xuě
餐风茹雪,cān fēng rú xuě
餐风宿草,cān fēng sù xuě
餐风宿露,cān fēng sù lù
餐风宿水,cān fēng sù shuǐ
餐风宿雨,cān fēng sù yǔ
餐风咽露,cān fēng yàn lù
餐风饮露,cān fēng yǐn lù
餐葩饮露,cān pā yǐn lù
餐松啖柏,cān sōng dàn biǎ
餐松饮涧,cān sōng yǐn jiàn
餐霞漱瀣,cān xiá shù xiè
餐霞吸露,cān xiá xī lù
餐霞饮景,cān xiá yǐn jǐng
餐霞饮瀣,cān xiá yǐn xiè
餐霞饮液,cān xiá yǐn yè
餐腥啄腐,cān xīng zhuó fǔ
餐云卧石,cān yún wò shí
残暴不仁,cán bào bù rén
残杯冷炙,cán bēi lěng zhì
残编断简,cán biān duàn jiǎn
残编裂简,cán biān liè jiǎn
残兵败将,cán bīng bài jiàng
残茶剩饭,cán chá shèng fàn
残冬腊月,cán dōng là yuè
残膏剩馥,cán gāo shèng fù
残羹冷饭,cán gēng lěng fàn
残羹冷炙,cán gēng lěng zhì
残圭断璧,cán guī duàn bì
残花败柳,cán huā bài liǔ
残军败将,cán jūn bài jiàng
残民害理,cán mín hài lǐ
残民害物,cán mín hài wù
残民以逞,cán mín yǐ chěng
残年暮景,cán nián mù jǐng
残年余力,cán nián yú lì
残篇断简,cán piān duàn jiǎn
残缺不全,cán quē bù quán
残山剩水,cán shān shèng shuǐ
残汤剩饭,cán tāng shèng fàn
残渣余孽,cán zhā yú niè
残章断简,cán zhāng duàn jiǎn
蚕丛鸟道,cán cóng niǎo dào
蚕绩蟹匡,cán jì xiè kuāng
蚕食鲸吞,cán shí jīng tūn
蚕头燕尾,cán tóu yàn wěi
惭凫企鹤,cán fú qǐ hè
惨不忍睹,cǎn bù rěn dǔ
惨不忍闻,cǎn bù rěn wén
惨不忍言,cǎn bù rěn yán
惨淡经营,cǎn dàn jīng yíng
惨澹经营,cǎn dàn jīng yíng
惨绝人寰,cǎn jué rén huán
惨绿愁红,cǎn lü chóu hóng
惨绿年华,cǎn lǜ nián huá
惨绿少年,cǎn lǜ shào nián
惨然不乐,cǎn rán bù lè
惨无人道,cǎn wú rén dào
惨无人理,cǎn wú rén lǐ
惨无天日,cǎn wú tiān rì
惨雨酸风,cǎn yǔ suān fēng
灿烂辉煌,càn làn huī huáng
灿然一新,càn rán yī xīn
灿若繁星,càn ruò fán xīng
粲花之论,càn huā zhī lùn
粲然可观,càn rán kě guān
仓皇出逃,cāng huáng chū táo
仓皇失措,cāng huáng shī cuò
仓皇无措,cāng huáng wú cuò
仓卒之际,cāng cù zhī jì
仓卒主人,cāng cù zhǔ rén
沧海桑田,cāng hǎi sāng tián
沧海一鳞,cāng hǎi yī lín
沧海一粟,cāng hǎi yī sù
沧海遗珠,cāng hǎi yí zhū
沧浪老人,cāng láng lǎo rén
苍白无力,āng bái búi lì
苍翠欲滴,cāng cuì yù dī
苍狗白衣,cāng gǒu bái yī
苍狗白云,cāng gǒu bái yún
苍黄翻复,cāng huáng fān fù
苍黄翻覆,cāng huáng fān fù
苍黄反复,cāng huáng fǎn fù
苍髯如戟,cāng rán rú jǐ
苍生涂炭,cāng shēng tú tàn
苍松翠柏,cāng sōng cuì bǎi
苍颜白发,cāng yán bái fà
苍蝇见血,cāng yíng jiàn xuě
藏锋敛锷,cáng fēng liǎn è
藏锋敛锐,cáng fēng liǎn ruì
藏锋敛颖,cáng fēng liǎn yǐng
藏弓烹狗,cáng gōng pēng gǒu
藏垢纳污,cáng gòu nà wū
藏龙卧虎,cáng lóng wò hǔ
藏怒宿怨,cáng nù sù yuàn
藏器待时,cáng qì dài shí
藏巧于拙,cáng qiǎo yú zhuō
藏头亢脑,cáng tóu kàng nǎo
藏头露尾,cáng tóu lù wěi
藏污纳垢,cáng wū nà gòu
藏形匿影,cáng xíng nì yǐng
藏之名山,cáng zhī míng shān
藏诸名山,cáng zhū míng shān
藏踪蹑迹,cáng zōng niè jī
操刀必割,cāo dāo bì gē
操刀伤锦,cāo dāo shāng jǐn
操刀制锦,cāo dāo zhì jǐn
操斧伐柯,cāo fù fá kē
操戈入室,cāo gē rù shì
操戈同室,cāo gē tóng shì
操觚染翰,cāo gū rǎn hàn
操翰成章,cāo hàn chéng zhāng
操矛入室,cāo máo rù shì
操奇计赢,cāo qí jì yíng
操奇逐赢,cāo qì zhù yíng
操揉磨治,cāo róu mó zhì
操身行世,cāo shēn xíng shì
操赢致奇,cāo yíng zhì qí
操之过蹙,cāo zhī guò cù
操之过激,cāo zhī guò jī
操之过急,cāo zhī guò jí
操之过切,cāo zhī guò qiè
操纵自如,cāo zòng zì rú
曹社之谋,cáo shè zhī móu
草草了事,cǎo cǎo liǎo shì
草草收兵,cǎo cǎo shōu bīng
草长莺飞,cǎo zhǎng yīng fēi
草船借箭,cǎo chuǎn jiè jiàn
草创未就,cǎo chuàng wèi jiù
草腹菜肠,cǎo fù cài cháng
草间求活,cǎo jiān qiú huó
草菅人命,cǎo jiān rén mìng
草芥人命,cǎo jiè rén mìng
草庐三顾,cǎo lú sān gù
草率从事,cǎo shuài cóng shì
草率将事,cǎo lǜ jiāng shì
草率收兵,cǎo shuài shōu bīng
草满囹圄,cǎo mǎn líng yǔ
草莽英雄,cǎo mǎng yīng xióng
草靡风行,cǎo mí fēng xíng
草木皆兵,cǎo mù jiē bīng
草木俱朽,cǎo mù jù xiǔ
草木萧疏,cǎo mù xiāo shū
草木愚夫,cǎo mù yú fū
草木知威,cǎo mù zhī wēi
草藄禽猘,cǎo tì qín xiǎn
草蛇灰线,cǎo shé huī xiàn
草头天子,cǎo tóu tiān zǐ
草行露宿,cǎo xíng lù sù
草偃风从,cǎo yǎn fēng cóng
草偃风行,cǎo yǎn fēng xíng
草衣木食,cǎo yī mù shí
侧目而视,cè mù ér shì
侧足而立,cè zú ér lì
厕身其间,cè shēn qí jiān
厕足其间,cè zú qí jiān
恻怛之心,cè dá zhī xīn
恻隐之心,cè yǐn zhī xīn
策马飞舆,cè mǎ fēi yú
策名就列,cè míng jiù liè
策名委质,cè míng wěi zhì
策驽砺钝,cè nú lì dùn
策无遗算,cè wú yí suàn
岑楼齐末,cén lóu qí mò
层出不穷,céng chū bù qióng
层出迭见,céng chū dié jiàn
层出叠见,céng chū dié jiàn
层见错出,céng chū cuò jiàn
层见迭出,céng chū dié jiàn
层见叠出,céng jiàn dié chū
层峦迭嶂,céng luán dié zhàng
层峦叠嶂,céng luán dié zhàng
层台累榭,céng tái lěi xiè
插翅难飞,chā chì nán fēi
插翅难逃,chā chì nán táo
插架万轴,chā jià wàn zhóu
插科打诨,chā kē dǎ hùn
插科使砌,chā kē shǐ qì
插圈弄套,chā quān nòng tào
查无实据,chá wú shí jù
茶饭无心,chá fàn wú xīn
茶余饭饱,chá yú fàn bǎo
茶余饭后,chá yú fàn hòu
茶余酒后,chá yú jiǔ hòu
搽脂抹粉,chá zhī mǒ fěn
察察而明,chá chá ér míng
察察为明,chá chá wéi míng
察己知人,chá jǐ zhī rén
察见渊鱼,chá jiàn yuān yú
察今知古,chá jīn zhī gǔ
察言观色,chá yán guān sè
察言观行,chá yán guān xíng
察颜观色,chá yán guān sè
姹紫嫣红,chà zǐ yān hóng
差强人意,chā qiáng rén yì
差三错四,chā sān cuò sì
拆白道字,chāi bái dào zì
拆东补西,chāi dōng bǔ xī
拆牌道字,chāi pái dào zì
拆西补东,chāi xī bǔ dōng
钗横鬓乱,chāi héng bìn luàn
钗荆裙布,chāi jīng qún bù
柴毁骨立,chái huǐ gǔ lì
柴毁灭性,chái huǐ miè xìng
柴立不阿,chái lì bù ē
柴米夫妻,chái mǐ fū qī
柴米油盐,chái mǐ yóu yán
柴天改物,chái tiān gǎi wù
柴天改玉,chái tiān gǎi yù
豺狐之心,chái hú zhī xīn
豺虎肆虐,chái hǔ sì nüè
豺狼成性,chái láng chéng xìng
豺狼当道,chái láng dāng dào
豺狼当路,chái láng dāng lù
豺狼当涂,chái láng dāng tú
豺狼横道,chái láng héng dào
豺狼虎豹,chái láng hǔ bào
豺狼野心,chái láng yě xīn
豺狼之吻,chái láng zhī wěn
搀前落后,chān qián luò hòu
搀行夺市,chān háng duó shì
谗口铄金,chán kǒu shuò jīn
谗言佞语,chán yán nìng yǔ
禅世雕龙,chán shì diāo lóng
禅絮沾泥,chán xū zhān ní
馋涎欲滴,chán xián yù dī
缠夹不清,chán jiā bù qīng
缠绵床褥,chán mián chuáng rù
缠绵悱恻,chán mián fěi cè
缠绵蕴藉,chán mián yùn jiè
蝉不知雪,chán bù zhī xuě
蝉喘雷干,chán chuǎn léi gān
蝉腹龟肠,chán fù guī cháng
蟾宫折桂,chán gōng zhé guì
刬草除根,chǎn cǎo chú gēn
刬恶锄奸,chǎn è chú jiān
刬旧谋新,chǎn jiù móu xīn
剗草除根,chǎn cǎo chú gēn
剗恶锄奸,chǎn è chú jiān
剗旧谋新,chǎn jiù móu xīn
谄词令色,chǎn cí lìng sè
谄上傲下,chǎn shàng ào xià
谄上骄下,chǎn shàng jiāo xià
谄上欺下,chǎn shàng qī xià
谄上抑下,chǎn shàng yi xià
谄笑胁肩,chǎn xiào xié jiān
谄谀取容,chǎn yú qǔ róng
铲迹销声,chǎn jì xiāo shēng
阐扬光大,chǎn yáng guāng dà
阐幽抉微,chǎn yōu jué wēi
阐幽明微,chǎn yōu míng wēi
冁然而笑,chǎn rán ér xiào
昌歜羊枣,chāng chù yáng zǎo
昌亭旅食,cháng tíng lǚ shí
昌亭之客,cháng tíng zhī kè
昌言无忌,chāng yán wú jì
猖獗一时,chāng jué yī shí
长安道上,cháng ān dào shàng
长安棋局,cháng ān qí jú
长安少年,cháng ān shào nián
长傲饰非,zhǎng ào shì fēi
长才短驭,cháng cái duǎn yù
长才广度,cháng cái guǎng dù
长材茂学,cháng cái mào xué
长材小试,cháng cái xiǎo shì
长春不老,cháng chún bù lǎo
长此以往,cháng cǐ yǐ wǎng
长恶不悛,cháng è bù quān
长恶靡悛,cháng è mǐ quān
长风破浪,cháng fēng pò làng
长歌当哭,cháng gē dàng kū
长话短说,cháng huà duǎn shuō
长虺成蛇,zhǎng huǐ chéng shé
长戟高门,cháng jǐ gāo mén
长计远虑,cháng jì yuǎn lǜ
长驾远驭,cháng jià yuǎn yù
长江天堑,cháng jiāng tiān qiàn
长街短巷,cháng jiē duǎn xiàng
长颈鸟喙,cháng jǐng niǎo huì
长久之计,cháng jiǔ zhī jì
长乐未央,cháng lè wèi yāng
长林丰草,cháng lín fēng cǎo
长虑顾后,cháng lǜ gù hòu
长虑后顾,cháng lǜ hòu gù
长虑却顾,cháng lǜ què gù
长眠不起,cháng mián bù qǐ
长鸣都尉,cháng míng dōu wèi
长命百岁,cháng mìng bǎi suì
长命富贵,cháng mìng fù guì
长目飞耳,cháng mù fēi ěr
长年累月,cháng nián lěi yuè
长年三老,zhǎng nián sān lǎo
长念却虑,cháng niàn què lǜ
长辔远驭,cháng pèi yuǎn yù
长辔远御,cháng pèi yuǎn yù
长篇大论,cháng piān dà lùn
长篇大套,cháng piān dà tào
长篇累牍,cháng piān lěi dú
长驱深入,cháng qū shēn rù
长驱直进,cháng qū zhí jìn
长驱直入,cháng qū zhí rù
长舌之妇,cháng shé zhī fù
长蛇封豕,cháng shé fēng shǐ
长生不老,cháng shēng bù lǎo
长生不死,cháng shēng bū sǐ
长生久视,cháng shēng jiǔ shì
长绳系景,cháng shéng xì jǐng
长绳系日,cháng shéng jì rì
长算远略,cháng suàn yuǎn lüè
长谈阔论,cháng tán kuò lùn
长亭短亭,cháng tíng duǎn tíng
长途跋涉,cháng tú bá shè
长往远引,cháng wǎng yuǎn yǐn
长袖善舞,cháng xiù shàn wǔ
长嘘短叹,cháng xū duǎn tàn
长夜漫漫,cháng yè màn màn
长夜难明,cháng yè nán míng
长夜之饮,cháng yè zhī yǐn
长揖不拜,cháng yī bù bài
长幼有序,zhǎng yòu yǒu xù
长幼有叙,zhǎng yòu yǒu xù
长幼尊卑,zhǎng yòu zūn bēi
长吁短气,cháng xū duǎn qì
长吁短叹,cháng xū duǎn tàn
长斋礼佛,cháng zhāi lǐ fó
长斋绣佛,cháng zhāi xiù fó
长枕大被,cháng zhěn dà bèi
长枕大衾,cháng zhěn dà qīn
长治久安,cháng zhì jiǔ ān
肠肥脑满,cháng féi nǎo mǎn
苌弘碧血,cháng hóng bì xuě
苌弘化碧,cháng hóng huà bì
尝胆眠薪,cháng dǎn mián xīn
尝胆卧薪,cháng dǎn wò xīn
尝鼎一脔,cháng dǐng yī luán
偿其大欲,cháng qí dà yù
常备不懈,cháng bèi bù xiè
常鳞凡介,cháng lín fán jiè
常年累月,cháng nián lèi yuè
常胜将军,cháng shèng jiāng jūn
徜徉恣肆,cháng yáng zì sì
惝恍迷离,chǎng huǎng mí lí
怅然若失,chàng rán ruò shī
怅然自失,chàng rán zì shī
畅叫扬疾,chàng jiào yáng jí
畅所欲为,chàng suǒ yù wéi
畅所欲言,chàng suǒ yù yán
畅通无阻,chàng tōng wú zǔ
畅行无碍,chàng xíng wú ài
畅行无阻,chàng xíng wú zǔ
倡而不和,chàng ér bù hè
倡情冶思,chàng qíng yě sī
倡条冶叶,chāng tiáo yě yè
唱筹量沙,chàng chóu liáng shā
唱对台戏,chàng duì tái xì
唱沙作米,chàng shā zuò mǐ
超超玄著,chāo chāo xuán zhù
超超玄箸,chāo chāo xuán zhù
超尘拔俗,chāo chén bá sú
超尘出俗,chāo chén chū sú
超度众生,chāo dù zhòng shēng
超凡出世,chāo fán chū shì
超凡入圣,chāo fán rù shèng
超阶越次,chāo jiē yuè cì
超今冠古,chāo jīn guàn gǔ
超今绝古,chāo jīn jué gǔ
超今越古,chāo jīn yuè gǔ
超类绝伦,chāo lèi jué lún
超迈绝伦,chāo mài jué lún
超前绝后,chāo qián jué hòu
超群拔类,chāo qún bá lèi
超群出众,chāo qún chū zhòng
超群绝伦,chāo qún jué lún
超群轶类,chāo qún yì lèi
超群越辈,chāo qún yuè bèi
超然不群,chāo rán bù qún
超然独处,chāo rán dú chǔ
超然独立,chāo rán dú lì
超然绝俗,chāo rán jué sú
超然迈伦,chāo rán mài lún
超然物外,chāo rán wù wài
超然象外,chāo rán xiàng wài
超然远举,chāo rán yuǎn jǔ
超然远引,chāo rán yuǎn yǐn
超然自得,chāo rán zì dé
超然自逸,chāo rán zì yì
超然自引,chāo rán zì yǐn
超世拔俗,chāo shì bá sú
超世绝伦,chāo shì jué lún
超世绝俗,chāo shì jué sú
超世之才,chāo shì zhī cái
超俗绝世,chāo sú jué shì
超以象外,chāo yǐ xiàng wài
超轶绝尘,chāo yì jué chén
超逸绝尘,chāo yì jué chén
巢焚原燎,cháo fén yuán liáo
巢毁卵破,cháo huǐ luǎn pò
巢居穴处,cháo jū xué chǔ
巢林一枝,cháo lín yī zhī
巢倾卵覆,cháo qīng luǎn fù
巢倾卵破,cháo qīng luǎn pò
朝不保暮,zhāo bù bǎo mù
朝不保夕,zhāo bù bǎo xī
朝不及夕,zhāo bù jí xī
朝不虑夕,zhāo bù lǜ xī
朝不谋夕,zhāo bù móu xī
朝朝暮暮,zhāo zhāo mù mù
朝趁暮食,zhāo chèn mù shí
朝成暮徧,cháo chéng mù shí
朝成暮遍,zhāo chéng mù biàn
朝成暮毁,zhāo chéng mù huǐ
朝成夕毁,zhāo chéng xī huǐ
朝穿暮塞,zhāo chuān mù sāi
朝发暮至,zhāo fā mù zhì
朝发夕至,zhāo fā xī zhì
朝歌暮弦,zhāo gē mù xián
朝歌夜弦,zhāo gē yè xián
朝更暮改,zhāo gèng mù gǎi
朝过夕改,zhāo guò xī gǎi
朝华夕秀,zhāo huá xī xiù
朝欢暮乐,zhāo huān mù lè
朝齑暮盐,zhāo jī mù yán
朝经暮史,zhāo jīng mù shǐ
朝梁暮陈,zhāo liáng mù chén
朝梁暮晋,zhāo liáng mù jìn
朝梁暮周,zhāo liáng mù zhōu
朝令暮改,zhāo lìng mù gǎi
朝令夕改,zhāo lìng xī gǎi
朝露溘至,zhāo lù kè zhì
朝攀暮折,zhāo pān mù shé
朝气蓬勃,zhāo qì péng bó
朝前夕惕,zhāo qiáng xī tì
朝乾夕愓,zhāo qián xī dàng
朝乾夕惕,zhāo qián xī tì
朝秦暮楚,zhāo qín mù chǔ
朝三暮二,zhāo sān mù èr
朝三暮四,zhāo sān mù sì
朝升暮合,zhāo shēng mù gě
朝生暮死,zhāo shēng mù sǐ
朝生夕死,zhāo shēng xī sǐ
朝思暮想,zhāo sī mù xiǎng
朝斯夕斯,zhāo sī xī sī
朝闻夕改,zhāo wén xī gǎi
朝闻夕死,zhāo wén xī sǐ
朝夕相处,zhāo xī xiāng chǔ
朝阳丹凤,cháo yáng dān fèng
朝阳鸣凤,zhāo yáng míng fèng
朝野上下,cháo yě shàng xià
朝衣东市,zhāo yī dōng shì
朝夷暮跖,zhāo yí mù zhí
朝饔夕飧,zhāo yōng xī sūn
朝云暮雨,zhāo yún mù yǔ
朝章国典,cháo zhāng guó diǎn
朝章国故,cháo zhāng guó gù
朝折暮折,zhāo shé mù shé
朝钟暮鼓,zhāo zhōng mù gǔ
朝锺暮鼓,zhāo zhōng mù gǔ
朝种暮获,zhāo zhǒng mù hù
朝奏暮召,zhāo zòu mù zhào
朝奏夕召,zhāo zòu xī zhào
嘲风弄月,cháo fēng nòng yuè
嘲风咏月,cháo fēng yǒng yuè
潮鸣电掣,cháo míng diàn chè
潮鸣电挚,cháo míng diàn chè
炒买炒卖,chǎo mǎi chǎo mài
车尘马迹,chē zhén mǎ jì
车尘马足,chē chén mǎ zú
车驰马骤,chē chí mǎ zhòu
车怠马烦,chē dài mǎ fán
车殆马烦,chē dài mǎ fán
车烦马毙,chē fán mǎ bì
车击舟连,chē jī zhōu lián
车笠之盟,chē lì zhī méng
车马辐辏,chē mǎ fú còu
车马骈阗,chē mǎ pián tián
车马填门,chē mǎ tián mén
车马盈门,chē mǎ yíng mén
车水马龙,chē shuǐ mǎ lóng
车填马隘,chē tián mǎ ài
车无退表,chē wú tuì biǎo
车载船装,chē zǎi chuán zhuāng
车载斗量,chē zài dǒu liáng
车在马前,chē zài mǎ qián
车辙马迹,chē zhé mǎ jì
扯鼓夺旗,chě gǔ duó qí
扯空砑光,chě kōng yà guāng
扯篷拉纤,chě péng lā qiàn
扯旗放炮,chě qí fàng pào
扯顺风旗,chě shǔn fēng qí
扯纤拉烟,chě qiàn lā yān
彻里彻外,chè lǐ chè wài
彻里至外,chè lǐ zhì wài
彻内彻外,chè nèi chè wài
彻上彻下,chè shàng chè xià
彻首彻尾,chè shǒu chè wěi
彻头彻尾,chè tóu chè wěi
掣襟露肘,chè jīn lù zhǒu
澈底澄清,chè dǐ chéng qīng
嗔目切齿,chēn mù qiē chǐ
瞋目扼腕,chēn mù è wàn
瞋目切齿,chēn mù qiè chǐ
尘饭涂羹,chén fàn tú gēng
尘羹涂饭,chén gēng tú fàn
尘垢秕糠,chén gòu bǐ kāng
尘垢粃糠,chén gòu bǐ kāng
臣门如市,chén mén rú shì
臣心如水,chén xīn rú shuǐ
沉博绝丽,chén bó jué lì
沉烽静柝,chén fēng jìng tuò
沉浮俯仰,chén fú fǔ yǎng
沉痼自若,chén gù zì ruò
沉厚寡言,chén hòu guǎ yán
沉静寡言,chén jìng guǎ yán
沉疴难起,chén kē nán qǐ
沉疴宿疾,chén kē sù jì
沉李浮瓜,chén lǐ fú guā
沉迷不悟,chén mí bù wù
沉密寡言,chén mì guǎ yán
沉湎酒色,chén miǎn jiǔ sè
沉湎淫逸,chén miǎn yín yì
沉默寡言,chén mò guǎ yán
沉谋研虑,chén móu yán lǜ
沉谋重虑,chén móu chóng lǜ
沉潜刚克,chén qián gāng kè
沉声静气,chén shēng jìng qì
沉思默想,chén sī mò xiǎng
沉思熟虑,chén sī shú lǜ
沉心静气,chén xīn jìng qì
沉毅寡言,chén yì guǎ yán
沉吟不决,chén yīn bù jué
沉吟不语,chén yīn bù yǔ
沉吟未决,chén yīn wèi jué
沉吟章句,chén yīn zhāng jù
沉鱼落雁,chén yú luò yàn
沉郁顿挫,chén yù dùn cuò
沉冤莫白,chén yuān mò bái
沉冤莫雪,chén yuān mò xuě
沉灶产蛙,chén zào chǎn wā
沉灶生蛙,chén zào shēng wā
沉重寡言,chén zhòng guǎ yán
沉重少言,chén zhòng shǎo yán
沉舟破釜,chén zhōu pò fǔ
沉著痛快,chén zhù tòng kuài
沉着痛快,chén zhuó tòng kuài
沉滓泛起,chén zǐ fàn qǐ
陈陈相因,chén chén xiāng yīn
陈词滥调,chén cí làn diào
陈辞滥调,chén cí làn diào
陈古刺今,chén gǔ cì jīn
陈规陋习,chén guī lòu xí
陈力就列,chén lì jiù liè
陈善闭邪,chén shàn bì xié
陈师鞠旅,chén shī jǖ lǚ
陈言肤词,chén yán fū cí
陈言老套,chén yán lǎo tào
陈言务去,chén yán wù qù
晨参暮礼,chén cān mù lǐ
晨参暮省,chén cān mù shěng
晨炊星饭,chén chuī xīng fàn
晨光熹微,chén guāng xī wēi
晨昏定省,chén hūn dìng xǐng
晨兢夕厉,chén jīng xī lì
晨秦暮楚,chén qín mù chǔ
晨提夕命,chén tí xī mìng
晨兴夜寐,chén xīng yè mèi
晨钟暮鼓,chén zhōng mù gǔ
闯荡江湖,chuǎng dàng jiāng hú
闯南走北,chuǎng nán zǒu běi
称柴而爨,chēng chái ér cuàn
称臣纳贡,chēng chén nà gòng
称德度功,chēng dé duó gōng
称功颂德,chēng gōng sòng dé
称孤道寡,chēng gū dào guǎ
称家有无,chèn jiā yǒu wú
称奇道绝,chēng qí dào jué
称赏不已,chēng shǎng bù yǐ
称体载衣,chèn tǐ cái yī
称王称霸,chēng wáng chēng bà
称贤荐能,chēng xián jiàn néng
称心快意,chèn xīn kuài yì
称心满意,chèn xīn mǎn yì
称心如意,chèn xīn rú yì
称薪而爨,chēng xīn ér cuàn
称兄道弟,chēng xiōng dào dì
称雨道晴,chēng yǔ dào qíng
趁波逐浪,chèn bō zhú làng
趁风使柁,chèn fēng shǐ duò
趁哄打劫,chèn hōng dǎ jié
趁火打劫,chèn huǒ dǎ jié
趁火抢劫,chèn huǒ qiǎng jié
趁热打铁,chèn rè dǎ tiě
趁人之危,chèn rén zhī wēi
趁势落篷,chèn shì luò péng
趁水和泥,chèn shuǐ huò ní
趁心如意,chèn xīn rú yì
趁心像意,chèn xīn xiàng yì
趁虚而入,chèn xū ér rù
撑岸就船,chēng àn jiù chuán
撑肠拄肚,chēng cháng zhǔ dù
撑肠拄腹,chēng cháng zhǔ fù
撑天拄地,chēng tiān zhǔ dì
撑霆裂月,chēng tíng liè yuè
瞠乎其后,chēng hū qí hòu
瞠呼其后,chēng hū qí hòu
瞠目而视,chēng mù ér shì
瞠目结舌,chēng mù jié shé
成败得失,chéng bài dé shī
成败利钝,chéng bài lì dùn
成败论人,chéng bài lùn rén
成败兴废,chéng bài xīng fèi
成帮结队,chéng bāng jié duì
成城断金,chéng chéng duàn jīn
成风尽垩,chéng fēng jìn è
成风之斫,chéng fēng zhī zhuó
成佛作祖,chéng fó zuò zǔ
成己成物,chéng jǐ chéng wù
成家立计,chéng jiā lì jì
成家立业,chéng jiā lì yiè
成龙配套,chéng lóng pèi tào
成名成家,chéng míng chéng jiā
成年古代,chéng nián gǔ dài
成年累月,chéng nián lěi yuè
成千成万,chéng qiān chéng wàn
成千累万,chéng qiān lèi wàn
成千论万,chéng qiān lùn wàn
成千上万,chéng qiān shàng wàn
成群打伙,chéng qún dǎ huǒ
成群集党,chéng qún jí dǎng
成群结党,chéng qún jié dǎng
成群结队,chéng qún jié duì
成群结伙,chéng qún jié huǒ
成群逐队,chéng qún zhú duì
成群作队,chéng qún zuò duì
成人之美,chéng rén zhī měi
成人之善,chéng rén zhī shàn
成仁取义,chéng rén qǔ yì
成日成夜,chéng rì chéng yè
成事不说,chéng shì bù shuō
成双成对,chéng shuāng chéng duì
成双作对,chéng shuāng zuò duì
成算在心,chéng suàn zài xīn
成团打块,chéng tuán dǎ kuài
成王败寇,chéng wáng bài kòu
成一家言,chěng yī jiān yán
成竹在胸,chéng zhú zài xiōng
承欢膝下,chéng huān xī xià
承平盛世,chéng píng shèng shì
承前启后,chéng qián qǐ hòu
承嬗离合,chéng shàn lí hé
承上启下,chéng shàng qǐ xià
承上起下,chéng shàng qǐ xià
承天之祜,chéng tiān zhī hù
承天之佑,chéng tiān zhī yòu
承天之祐,chéng tiān zhī yòu
承先启后,chéng xiān qǐ hòu
承星履草,chéng xīng lǚ cǎo
承颜候色,chéng yán hòu sè
诚惶诚恐,chéng huáng chéng kǒng
诚心诚意,chéng xīn chéng yì
诚心实意,chéng xīn shí yì
诚心正意,chéng xīn zhèng yì
诚至金开,chéng zhì jīn kāi
城北徐公,chéng běi xǘ gōng
城狐社鼠,chéng hú shè shǔ
城门鱼殃,chéng mén yú yāng
城下之盟,chéng xià zhī méng
城下之辱,chéng xià zhī rǔ
乘车戴笠,chéng chē dài lì
乘肥衣轻,chéng féi yì qīng
乘风破浪,chéng fēng pò làng
乘风兴浪,chéng fēng xīng làng
乘风转舵,chéng fēng zhuǎn duò
乘高决水,chéng gāo jué shuǐ
乘机打劫,chéng jī dǎ jié
乘坚策肥,chéng jiān cè féi
乘坚驱良,chéng jiān qū liáng
乘间抵隙,chéng jiān dǐ xì
乘间伺隙,chéng jiān sì xì
乘间投隙,chéng jiān tóu xì
乘利席胜,chéng lì xí shèng
乘龙佳婿,chéng lóng jiā xù
乘龙快婿,chéng lóng kuài xù
乘龙配凤,chéng lóng pèi fèng
乘鸾跨凤,chéng luán kuà fèng
乘其不备,chéng qí bù bèi
乘其不意,chéng qí bù yì
乘轻驱肥,chéng qīng qū féi
乘热打铁,chéng rè dǎ tiě
乘人之危,chéng rén zhī wēi
乘胜逐北,chéng shèng zhú běi
乘胜追击,chéng shèng zhuī jī
乘时乘势,chéng shí chéng shì
乘势使气,chéng shì shǐ qì
乘顺水船,chéng shùn shuǐ chuán
乘伪行诈,chéng wěi xíng zhà
乘隙捣虚,chéng xì dǎo xū
乘隙而入,chéng xì ér rù
乘险抵巇,chéng xiǎn dǐ xī
乘兴而来,chéng xìng ér lái
乘虚蹈隙,chéng xū dǎo xì
乘虚迭出,chéng xū dié chū
乘虚而入,chéng xū ér rù
乘舆播越,chéng yú bō yuè
乘云行泥,chéng yún xíng ní
惩恶劝善,chéng è quàn shàn
惩忿窒欲,chéng fèn zhì yù
惩羹吹齑,chéng gēng chuī jī
惩前毖后,chéng qián bì hòu
惩一戒百,chéng yī jiè bǎi
惩一儆百,chéng yī jǐng bǎi
惩一警百,chéng yī jǐng bǎi
程门立雪,chéng mén lì xuě
澄江如练,chéng jiāng rú liàn
澄清天下,chéng qīng tiān xià
澄沙汰砾,dèng shā tài lì
澄神离形,chéng shén lí xíng
澄思渺虑,chéng sī miǎo lǜ
橙黄桔绿,chéng huáng jú lǜ
橙黄橘绿,chéng huáng jú lǜ
逞工炫巧,chěng gōng xuàn qiǎo
逞工衒巧,chěng gōng xuàn qiǎo
逞怪披奇,chěng guài pī qí
逞己失众,chěng jǐ shī zhòng
逞娇呈美,chěng jiāo chéng měi
逞娇斗媚,chěng jiāo dòu mèi
逞奇眩异,chěng qí xuàn yì
逞强称能,chěng qiáng chēng néng
逞强好胜,chěng qiáng hào shèng
逞心如意,chěng xīn rú yì
逞性妄为,chěng xìng wàng wéi
逞凶肆虐,chěng xiōng sì nüè
逞妍斗色,chěng yán dòu sè
逞异夸能,chěng yì kuā néng
骋怀游目,chěng huái yóu mù
骋耆奔欲,chěng qí bēn yù
骋嗜奔欲,chěng shì bēn yù
秤不离砣,chèng bù lí tuó
秤锤落井,chèng chuí luò jǐng
秤斤注两,chēng jīn zhù liǎng
秤平斗满,chèng píng dǒu mǎn
秤薪而爨,chēng xīn ér cuàn
吃穿用度,chī chuān yòng dù
吃喝玩乐,chī hē wán lè
吃惊受怕,chī jīng shòu pà
吃苦耐劳,chī kǔ nài láo
吃里扒外,chī lǐ pá wài
吃里爬外,chī lǐ pá wài
吃哑巴亏,chī yǎ bā kuī
吃着不尽,chī zhuó bù jìn
鸱目虎吻,chī mù hǔ wěn
鸱视虎顾,chī shì hǔ gù
鸱视狼顾,chī shì láng gù
鸱鸮弄舌,chī xiāo nòng shé
鸱鸦嗜鼠,chī yā shì shǔ
鸱张门户,chī zhāng mén hù
鸱张鼠伏,chī zhāng shǔ fú
鸱张蚁聚,chī zhāng yǐ jù
鸱张鱼烂,chī zhāng yú làn
嗤之以鼻,chī zhī yǐ bí
痴儿呆女,chī ér dāi nǚ
痴男怨女,chī nán yuàn nǚ
痴人说梦,chī rén shuō mèng
痴心妄想,chī xīn wàng xiǎng
魑魅罔两,chī mèi wǎng liǎng
魑魅魍魉,chī mèi wǎng liǎng
弛高骛远,chí gāo wù yuǎn
弛魂宕魄,chí hún dàng pò
弛声走誉,chí shēng zǒu yù
池酒林胾,chí jiǔ lín zì
池鱼林木,chí yú lín mù
池鱼笼鸟,chí yú lóng niǎo
池鱼幕燕,chí yú mù yàn
池鱼堂燕,chí yú táng yàn
池鱼之祸,chí yú zhī huò
池鱼之虑,chí yú zhī lǜ
池鱼之殃,chí yú zhī yāng
驰骋疆场,chí chěng jiāng chǎng
驰风骋雨,chí fēng chěng yǔ
驰高鹜远,chí gāo wù yuǎn
驰魂宕魄,chí hún dàng pò
驰魂夺魄,chí hún duó pò
驰马试剑,chí mǎ shì jiàn
驰名当世,chí míng dāng shì
驰名天下,chí míng tiān xià
驰名中外,chí míng zhōng wài
驰声走誉,chí shēng zǒu yù
驰志伊吾,chí zhì yī wú
迟迟吾行,chí chí wú xíng
迟徊不决,chí huái bù jué
迟徊观望,chí huái guān wàng
迟回观望,chí huí guān wàng
迟眉钝眼,chí méi dùn yǎn
迟暮之年,chí mù zhī nián
迟日旷久,chí rì kuàng jiǔ
迟疑不定,chí yí bù dìng
迟疑不断,chí yí bù duàn
迟疑不决,chí yí bù jué
迟疑顾望,chí yí gù wàng
迟疑观望,chí yí guān wàng
迟疑未决,chí yí wèi jué
持螯把酒,chí áo bǎ jiǔ
持筹握算,chí chóu wò suàn
持刀动杖,chí dāo dòng zhàng
持戈试马,chí gē shì mǎ
持衡拥璇,chí héng yōng xuán
持久之计,chí jiǔ zhī jì
持蠡测海,chí lí cè hǎi
持禄养交,chí lù yǎng jiāo
持论公允,chí lùn gōng yǔn
持满戒盈,chí mǎn jiè yíng
持平之论,chí píng zhī lùn
持权合变,chí quán hé biàn
持人长短,chí rén cháng duǎn
持橐簪笔,chí tuó zān bǐ
持危扶颠,chí wēi fú diān
持盈保泰,chí yíng bǎo tài
持盈守成,chí yíng shǒu chéng
持斋把素,chí zhāi bǎ sù
持正不阿,chí zhèng bù ā
持之以恒,chí zhī yǐ héng
持之有故,chí zhī yǒu gù
踟蹰不前,chí chú bù qián
尺板斗食,chǐ bǎn dòu shí
尺壁寸阴,chǐ bì cùn yīn
尺兵寸铁,chǐ bīng cùn tiě
尺波电谢,chǐ bō diàn xiè
尺布斗粟,chǐ bù dǒu sù
尺步绳趋,chǐ bù shéng qū
尺椽片瓦,chǐ chuán piàn wǎ
尺寸可取,chǐ cùn kě qǔ
尺寸千里,chǐ cùn qiān lǐ
尺寸之柄,chǐ cùn zhī bǐng
尺寸之地,chǐ cùn zhī dì
尺寸之功,chǐ cù zhī gōng
尺短寸长,chǐ duǎn cù cháng
尺二秀才,chǐ èr xiù cái
尺二冤家,chǐ èr yuān jia
尺幅寸缣,chǐ fú cùn jiān
尺幅千里,chǐ fú qiān lǐ
尺蠖求伸,chǐ huò qiú shēn
尺籍伍符,chǐ jí wǔ fú
尺山寸水,chǐ shān cùn shuǐ
尺树寸泓,chǐ shù cùn hóng
尺水丈波,chǐ shuǐ zhàng bō
尺有所短,chǐ yǒu suǒ duǎn
尺瑜寸瑕,chǐ yú cùn xiá
尺泽之鲵,chǐ zé zhī ní
尺竹伍符,chǐ zhú wǔ fú
侈侈不休,chǐ chǐ bù xiū
侈恩席宠,chǐ ēn xí chǒng
侈丽闳衍,chǐ lì hóng yǎn
侈人观听,chǐ rén guān tīng
侈衣美食,chǐ yī měi shí
侈纵偷苟,chǐ zòng tōu gǒu
齿白唇红,chǐ bái chún hóng
齿弊舌存,chǐ bì shé cún
齿甘乘肥,chǐ gān chéng féi
齿过肩随,chǐ guò jiān suí
齿豁头童,chǐ huō tóu tóng
齿颊挂人,chǐ jiá guà rén
齿颊生香,chǐ jiá shēng xiāng
齿剑如归,chǐ jiàn rú guī
齿落舌钝,chǐ luò shé dùn
齿如编贝,chǐ rú biān bèi
齿如含贝,chǐ rú hán bèi
齿如齐贝,chǐ rú qí bèi
齿若编贝,chǐ ruò biān bèi
齿少气锐,chǐ shǎo qì ruì
齿少心锐,chǐ shǎo xīn ruì
齿亡舌存,chǐ wáng shé cún
齿危发秀,chǐ wēi fā xiù
齿牙春色,chǐ yá chūn sè
齿牙为猾,chǐ yá wéi huá
齿牙为祸,chǐ yá wéi huò
齿牙余论,chǐ yá yú lùn
齿牙馀惠,chǐ yá yú huì
齿牙馀慧,chǐ yá yú huì
齿牙馀论,chǐ yá yú lùn
齿牙之猾,chǐ yá zhī huá
耻居人下,chǐ jū rén xià
耻居王后,chǐ jū wáng hòu
耻言人过,chǐ yán rén guò
耻与哙伍,chǐ yú kuài wǔ
叱嗟风云,chì jiē fēng yún
叱咤风云,chì zhà fēng yún
赤壁鏖兵,chì bì áo bīng
赤膊上阵,chì bó shàng zhèn
赤诚相待,chì chéng xiāng dài
赤胆忠心,chì dǎn zhōng xīn
赤地千里,chì dì qiān lǐ
赤口白舌,chì kǒu bái shé
赤口毒舌,chì kǒu dú shé
赤贫如洗,chì pín rú xǐ
赤舌烧城,chì shé shāo chéng
赤身露体,chì shēn lù tǐ
赤身裸体,chì shēn luǒ tǐ
赤绳系足,chì shéng jì zú
赤手空拳,chì shǒu kōng quán
赤县神州,chì xiàn shén zhōu
赤心报国,chì xīn bào guó
赤心相待,chì xīn xiāng dài
赤子之心,chì zǐ zhī xīn
敕始毖终,chì shǐ bì zhōng
遫俗绝物,chuò sú jué wù
充栋汗牛,chōng dòng hàn niú
充栋盈车,chōng dòng yíng chē
充耳不闻,chōng ěr bù wén
充饥画饼,chōng jī huà bǐng
充类至尽,chōng lèi zhì jìn
充闾之庆,chōng lǚ zhī qìng
充天塞地,chōng tiān sāi dì
充箱盈架,chōng xiāng yíng jià
冲风冒雨,chōng fēng mào yǔ
冲风破浪,chōng fēng pò làng
冲锋陷坚,chōng fēng xiàn jiān
冲锋陷锐,chōng fēng xiàn ruì
冲锋陷阵,chōng fēng xiàn zhèn
冲冠发怒,chōng guàn fā nù
冲冠怒发,chōng guàn nù fà
冲冠眦裂,chōng guàn zì liè
冲昏头脑,chōng hūn tóu nǎo
冲坚毁锐,chōng jiān huǐ ruì
冲口而出,chōng kǒu ér chū
冲云破雾,chōng yún pò wù
冲州过府,chōng zhōu guò fǔ
冲州撞府,chōng zhōu zhuàng fǔ
舂容大雅,chōng róng dà yá
虫臂鼠肝,chóng bì shǔ gān
虫沙猿鹤,chóng shā yuán hè
虫鱼之学,chóng yù zhī xué
崇本抑末,chóng běn yì mò
崇论豠议,chóng lùn hóng yì
崇论吰议,chóng lùn hóng yì
崇论宏议,chóng lùn hóng yì
崇论闳议,chóng lùn hóng yì
崇山峻岭,chóng shān jùn lǐng
崇雅黜浮,chóng yǎ chù fú
崇洋媚外,chóng yáng mèi wài
崇墉百雉,chóng yōng bǎi zhì
宠柳娇花,chǒng liǔ jiāo huā
宠辱不惊,chǒng rǔ bù jīng
宠辱皆忘,chǒng rǔ jiē wàng
宠辱若惊,chǒng rǔ ruò jīng
抽抽搭搭,chōu chōu dā dā
抽抽噎噎,chōu chōu yē yē
抽刀断水,chōu dāo duàn shuǐ
抽黄对白,chōu huáng duì bái
抽筋拔骨,chōu jīn bá gǔ
抽筋剥皮,chōu jīn bāo pí
抽梁换柱,chōu liáng huàn zhù
抽祕骋妍,chōu bì chěng yán
抽秘骋妍,chōu mì chěng yán
抽丝剥茧,chōu sī bāo jiǎn
抽胎换骨,chōu tāi huàn gǔ
抽薪止沸,chōu xīn zhǐ fèi
绸缪束薪,chóu móu shù xīn
绸缪帷幄,chóu móu wéi wò
畴咨之忧,chóu zī zhī yōu
愁长殢酒,chóu cháng tì jiǔ
愁肠百结,chóu cháng bǎi jié
愁肠寸断,chóu cháng cùn duàn
愁肠九回,chóu cháng jiǔ huí
愁肠九转,chóu cháng jiǔ zhuǎn
愁肠殢酒,chóu cháng tì jiǔ
愁多夜长,chóu duō yè cháng
愁红惨绿,chóu hóng cǎn lü
愁红怨绿,chóu hóng yuàn lǜ
愁眉不展,chóu méi bù zhān
愁眉蹙额,chóu méi cù é
愁眉苦脸,chóu méi kǔ liǎn
愁眉苦眼,chóu méi kǔ yǎn
愁眉泪眼,chóu méi lèi yǎn
愁眉锁眼,chóu méi suǒ yǎn
愁眉啼妆,chóu méi tí zhuāng
愁潘病沈,chóu pān bìng shěn
愁山闷海,chóu shān mèn hǎi
愁绪如麻,chóu xù rú má
愁云惨淡,chóu yún cǎn dàn
愁云惨雾,chóu yún cǎn wù
稠人广众,chóu rén guǎng zhòng
稠人广坐,chóu rén guǎng zuò
稠人广座,chóu rén guǎng zuò
酬功给效,chóu gōng gěi xiào
踌躇不决,chóu chú bù jué
踌躇不前,chóu chú bù qián
踌躇满志,chóu chú mǎn zhì
丑类恶物,chǒu lèi è wù
丑声远播,chǒu shēng yuǎn bō
丑态百出,chǒu tài bǎi chū
丑态毕露,chǒu tài bì lù
臭不可当,chòu bù kě dāng
臭不可闻,chòu bù kě wén
臭名远扬,chòu míng yuǎn yáng
臭名昭彰,chòu míng zhāo zhāng
臭名昭著,chòu míng zhāo zhù
臭肉来蝇,chòu ròu lái yíng
臭味相投,xiù wèi xiāng tóu
出尘不染,chū chén bù rǎn
出陈易新,chū chén yì xīn
出丑放乖,chū chǒu fàng guāi
出丑扬疾,chū chǒu yáng jí
出出律律,chū chū lǜ lǜ
出处进退,chū chǔ jìn tuì
出处殊涂,chū chǔ shū tú
出处殊途,chū chǔ shū tú
出处语默,chū chǔ yǔ mò
出词吐气,chū cí tǔ qì
出敌不意,chū dí bù yì
出敌意外,chū dí yì wài
出尔反尔,chū ěr fǎn ěr
出凡入胜,chū fán rù shèng
出公忘私,chū gōng wàng sī
出谷迁乔,chū gǔ qiān qiáo
出乖露丑,chū guāi lù chǒu
出乖弄丑,chū guāi nòng chǒu
出鬼入神,chū guǐ rù shén
出何典记,chū hé diǎn jì
出何经典,chū hé jīng diǎn
出乎反乎,chū hū fǎn hū
出乎意表,chū hū yì biǎo
出乎意料,chū hū yì liào
出乎意外,chū hū yì wài
出乎预料,chū hū yù liào
出将入相,chū jiàng rù xiàng
出口成章,chū kǒu chéng zhāng
出口入耳,chū kǒu rù ěr
出口伤人,chū kǒu shāng rén
出类拔萃,chū lèi bá cuì
出卖灵魂,chū mài líng hún
出没不常,chū mò bù cháng
出没无常,chū mò wú cháng
出门合辙,chū mén hé zhé
出门如宾,chū mén rú bīn
出门应辙,chū mén yīng zhé
出谋划策,chū móu huà cè
出谋画策,chū móu huà cè
出谋献策,chū móu xiàn cè
出内之吝,chū nèi zhī lìn
出纳之吝,chū nà zhī lìn
出奴入主,chū nú rù zhǔ
出其不备,chū qí bù bèi
出其不意,chū qí bù yì
出其不虞,chū qí bù yú
出奇不穷,chū qí bù qióng
出奇划策,chū qí huá cè
出奇取胜,chū qí qǔ shèng
出奇无穷,chū qí wú qióng
出奇制胜,chū qí zhì shèng
出奇致胜,chū qí zhì shèng
出浅入深,chū qiǎn rù shēn
出群拔萃,chū qún bá cuì
出人头地,chū rén tóu dì
出人望外,chū rén wàng wài
出人意表,chū rén yì biǎo
出人意料,chū rén yì liào
出人意外,chū rén yì wài
出入将相,chū rù jiāng xiāng
出入人罪,chū rù rén zuì
出入神鬼,chū rù shén guǐ
出入生死,chū rù shēng sǐ
出入无间,chū rù wú jiān
出山泉水,chū shān quán shuǐ
出神入定,chū shén rù dìng
出神入化,chū shén rù huà
出生入死,chū shēng rù sǐ
出圣入神,chū shèng rù shén
出师不利,chū shī bù lì
出师无名,chū shī wú míng
出师有名,chū shī yǒu míng
出世超凡,chū shì chāo fán
出世离群,chū shì lí qún
出手得卢,chū shǒu dé lú
出水芙蓉,chū shuǐ fú róng
出死断亡,chū sǐ duàn wáng
出死入生,chū sǐ rù shēng
出头露面,chū tóu lù miàn
出头之日,chū tóu zhī rì
出文入武,chū wén rù wǔ
出言不逊,chū yán bù xùn
出言成章,chū yán chéng zhāng
出言吐词,chū yán tǔ cí
出言吐气,chū yán tǔ qì
出言吐语,chū yán tǔ yǔ
出言无状,chū yán wú zhuàng
出言有章,chū yán yǒu zhāng
出一头地,chū yī tóu dì
出夷入险,chū yí rù xiǎn
出以公心,chū yǐ gōng xīn
出幽迁乔,chū yōu qiān qiáo
出幽升高,chū yōu shēng gāo
出有入无,chū yǒu rù wú
出于无奈,chū yú wú nài
出于意表,chū yú yì biǎo
出于意外,chū yú yì wài
出舆入辇,chū yú rù niǎn
出语成章,chū yǔ chéng zhāng
出云入泥,chū yún rù ní
出震继离,chū zhèn jì lí
出自意外,chū zì yì wài
初出茅庐,chū chū máo lú
初发芙蓉,chū fā fú róng
初露锋芒,chū lù fēng máng
初露头角,chū lù tóu jiǎo
初生之犊,chū shēng zhī dú
初试锋芒,chū shì fēng máng
初写黄庭,chū xiě huáng tíng
樗栎庸材,chū lì yōng cái
刍荛之见,chú ráo zhī jiàn
刍荛之言,chú ráo zhī yán
除暴安良,chú bào ān liáng
除残去秽,chú cán qù huì
除恶务本,chú è wù běn
除恶务尽,chú è wù jìn
除害兴利,chú hài xīng lì
除患兴利,chú huàn xīng lì
除秽布新,chú huì bù xīn
除疾遗类,chú jí yí lèi
除奸革弊,chú jiān gé bì
除旧布新,chú jiù bù xīn
除旧更新,chú jiù gēng xīn
除狼得虎,chú láng dé hǔ
除邪惩恶,chú xié chéng è
锄强扶弱,chú qiáng fú ruò
雏凤清声,chú fèng qīng shēng
雏鹰展翅,chú yīng zhǎn chì
杵臼之交,chǔ jiù zhī jiāo
础泣而雨,chǔ qì ér yǔ
础润而雨,chǔ rùn ér yǔ
楚璧隋珍,chǔ bì suí zhēn
楚才晋用,chǔ cái jìn yòng
楚材晋用,chǔ cái jìn yòng
楚楚不凡,chǔ chǔ bù fán
楚楚动人,chǔ chǔ dòng rén
楚楚可爱,chǔ chǔ kě ài
楚楚可怜,chǔ chǔ kě lián
楚楚可人,chǔ chǔ kě rén
楚楚谡谡,chǔ chǔ sù sù
楚楚有致,chǔ chǔ yǒu zhì
楚楚作态,chǔ chǔ zuò tài
楚得楚弓,chǔ dé chǔ gōng
楚歌四合,chǔ gē sì hé
楚歌四面,chǔ gē sì miàn
楚歌四起,chǔ gē sì qǐ
楚歌之计,chǔ gē zhī jì
楚弓楚得,chǔ gōng chǔ dé
楚弓复得,chǔ gōng fù dé
楚弓遗影,chǔ gōng yí yǐng
楚棺秦楼,chǔ guān qín lóu
楚馆秦楼,chǔ guǎn qín lóu
楚管蛮弦,chǔ guǎn mán xián
楚界汉河,chǔ jiè hàn hé
楚梦云雨,chǔ mèng yún yǔ
楚囊之情,chǔ náng zhī qíng
楚囚对泣,chǔ qiú duì qì
楚囚相对,chǔ qiú xiāng duì
楚水吴山,chǔ shuǐ wú shān
楚天云雨,chǔ tiān yún yǔ
楚尾吴头,chǔ wěi wú tóu
楚舞吴歌,chǔ wǔ wú gē
楚腰蛴领,chǔ yāo qí lǐng
楚腰卫鬓,chǔ yāo wèi bìn
楚腰纤细,chǔ yāo xiān xì
楚雨巫云,chǔ yǔ wū yún
楚越之急,chǔ yuè zhī jí
楚云湘雨,chǔ yún xiāng yǔ
褚小杯大,zhǔ xiǎo bēi dà
褚小怀大,zhǔ xiǎo huái dà
处高临深,chǔ gāo lín shēn
处实效功,chǔ shí xiào gōng
处堂燕雀,chǔ táng yàn què
处堂燕鹊,chǔ táng yàn què
处心积虑,chǔ xīn jī lǜ
处之泰然,chǔ zhī tài rán
处尊居显,chǔ zūn jū xiǎn
怵目惊心,chù mù jīng xīn
鄐诜丹桂,xì shēn dān guì
鄐诜高第,xì shēn gāo dì
触处机来,chù chǔ jī lái
触地号天,chù dì hào tiān
触斗蛮争,chù dòu mán zhēng
触机便发,chù jī biàn fā
触景伤怀,chù jǐng shāng huái
触景伤情,chù jǐng shāng qíng
触景伤心,chù jǐng shāng xīn
触景生情,chù jǐng shēng qíng
触类而长,chù lèi ér cháng
触类而通,chù lèi ér tōng
触类旁通,chù lèi páng tōng
触目崩心,chù mù bēng xīn
触目成诵,chù mù chéng sòng
触目皆是,chù mù jiē shì
触目经心,chù mù jīng xīn
触目惊心,chù mù jīng xīn
触目儆心,chù mù jǐng xīn
触目警心,chù mù jǐng xīn
触目如故,chù mù rú gù
触目伤怀,chù mù shāng huái
触目伤心,chù mù shāng xīn
触目恸心,chù mù tòng xīn
触目兴叹,chù mù xīng tàn
触石决木,chù shí jué mù
触手可及,chù shǒu kě jí
触手生春,chù shǒu shēng chūn
触物伤情,chù wù shāng qíng
触物兴怀,chù wù xīng huái
黜昏启圣,chù hūn qǐ shèng
黜奢崇俭,chù shē chóng jiǎn
黜邪崇正,chù xié chóng zhèng
黜衣缩食,chù yī suō shí
黜幽陟明,chù yōu zhì míng
黜陟幽明,chù zhì yōu míng
揣骨听声,chuāi gǔ tīng shēng
揣合逢迎,chuǎi hé féng yíng
揣奸把猾,chuāi jiān bǎ huá
揣时度力,chuǎi shí duó lì
啜食吐哺,chuò shí tǔ bǔ
啜菽饮水,chuò shū yǐn shuǐ
啜英咀华,chuò yīng jǔ huá
川流不息,chuān liú bù xī
川渟岳峙,chuān tīng yuè zhì
川壅必溃,chuān yōng bì kuì
川泽纳污,chuān zé nà wū
穿壁引光,chuān bì yǐn guāng
穿房入户,chuān fáng rù hù
穿红着绿,chuān hóng zhuó lǜ
穿花纳锦,chuān huā nà jǐn
穿井得人,chuān jǐng dé rén
穿窬之盗,chuān yú zhī dào
穿云裂石,chuān yún liè shí
穿凿附会,chuān záo fù huì
穿针引线,chuān zhēn yǐn xiàn
传杯换盏,chuán bēi huàn zhǎn
传杯弄盏,chuán bēi nòng zhǎn
传柄移藉,chuán bǐng yí jiè
传道受业,chuán dào shòu yè
传风搧火,chuán fēng yǒu huǒ
传风扇火,chuán fēng shān huǒ
传圭袭组,chuán guī xí zǔ
传龟袭紫,chuán guī xí zǐ
传经送宝,chuán jīng sòng bǎo
传爵袭紫,chuán jué xí zǐ
传神阿堵,chuán shén ē dǔ
传诵一时,chuán sòng yī shí
传为佳话,chuán wéi jiā huà
传为美谈,chuán wéi měi tán
传为笑柄,chuán wéi xiào bǐng
传为笑谈,chuán wéi xiào tán
传闻异辞,chuán wén yì cí
传檄而定,chuán xí ér dìng
传宗接代,chuán zōng jiē dài
船坚炮利,chuán jiān pào lì
舛讹百出,chuǎn é bǎi chū
喘息未定,chuǎn xī wèi dìng
喘息之间,chuǎn xī zhī jiān
喘月吴牛,chuǎn yuè wú niú
串亲访友,chuàn qīn fǎng yǒu
串通一气,chuàn tōng yī qì
疮痍满目,chuāng yí mǎn mù
窗间过马,chuāng jiān guò mǎ
窗明几净,chuāng míng jī jìng
床上安床,chuáng shàng ān chuáng
床上迭床,chuáng shàng dié chuáng
床上叠床,chuáng shàng dié chuáng
床上施床,chuáng shàng shī chuáng
床头金尽,chuáng tóu jīn jìn
床下安床,chuáng xià ān chuáng
床下牛斗,chuáng xià niú dòu
床笫之私,chuáng dì zhī sī
创巨痛仍,chuàng jù tòng réng
创巨痛深,chuāng jù tòng shēn
创钜痛仍,chuàng jù tòng réng
创钜痛深,chuàng jù tòng shēn
创剧痛深,chuàng jù tòng shēn
创业垂统,chuàng yè chuí tǒng
创业维艰,chuàng yè wéi jiān
创意造言,chuàng yì zào yán
怆地呼天,chuàng dì hū tiān
怆然涕下,chuàng rán tì xià
怆天呼地,chuàng tiān hū dì
吹篪乞食,chuī chí qǐ shí
吹吹打打,chuī chuī dǎ dǎ
吹唇唱吼,chuī chún chàng hǒu
吹大法螺,chuī dà fǎ luó
吹弹得破,chuī tán dé pò
吹弹歌舞,chuī tán gē wǔ
吹灯拔蜡,chuī dēng bá là
吹垢索瘢,chuī gòu suǒ bān
吹花嚼蕊,chuī huā jiáo ruǐ
吹灰之力,chuī huī zhī lì
吹角连营,chuī jiǎo lián yíng
吹糠见米,chuī kāng jiàn mǐ
吹毛利刃,chuī máo lì rèn
吹毛求疵,chuī máo qiú cī
吹毛求瑕,chuī máo qiú xiá
吹毛数睫,chuī máo shù jié
吹毛索瘢,chuī máo suǒ bān
吹毛索疵,chuī máo suǒ cī
吹毛索垢,chuī máo suǒ gòu
吹毛洗垢,chuī máo xǐ gòu
吹牛拍马,chuī niú pāi mǎ
吹气如兰,chuī qì rú lán
吹气胜兰,chuī qì shèng lán
吹网欲满,chuī wǎng yù mǎn
吹箫乞食,chuī xiāo qǐ shí
吹叶嚼蕊,chuī yè jiáo ruǐ
吹影镂尘,chuī yǐng lòu chén
吹竹弹丝,chuí zhú dàn sī
炊金馔玉,chuī jīn zhuàn yù
炊臼之戚,chuī jiù zhī qī
炊臼之痛,chuī jiù zhī tòng
炊粱跨卫,chuī liáng kuà wèi
炊琼爇桂,chuī qióng ruò guì
炊沙成饭,chuī shā chéng fàn
炊沙镂冰,chuī shā lòu bīng
炊沙作饭,chuī shā zuò fàn
炊沙作糜,chuī shā zuò mí
炊砂作饭,chuī shā zuò fàn
炊鲜漉清,chuī xiān lù qīng
垂耳下首,chuí ěr xià shǒu
垂饵虎口,chuí ěr hǔ kǒu
垂范百世,chuí fàn bǎi shì
垂拱而治,chuí gǒng ér zhì
垂帘听决,chuí lián tīng jué
垂帘听政,chuí lián tīng zhèng
垂名青史,chuí míng qīng shǐ
垂名竹帛,chuí míng zhú bó
垂暮之年,chuí mù zhī nián
垂手而得,chuí shǒu ér dé
垂手可得,chuí shǒu kě dé
垂首丧气,chuí shǒu sàng qì
垂死挣扎,chuí sǐ zhēng zhá
垂头塞耳,chuí tóu sāi ěr
垂头丧气,chuí tóu sàng qì
垂头铩羽,chuí tóu shā yǔ
垂头塌翅,chuí tóu tā chì
垂头搨翼,chuí tóu dá yì
垂涎三尺,chuí xián sān chǐ
垂涎欲滴,chuí xián yù dī
捶床捣枕,chuí chuáng dǎo zhěn
捶床拍枕,chuí chuáng pāi zhěn
捶骨沥髓,chuí gǔ lì suǐ
捶胸跌脚,chuí xiōng diē jiǎo
捶胸跌足,chuí xiōng diē zú
捶胸顿脚,chuí xiōng dùn jiǎo
捶胸顿足,chuí xiōng dùn zú
槌牛酾酒,chuí niú shāi jiǔ
槌仁提义,chuí rén tí yì
槌胸蹋地,chuí xiōng tà dì
春冰虎尾,chūn bīng hǔ wěi
春风得意,chūn fēng dé yì
春风风人,chūn fēng fèng rén
春风和气,chūn fēng hé qì
春风化雨,chūn fēng huà yǔ
春风满面,chūn fēng mǎn miàn
春风夏雨,chūn fēng xià yǔ
春风野火,chūn fēng yě huǒ
春风一度,chūn fēng yī dù
春风沂水,chūn fēng yí shuǐ
春风雨露,chūn fēng yǔ lù
春光漏泄,chūn guāng lòu xiè
春光明媚,chūn guāng míng mèi
春寒料峭,chūn hán liào qiào
春和景明,chūn hé jǐng míng
春花秋实,chūn huā qiū shí
春花秋月,chūn huā qiū yuè
春华秋实,chūn huá qiū shí
春晖寸草,chūn huī cùn cǎo
春回大地,chūn huí dà dì
春兰秋菊,chūn lán qiū jú
春露秋霜,chūn lù qiū shuāng
春满人间,chūn mǎn rén jiān
春梦无痕,chūn mèng wú hén
春暖花开,chūn nuǎn huā kāi
春暖花香,chūn nuǎn huā xiāng
春葩丽藻,chūn pā lì zǎo
春秋笔法,chūn qiū bǐ fá
春秋鼎盛,chūn qiū dǐng shèng
春去秋来,chūn qù qiū lái
春色撩人,chūn sè liáo rén
春色满园,chūn sè mǎn yuán
春山如笑,chūn shān rú xiào
春蛇秋蚓,chūn shé qiū yǐn
春深似海,chūn shēn sì hǎi
春生秋杀,chūn shēng qiū shā
春树暮云,chūn shù mù yún
春诵夏弦,chūn sòng xià xián
春笋怒发,chūn sǔn mù fā
春蛙秋蝉,chūn wā qiū chán
春宵一刻,chūn xiāo yī kè
春意盎然,chūn yì àng rán
春意阑珊,chūn yì lán shān
春蚓秋蛇,chūn yǐn qiū shé
春雨如油,chūn yǔ rú yóu
椿庭萱室,chūn tíng xuān shì
椿萱并茂,chūn xuān bìng mào
纯一不杂,chún yī bù zá
纯正无邪,chún zhèng wú xié
纯属骗局,chún shú piàn jú
唇敝舌腐,chún bì shé fǔ
唇不离腮,chún bù lí sāi
唇齿相须,chún chǐ xiāng xū
唇齿相依,chún chǐ xiāng yī
唇齿之邦,chún chǐ zhī bāng
唇辅相连,chún fǔ xiāng lián
唇腐齿落,chún fǔ chǐ luò
唇干口燥,chún gān kǒu zào
唇红齿白,chún hóng chǐ bái
唇尖舌利,chún jiān shé lì
唇焦口燥,chún jiāo kǒu zào
唇焦舌敝,chún jiāo shé bì
唇揭齿寒,chún jiē chǐ hán
唇竭齿寒,chún jié chǐ hán
唇枪舌剑,chún qiāng shé jiàn
唇亡齿寒,chún wáng chǐ hán
莼羹鲈脍,chún gēng lú kuài
莼鲈之思,chún lú zhī sī
鹑居鷇食,chún jū kòu shí
鹑居鷇饮,chún jú kòu yǐn
鹑衣百结,chún yī bǎi jié
鹑衣鹄面,chún yī hú miàn
鹑衣鷇食,chún yī kòu shí
醇酒妇人,chún jiǔ fù rén
醇酒美人,chún jiǔ měi rén
蠢蠢欲动,chǔn chǔn yù dòng
踔绝之能,chuō jué zhī néng
踔厉奋发,chuō lì fèn fā
踔厉风发,chuō lì fēng fā
踔厉骏发,chuō lì jùn fā
戳无路儿,chuō wú lù ér
戳心灌髓,chuō xīn guàn suǐ
惙怛伤悴,chuò dá shāng cuì
绰绰有余,chuò chuò yǒu yú
绰绰有裕,chuò chuò yǒu yù
绰有余裕,chuò yǒu yú yù
绰约多姿,chuò yuē duō zī
辍毫栖牍,chuò háo qī dú
歠菽饮水,pá shū yǐn shuǐ
词不达意,cí bù dá yì
词不逮理,cí bù dài lǐ
词不逮意,cí bù dài yì
词钝意虚,cí dùn yì xū
词华典赡,cí huá diǎn shàn
词清讼简,cí qīng sòng jiǎn
词穷理极,cí qióng lǐ jí
词穷理尽,cí qióng lǐ jìn
词穷理绝,cí qióng lǐ jué
词穷理屈,cí qióng lǐ qū
词无枝叶,cí wú zhī yè
词严义密,cí yán yì mì
词严义正,cí yán yì zhèng
词言义正,cí yán yì zhèng
词约指明,cí yuē zhǐ míng
词正理直,cí zhèng lǐ zhí
慈悲为本,cí bēi wéi běn
慈眉善目,cí méi shàn mù
慈眉善眼,cí méi shàn yǎn
慈明无双,cí míng wú shuāng
慈乌反哺,cí wū fǎn bǔ
慈乌返哺,cí wū fǎn bǔ
辞不达义,cí bù dá yì
辞不达意,cí bù dá yì
辞不获命,cí bù huò mìng
辞多受少,cí duō shòu shǎo
辞富居贫,cí fù jū pín
辞简义赅,cí jiǎn yì gāi
辞金蹈海,cí jīn dǎo hǎi
辞巧理拙,cí qiǎo lǐ zhuō
辞穷理屈,cí qióng lǐ qū
辞微旨远,cí wēi zhǐ yuǎn
辞严气正,cí yán qì zhèng
辞严义正,cí yán yì zhèng
辞严谊正,cí yán yì zhèng
辞严意正,cí yán yì zhèng
辞尊居卑,cí zūn jū bēi
雌雄未决,cí xióng wèi jué
此唱彼和,cǐ chàng bǐ hè
此动彼应,cǐ dòng bǐ yīng
此发彼应,cǐ fā bǐ yīng
此伏彼起,cǐ fú bǐ qǐ
此恨绵绵,cǐ hèn mián mián
此呼彼应,cǐ hū bǐ yīng
此疆尔界,cǐ jiāng ěr jiè
此界彼疆,cǐ jiè bǐ jiāng
此起彼伏,cǐ qǐ bǐ fú
此起彼落,cǐ qǐ bǐ luò
此事体大,cǐ shì tǐ dà
此问彼难,cǐ wèn bǐ nán
此中三昧,cǐ zhōng sān mèi
刺刺不休,cì cì bù xiū
刺股读书,cì gǔ dú shū
刺股悬梁,cì gǔ xuán liáng
刺虎持鹬,cì hǔ chí yù
刺上化下,cì shàng huà xià
刺心刻骨,cì xīn kè gǔ
刺心裂肝,cì xīn liè gān
刺心切骨,cì xīn qiè gǔ
赐茅授土,cì máo shòu tǔ
赐墙及肩,cì qiáng jí jiān
从壁上观,cóng bì shàng guān
从长计较,cóng cháng jì jiào
从长计议,cóng cháng jì yì
从长商议,cóng cháng shāng yì
从恶如崩,cóng è rú bēng
从恶若崩,cóng è ruò bēng
从恶是崩,cóng è shì bēng
从风而服,cóng fēng ér fú
从风而靡,cóng fēng ér mí
从谏如流,cóng jiàn rú liú
从井救人,cóng jǐng jiù rén
从宽发落,cóng kuān fā luò
从令如流,cóng lìng rú liú
从流忘反,cóng liú wàng fǎn
从轻发落,cóng qīng fā luò
从容不迫,cóng róng bù pò
从容就义,cóng róng jiù yì
从容应对,cóng róng yìng duì
从容自如,cóng róng zì rú
从容自若,cóng róng zì ruò
从善如登,cóng shàn rú dēng
从善如流,cóng shàn rú liú
从善若流,cóng shàn ruò liú
从俗浮沉,cóng sú fú chén
从俗就简,cóng sú jiù jiǎ
从天而降,cóng tiān ér jiàng
从天而下,cóng tiān ér xià
从头彻尾,cóng tóu chè wěi
从头到尾,cóng tóu dào wěi
从头至尾,cóng tóu zhì wěi
从心所欲,cóng xīn suǒ yù
从一而终,cóng yī ér zhōng
从中渔利,cóng zhōng yú lì
从中作梗,cóng zhōng zuò gěng
聪明才智,cōng míng cái zhì
聪明绝世,cōng míng jué shì
聪明伶俐,cōng míng líng lì
聪明睿智,cōng míng ruì zhì
聪明一世,cōng míng yī shì
聪明正直,cōng míng zhèng zhí
聪明智慧,cōng míng zhì huì
聪明智能,cōng míng zhì néng
丛轻折轴,cóng qīng zhé zhóu
丛雀渊鱼,cóng què yuān yú
丛山峻岭,cóng shān jùn lǐng
粗茶淡饭,cū chá dàn fàn
粗风暴雨,cū fēng bào yǔ
粗服乱头,cū fú luàn tóu
粗袍粝食,cū páo lì shí
粗通文墨,cū tōng wén mò
粗心大意,cū xīn dà yì
粗心浮气,cū xīn fú qì
粗衣淡饭,cū yī dàn fàn
粗衣恶食,cū yī è shí
粗衣粝食,cū yī lì shí
粗枝大叶,cū zhī dà yè
粗制滥造,cū zhì làn zào
粗中有细,cū zhōng yǒu xì
促膝谈心,cù xī tán xīn
猝不及防,cù bù jí fáng
踧踖不安,cù jí bù ān
醋海翻波,cù hǎi fān bō
簇锦团花,cù jǐn tuán huā
蹙蹙靡骋,cù cù mǐ chěng
蹙金结绣,cù jīn jié xiù
撺拳拢袖,cuān quán lǒng xiù
蹿房越脊,cuān fáng yuè jí
窜端匿迹,cuàn duān nì jì
篡党夺权,cuàn dǎng duó quán
篡位夺权,cuàn wèi duó quán
爨桂炊玉,cuàn guì chuī yù
催人泪下,cuī rén lèi xià
摧锋陷坚,cuī fēng xiàn jiān
摧锋陷阵,cuī fēng xiàn zhèn
摧刚为柔,cuī gāng wéi róu
摧坚获丑,cuī jiān huò chǒu
摧坚陷阵,cuī jiān xiàn zhèn
摧枯拉腐,cuī kū lā fǔ
摧枯拉朽,cuī kū lā xiǔ
摧枯折腐,cuī kū zhé fǔ
摧枯振朽,cuī kū zhèn xiǔ
摧兰折玉,cuī lán zhé yù
摧眉折腰,cuī méi zhé yāo
摧身碎首,cuī shēn suì shǒu
摧陷廓清,cuī xiàn kuò qīng
摧心剖肝,cuī xīn pōu gān
摧朽拉枯,cuī xiǔ lā kū
摧折豪强,cuī zhé háo qiáng
榱崩栋折,cuī bēng dòng shé
榱栋崩折,cuī dòng bēng shé
璀璨夺目,cuǐ càn duó mù
脆而不坚,cuì ér bù jiān
啛啛喳喳,cuì cuì chā chā
翠绕珠围,cuì rào zhū wéi
翠围珠绕,cuì wéi zhū rào
翠消红减,cuì xiāo hóng jiǎn
翠竹黄花,cuì zhú huáng huā
村夫俗子,cūn fū sú zǐ
村夫野老,cūn fū yě lǎo
村哥里妇,cūn gē lǐ fù
村歌社鼓,cūn gē shè gǔ
村歌社舞,cūn gē shè wǔ
村酒野蔬,cūn jiǔ yě shū
村生泊长,cūn shēng bó cháng
村箫社鼓,cūn xiāo shè gǔ
村学究语,cūn xué jiū yǔ
村野匹夫,cūn yě pǐ fū
存而不论,cún ér bù lùn
存亡安危,cún wáng ān wēi
存亡继绝,cún wáng jì jué
存亡绝续,cún wáng jué xù
存亡未卜,cún wáng wèi bǔ
存亡续绝,cún wáng xù jué
存心不良,cún xīn bù liáng
存心积虑,cún xīn jī lǜ
存心养性,cún xīn yǎng xìng
寸兵尺铁,cùn bīng chǐ tiě
寸步不离,cùn bù bù lí
寸步不让,cùn bù bù ràng
寸步难行,cùn bù nán xíng
寸步难移,cùn bù nán yí
寸步千里,cùn bù qiān lǐ
寸草不留,cùn cǎo bù liú
寸草不生,cùn cǎo bù shēng
寸草春晖,cùn cǎo chūn huī
寸草衔结,cùn cǎo xián jié
寸长尺短,cùn cháng chǐ duǎn
寸长尺技,cùn cháng chǐ jì
寸长片善,cùn cháng piàn shàn
寸地尺天,cùn dì chǐ tiān
寸积铢累,cùn jī zhū lěi
寸进尺退,cùn jìn chǐ tuì
寸利必得,cùn lì bì dé
寸量铢称,cùn liáng zhū chēng
寸木岑楼,cùn mù cén lóu
寸男尺女,cùn nán chǐ nǚ
寸善片长,cùn shàn piàn cháng
寸丝半粟,cùn sī bàn sù
寸丝不挂,cùn sī bù guà
寸蹄尺缣,cùn tí chǐ jiān
寸田尺宅,cùn tián chǐ zhái
寸铁杀人,cùn tiě shā rén
寸铁在手,cùn tiě zāi shǒu
寸土必争,cùn tǔ bì zhēng
寸土不让,cùn tǔ bù ràng
寸土尺地,cùn tǔ chǐ dì
寸土尺金,cùn tǔ chǐ jīn
寸辖制轮,cùn xiá zhì lún
寸心千古,cùn xīn qiān gǔ
寸阴尺璧,cùn yīn chǐ bì
寸阴若岁,cùn yīn ruò suì
寸阴是惜,cùn yīn shì xī
寸有所长,cùn yǒu suǒ cháng
寸指测渊,cùn zhǐ cè yuān
搓手顿脚,cuō shǒu dùn jiǎo
搓手顿足,cuō shǒu dùn zú
撮科打哄,cuō kē dǎ hòng
撮科打閧,cuō kē dǎ hòng
撮土焚香,cuō gǔ fén xiāng
撮盐入火,cuō yán rù huǒ
撮盐入水,cuō yán rù shuǐ
蹉跎日月,cuō tuó rì yuè
蹉跎时日,cuō tuó shí rì
蹉跎岁月,cuō tuó suì yuè
蹉跎自误,cuō tuó zì wù
厝火积薪,cuò huǒ jī xīn
厝火燎原,cuò huǒ liǎo yuán
挫骨扬灰,cuò gǔ yáng huī
措手不及,cuò shǒu bù jí
措心积虑,cuò xīn jī lǜ
措置裕如,cuò zhì yù rú
错彩镂金,cuò cǎi lòu jīn
错节盘根,cuò jié pán gēn
错落不齐,cuò luò bù qí
错落高下,cuò luò gāo xià
错落有致,cuò luò yǒu zhì
错认颜标,cuò rèn yán biāo
错综复杂,cuò zōng fù zá
搭搭撒撒,dā dā sā sā
嗒然若丧,tà rán ruò sàng
达地知根,dá dì zhī gēn
达观知命,dá guān zhī mìng
达官贵人,dá guān guì rén
达官贵要,dá guān guì yào
达官显宦,dá guān xiǎn huàn
达官要人,dá guān yào rén
达官知命,dá guān zhī mìng
达权通变,dá quán tōng biàn
达权知变,dá quán zhī biàn
达人知命,dá rén zhī mìng
达士通人,dá shì tōng rén
怛然失色,dá rán shī sè
沓冈复岭,tà gāng fù lǐng
沓来麕至,tà lái yǒu zhì
沓来踵至,tǎ lái zhǒng zhì
答非所问,dá fēi suǒ wèn
打抱不平,dǎ bào bù píng
打草惊蛇,dǎ cǎo jīng shé
打草蛇惊,dǎ cǎo shé jīng
打成一片,dǎ chéng yī piàn
打得火热,dǎ dé huǒ rè
打凤捞龙,dǎ fèng lāo lóng
打凤牢龙,dǎ fèng láo lóng
打富济贫,dǎ fù jì pín
打恭作揖,dǎ gōng zuò yī
打躬作揖,dǎ gōng zuō yī
打拱作揖,dǎ gǒng zuò yī
打狗看主,dǎ gǒu kàn zhǔ
打滚撒泼,dǎ gǔn sā pō
打虎牢龙,dǎ hǔ láo lóng
打诨插科,dǎ hùn chā kē
打击报复,dǎ jī bào fù
打鸡骂狗,dǎ jī mà gǒu
打家劫舍,dǎ jiā jié shè
打家截道,dǎ jiā jié dào
打家截舍,dǎ jiā jié shě
打街骂巷,dǎ jiē mà xiàng
打落水狗,dǎ luò shuǐ gǒu
打马虎眼,dǎ mǎ hu yǎn
打闷葫芦,dǎ mèn hú lu
打破常规,dǎ pò cháng guī
打破迷关,dǎ pò mí guān
打情骂俏,dǎ qíng mà qiào
打情骂趣,dǎ qíng mà qù
打情卖笑,dǎ qíng mài xiào
打人骂狗,dǎ rén mà gǒu
打入冷宫,dǎ rù lěng gōng
打死老虎,dǎ sǐ lǎo hǔ
打铁趁热,dǎ tiě chèn rè
打退堂鼓,dǎ tuì táng gǔ
打小算盘,dǎ xiǎo suàn pán
打鸭惊鸳,dǎ yā jīng yuān
打牙犯嘴,dǎ yá fàn zuǐ
打牙配嘴,dǎ yá pèi zuǐ
大败亏轮,dà bài kuī lún
大败亏输,dà bài kuī shū
大本大宗,dà běn dà zōng
大笔如椽,dà bǐ rú chuán
大辩不言,dà biàn bù yán
大辩若讷,dà biàn ruò nè
大步流星,dǎ bù liú xīng
大才榱盘,dà cái cuī pán
大才榱槃,dà cái cuī pán
大才盘盘,dà cái pán pán
大才槃槃,dà cái pán pán
大材小用,dà cái xiǎo yòng
大车以载,dà chē yǐ zài
大彻大悟,dà chè dà wù
大澈大悟,dà chè dà wù
大吃一惊,dà chī yī jīng
大处落墨,dà chù luò mò
大处着墨,dà chù zhuó mò
大处着眼,dà chù zhuó yǎn
大吹大打,dà chuī dà dǎ
大吹大擂,dà chuī dà léi
大吹法螺,dà chuī fǎ luó
大醇小疵,dà chún xiǎo cī
大慈大悲,dà cí dà bēi
大错特错,dà cuò tè cuò
大打出手,dà dǎ chū shǒu
大大咧咧,dà dà liē liē
大大落落,dà dà luò luò
大胆包身,dà dǎn bāo shēn
大刀阔斧,dà dāo kuò fǔ
大得人心,dà dé rén xīn
大敌当前,dà dí dāng qián
大地春回,dà dì chūn huí
大地回春,dà dì huí chūn
大动干戈,dà dòng gān gē
大动肝火,dà dòng gān huǒ
大动公惯,dà dòng gōng guàn
大度包容,dà dù bāo róng
大恩大德,dà ēn dà dé
大而化之,dà ér huà zhī
大而无当,dà ér wú dàng
大发慈悲,dà fā cí bēi
大发雷霆,dà fā léi tíng
大发谬论,dà fā miù lùn
大发议论,dà fā yì lùn
大法小廉,dà fǎ xiǎo lián
大方之家,dà fāng zhī jiā
大放悲声,dà fàng bēi shēng
大放厥词,dà fàng jué cí
大放厥辞,dà fàng jué cí
大风大浪,dà fēng dà làng
大腹便便,dà fù pián pián
大工告成,dà gōng gào chéng
大公无私,dà gōng wú sī
大功毕成,dà gōng bì chéng
大功告成,dà gōng gào chéng
大海捞针,dà hǎi lāo zhēn
大含细入,dà hán xì rù
大寒索裘,dà hán suǒ qiú
大喊大叫,dà hǎn dà jiào
大旱望云,dà hàn wàng yún
大旱云霓,dà hàn yún ní
大好河山,dà hǎo hé shān
大红大绿,dà hóng dà lǜ
大红大紫,dà hóng dà zǐ
大呼小喝,dà hū xiǎo hē
大呼小叫,dà hū xiǎo jiào
大获全胜,dà huò quán shèng
大惑不解,dà huò bù jiě
大吉大利,dà jí dà lì
大计小用,dà jì xiǎo yòng
大家风范,dà jiā fēng fàn
大家闺秀,dà jiā guī xiù
大渐弥留,dà jiàn mí liú
大江东去,dà jiāng dōng qù
大江南北,dà jiāng nán běi
大匠运斤,dà jiàng yùn jīn
大街小巷,dà jiē xiǎo xiàng
大节不夺,dà jié bù duó
大经大法,dà jīng dà fǎ
大惊失色,dà jīng shī sè
大惊小怪,dà jīng xiǎo guài
大开大合,dà kāi dà hé
大开眼界,dà kāi yǎn jiè
大块朵颐,dà kuài duǒ yí
大块文章,dà kuài wén zhāng
大快人心,dà kuài rén xīn
大浪淘沙,dà làng táo shā
大辂椎轮,dà lù zhuī lún
大路椎轮,dà lù zhuī lún
大马金刀,dà mǎ jīn dāo
大梦初醒,dà mèng chū xǐng
大梦方醒,dà mèng fāng xǐng
大名鼎鼎,dà míng dǐng dǐng
大名难居,dà míng nán jū
大明法度,dà jíng fǎ dù
大谬不然,dà miù bù rán
大缪不然,dà miù bù rán
大模大样,dà mó dà yàng
大莫与京,dà mò yǔ jīng
大谋不谋,dà móu bù móu
大难不死,dà nàn bù sǐ
大难临头,dà nàn lín tóu
大逆不道,dà nì bù dào
大逆无道,dà nì wú dào
大璞不完,tài bú bù wán
大起大落,dà qǐ dà luò
大气磅礴,dà qì páng bó
大器晚成,dà qì wǎn chéng
大千世界,dà qiān shì jiè
大巧若拙,dà qiǎo ruò zhuō
大请大受,dà qǐng dà shòu
大权独揽,dà quán dú lǎn
大权旁落,dà quán páng luò
大权在握,dà quán zài wò
大人虎变,dà rén hǔ biàn
大人先生,dà rén xiān sheng
大仁大义,dà rén dà yì
大杀风景,dà shā fēng jǐng
大煞风景,dà shā fēng jǐng
大煞风趣,dà shà fēng qù
大声疾呼,dà shēng jí hū
大失人望,dà shī rén wàng
大失所望,dà shī suǒ wàng
大事铺张,dà shì pū zhāng
大事去矣,dà shì qù yǐ
大势所趋,dà shì suǒ qū
大势已去,dà shì yǐ qù
大是大非,dà shì dà fēi
大手大脚,dà shǒu dà jiǎo
大书特书,dà shū tè shū
大树将军,dà shù jiāng jūn
大肆挥霍,dà sì huī huò
大肆厥辞,dà sì jué cí
大肆铺张,dà sì pū zhāng
大肆宣传,dà sì xuān chuán
大题小作,dà tí xiǎo zuò
大题小做,dà tí xiǎo zuò
大天白日,dà tiān bái rì
大廷广众,dà tíng guǎng zhòng
大庭广众,dà tíng guǎng zhòng
大同小异,dà tóng xiǎo yì
大头小尾,dà tóu xiǎo wěi
大喜过望,dà xǐ guò wàng
大喜若狂,dā xǐ ruò kuáng
大厦栋梁,dà shà dòng liáng
大厦将颠,dà shà jiāng diān
大厦将倾,dà shà jiāng qīng
大贤虎变,dà xián hǔ biàn
大显身手,dà xiǎn shēn shǒu
大显神通,dà xiǎn shén tōng
大相径庭,dà xiāng jìng tíng
大相迳庭,dà xiāng jìng tíng
大兴土木,dà xīng tǔ mù
大行大市,dà háng dà shì
大雅君子,dà yǎ jūn zǐ
大雅之堂,dà yǎ zhī táng
大言不惭,dà yán bù cán
大吆小喝,dà yāo xiǎo hē
大摇大摆,dà yáo dà bǎi
大义凛然,dà yì lǐn rán
大义灭亲,dà yì miè qīn
大音希声,dà yīn xī shēng
大勇若怯,dà yǒng ruò qiè
大有裨益,dà yǒu bì yì
大有见地,dà yǒu jiàn dì
大有径庭,dà yǒu jìng tíng
大有迳庭,dà yǒu jìng tíng
大有可观,dà yǒu kě guān
大有可为,dà yǒu kě wéi
大有起色,dà yǒu qǐ sè
大有人在,dà yǒu rén zài
大有文章,dà yǒu wén zhāng
大有作为,dà yǒu zuò wéi
大雨滂沱,dà yǔ páng tuó
大雨倾盆,dà yǔ qīng pén
大雨如注,dà yǔ rú zhù
大禹治水,dà yǔ zhì shuǐ
大展宏图,dà zhǎn hóng tú
大展经纶,dà zhǎn jīng lún
大张其词,dà zhāng qí cí
大张旗鼓,dà zhāng qí gǔ
大张声势,dà zhāng shēng shì
大张挞伐,dà zhāng tà fá
大杖则走,dà zhàng zé zǒu
大政方针,dà zhèng fāng zhēn
大直若诎,dà zhí ruò qū
大直若屈,dà zhí ruò qū
大智大勇,dà zhì dà yǒng
大智如愚,dà zhì rú yú
大智若愚,dà zhì ruò yú
大中至正,dà zhōng zhì zhèng
大做文章,dà zuò wén zhāng
呆里撒奸,dāi lǐ sā jiān
呆如木鸡,dāi rú mù jī
呆若木鸡,dāi ruò mù jī
呆似木鸡,dāi sì mù jī
呆头呆脑,dāi tóu dāi nǎo
代拆代行,dài chāi dài xíng
代代相传,dài dài xiāng chuán
代马望北,dài mǎ wàng běi
代马依风,dài mǎ yī fēng
代人受过,dài rén shòu guò
代人说项,dài rén shuō xiàng
代人捉刀,dài rén zhuō dāo
代为说项,dài wéi shuō xiàng
代越庖俎,dài yuè páo zǔ
带减腰围,dài jiǎn yāo wéi
带金佩紫,dài jīn pèi zǐ
带砺河山,dài lì hé shān
带砺山河,dài lì shān hé
带牛佩犊,dài niú pèi dú
带水拖泥,dài shuǐ tuō ní
带月披星,dài yuè pī xīng
带罪立功,dài zuì lì gōng
待贾而沽,dài jiǎ ér gū
待价而沽,dài jià ér gū
待理不理,dài lǐ bù lǐ
待人接物,dài rén jiē wù
待时而动,dài shí ér dòng
待时守分,dài shí shǒu fèn
待兔守株,dài tù shǒu zhū
待月西厢,dài yuè xī xiāng
待字闺中,dài zì guī zhōng
怠惰因循,dài duò yīn xún
殆无孑遗,dài wú jié yí
殆无虚日,dài wú xū rì
戴发含齿,dài fā hán chǐ
戴发含牙,dài fā hán yá
戴高帽儿,dài gāo mào ér
戴高帽子,dài gāo mào zǐ
戴鸡佩豚,dài jī pèi tún
戴笠乘车,dài lì chéng chē
戴笠故交,dài lì gù jiāo
戴眉含齿,dài méi hán chǐ
戴盆望天,dài pén wàng tiān
戴清履浊,dài qīng lǚ zhuó
戴日戴斗,dài rì dài dòu
戴霜履冰,dài shuāng lǚ bīng
戴天蹐地,dài tiān jí dì
戴天履地,dài tiān lǚ dì
戴头识脸,dài tóu shí liǎn
戴玄履黄,dài xuán lǚ huáng
戴圆履方,dài yuán lǚ fāng
戴月披星,dài yuè pī xīng
戴罪立功,dài zuì lì gōng
丹凤朝阳,dān fèng cháo yáng
丹黄甲乙,dān huáng jiǎ yǐ
丹漆随梦,dān qī suí mèng
丹铅甲乙,dān qiān jiǎ yǐ
丹青不渝,dān qīng bù yú
丹青妙手,dān qīng miào shǒu
丹书白马,dān shū bái mǎ
丹书铁契,dān shū tiě qì
丹书铁券,dān shū tiě quàn
丹心碧血,dān xīn bì xuè
丹心如故,dān xīn rú gù
丹楹刻桷,dān yíng kè jué
单兵孤城,dān bīng gū chéng
单刀赴会,dān dāo fù huì
单刀直入,dān dāo zhí rù
单鹄寡凫,dān hú guǎ fú
单见浅闻,dān jiàn qiǎn wén
单孑独立,dān jié dú lì
单枪独马,dān qiāng dú mǎ
单枪匹马,dān qiāng pí mǎ
单丝不线,dān sī bù xiàn
单文孤证,dān wén gū zhèng
单忧极瘁,dān yōu jí cuì
担惊忍怕,dān jīng rěn pà
担惊受恐,dān jīng shòu kǒng
担惊受怕,dān jīng shòu pà
担雪塞井,dān xuě sāi jǐng
担雪填河,dān xuě tián hé
担雪填井,dān xuě tián jǐng
眈眈逐逐,dān dān zhú zhú
耽惊受怕,dān jīng shòu pà
躭惊受怕,dān jīng shòu pà
殚财竭力,dān cái jié lì
殚诚毕虑,dān chéng bì lǜ
殚见洽闻,dān jiàn qià wén
殚精毕力,dān jīng bì lì
殚精极虑,dān jīng jí lǜ
殚精竭力,dān jīng jié lì
殚精竭虑,dān jīng jié lǜ
殚谋戮力,dān móu lù lì
殚思极虑,dān sī jí lǜ
殚智竭力,dān zhì jié lì
箪豆见色,dān dòu jiàn sè
箪瓢屡空,dān piáo lǚ kōng
箪食壶浆,dān sì hú jiāng
箪食壶酒,dān sì hú jiǔ
箪食瓢饮,dān sì piáo yǐn
儋石之储,dàn shí zhī chǔ
胆颤心惊,dǎn chàn xīn jīng
胆粗气壮,dǎn cū qì zhuàng
胆大包天,dǎn dà bāo tiān
胆大泼天,dǎn dà pō tiān
胆大如斗,dǎn dà rú dǒu
胆大妄为,dǎn dà wàng wéi
胆大心粗,dǎn dā xīn cū
胆大心细,dǎn dà xīn xì
胆大心小,dǎn dà xīn xiǎo
胆大心雄,dǎn dà xīn xióng
胆大于身,dǎn dà yú shēn
胆寒发竖,dǎn hán fā shù
胆裂魂飞,dǎn liè hún fēi
胆破心寒,dǎn pò xīn hán
胆丧魂惊,dǎn sàng hún jīng
胆丧魂消,dǎn sàng hún xiāo
胆小怕事,dǎn xiǎo pà shì
胆小如豆,dǎn xiǎo rú dòu
胆小如鼠,dǎn xiǎo rú shǔ
胆小如鼷,dǎn xiǎo rú xī
胆战心寒,dǎn zhàn xīn hán
胆战心慌,dǎn zhàn xīn huāng
胆战心惊,dǎn zhàn xīn jīng
胆战心摇,dǎn zhàn xīn yáo
胆壮气粗,dǎn zhuàng qì cū
胆壮心雄,dǎn zhuàng xīn xióng
旦旦而伐,dàn dàn ér fá
旦暮入地,dàn mù rù dì
旦夕之间,dàn xī zhī jiān
旦夕之危,dàn xī zhī wěi
旦种暮成,dàn zhòng mù chéng
诞幻不经,dàn huàn bù jīng
诞谩不经,dàn màn bù jīng
诞罔不经,dàn wǎng bù jīng
诞妄不经,dàn wàng bù jīng
啖以重利,dàn yǐ zhòng lì
弹冠结绶,tán guān jié shòu
弹冠相庆,tán guān xiāng qìng
弹冠振衿,tán guān zhèn jīn
弹冠振衣,tán guān zhèn yī
弹铗无鱼,dàn jiá wú yú
弹剑作歌,tán jiàn zuò gē
弹斤估两,tán jīn gū liǎng
弹尽粮绝,dàn jìn liáng jué
弹尽援绝,dàn jìn yuán jué
弹空说嘴,tán kōng shuō zuǐ
弹丝品竹,tán sī pǐn zhú
弹丸黑志,dàn wán hēi zhì
弹丸黑子,dàn wán hēi zǐ
弹丸脱手,tán wán tuō shǒu
弹丸之地,dàn wán zhī dì
弹无虚发,dàn wú xū fā
弹雨枪林,dàn yǔ qiāng lín
弹指之间,tán zhǐ zhī jiān
惮赫千里,dàn hè qiān lǐ
淡泊明志,dàn bó míng zhì
淡而不厌,dàn ér bù yàn
淡而无味,dàn ér wú wèi
淡饭黄齑,dàn fàn huáng jī
淡然处之,dàn rán chǔ zhī
淡然置之,dàn rán zhì zhī
淡汝浓抹,dàn zhuāng nóng mǒ
淡扫蛾眉,dàn sǎo é méi
淡水交情,dàn shuǐ jiāo qíng
淡写轻描,dàn xiě qīng miáo
淡妆浓抹,dàn zhuāng nóng mǒ
淡妆轻抹,dàn zhuāng qīng mò
澹泊寡欲,dàn bó guǎ yù
当场出彩,dāng chǎng chū cǎi
当场出丑,dāng chǎng chū chǒu
当断不断,dāng duàn bù duàn
当耳边风,dāng ěr biān fēng
当耳旁风,dāng ěr páng fēng
当风秉烛,dāng fēng bǐng zhú
当机立断,dāng jī lì duàn
当机立决,dāng jī lì jué
当家理纪,dāng jiā lǐ jì
当家立计,dāng jiā lì jì
当家立纪,dāng jiā lì jì
当家立事,dāng jiā lì shì
当家立业,dāng jiā lì yè
当家作主,dāng jiā zuò zhǔ
当今无辈,dāng jīn wú bèi
当局者迷,dāng jú zhě mí
当立之年,dāng lì zhī nián
当门抵户,dāng mén dǐ hù
当面错过,dāng miàn cuò guò
当仁不让,dāng rén bù ràng
当世才度,dāng shì cái dù
当世无双,dāng shì wú shuāng
当头棒喝,dāng tóu bàng hè
当头对面,dāng tóu duì miàn
当头一棒,dāng tóu yī bàng
当务始终,dang wu shi zhong
当务之急,dāng wù zhī jí
当刑而王,dāng xíng ér wáng
当行本色,dāng xíng běn sè
当行出色,dāng háng chū sè
当之无愧,dāng zhī wú kuì
当之有愧,dāng zhī yǒu kuì
当轴处中,dāng zhóu chǔ zhōng
当着不着,dāng zhuó bù zhuó
党豺为虐,dǎng chái wéi nüè
党恶佑奸,dǎng è yòu jiān
党坚势盛,dǎng jiān shì shèng
党同妒异,dǎng tóng dù yì
党同伐异,dǎng tóng fá yì
党邪丑正,dǎng xié chǒu zhèng
党邪陷正,dǎng xié xiàn zhèng
谠论侃侃,dǎng lùn kǎn kǎn
谠言嘉论,dǎng yán jiā lùn
谠言直声,dǎng yán zhí shēng
荡产倾家,dàng chǎn qīng jiā
荡海拔山,dàng hǎi bá shān
荡魂摄魄,dàng hún shè pò
荡检逾闲,dàng jiǎn yú xián
荡气回肠,dàng qì huí cháng
荡然无存,dàng rán wú cún
荡析离居,dàng xī lí jū
刀耕火耨,dāo gēng huǒ nòu
刀耕火耘,dāo gēng huǒ yún
刀耕火种,dāo gēng huǒ zhòng
刀光剑影,dāo guāng jiàn yǐng
刀光血影,dāo guāng xuè yǐng
刀过竹解,dāo guò zhú jiě
刀锯鼎镬,dāo jù dǐng huò
刀锯斧钺,dāo jù fǔ yuè
刀枪剑戟,dāo qiāng jiàn jǐ
刀枪入库,dāo qiāng rù kù
刀山火海,dāo shān huǒ hǎi
刀山剑树,dāo shān jiàn shù
刀头剑首,dāo tóu jiàn shǒu
刀头舔蜜,dāo tóu tiǎn mì
刀头燕尾,dāo tóu yàn wěi
刀下留人,dāo xià liú rén
刀俎余生,dāo zǔ yú shēng
叨陪末座,tāo péi mò zuò
叨在知己,tāo zài zhī jǐ
导德齐礼,dǎo dé qí lǐ
导以取保,dao yi qu bao
岛瘦郊寒,dǎo shòu jiāo hán
倒背如流,dào bèi rú liú
倒绷孩儿,dào bēng hái ér
倒持干戈,dǎo chí gān gē
倒持戈矛,dǎo chí gē máo
倒持手板,dǎo chí shǒu bǎn
倒持太阿,dǎo chí tài ā
倒持泰阿,dào chí tài ē
倒打一耙,dào dǎ yī pá
倒打一瓦,dào dǎ yī wǎ
倒凤颠鸾,dǎo fèng diān luán
倒戈卸甲,dǎo gē xiè jiǎ
倒冠落佩,dǎo guān luò pèi
倒冠落珮,dǎo guàn luò pèi
倒果为因,dào guǒ wéi yīn
倒海翻江,dǎo hǎi fān jiāng
倒戢干戈,dǎo jí gān gē
倒街卧巷,dǎo jiē wò xiàng
倒廪倾囷,dǎo lǐn qīng qūn
倒箧倾筐,dǎo qiè qīng kuāng
倒箧倾囊,dǎo qiè qīng náng
倒三颠四,dǎo sān diān sì
倒山倾海,dǎo shān qīng hǎi
倒裳索领,dào cháng suǒ lǐng
倒屣相迎,dào xǐ xiāng yíng
倒峡泻河,dǎo xiá xiè hé
倒行逆施,dào xíng nì shī
倒悬之急,dào xuán zhī jí
倒悬之苦,dào xuán zhī kǔ
倒悬之危,dào xuán zhī wēi
倒因为果,dǎo yīn wéi guǒ
倒载干戈,dào zài gān gē
倒执手版,dǎo zhí shǒu bǎn
倒置干戈,dào zhì gān gē
捣虚批吭,dǎo xū pī háng
捣虚撇抗,dǎo xū piē kàng
蹈常习故,dǎo cháng xí gù
蹈常袭故,dǎo cháng xí gù
蹈锋饮血,dǎo fēng yǐn xuè
蹈赴汤火,dǎo fù tāng huǒ
蹈故习常,dǎo gù xí cháng
蹈规循矩,dǎo guī xún jǔ
蹈火赴汤,dǎo huǒ fù tāng
蹈火探汤,dǎo huǒ tàn tāng
蹈机握杼,dǎo jī wò zhù
蹈节死义,dǎo jié sǐ yì
蹈矩践墨,dǎo jǔ jiàn mò
蹈矩循规,dǎo jǔ xún guī
蹈矩循彟,dǎo jǔ xún yuē
蹈厉奋发,dǎo lì fèn fā
蹈厉之志,dǎo lì zhī zhì
蹈其覆辙,dǎo qì fù zhé
蹈人旧辙,dǎo rén jiù zhé
蹈仁履义,dǎo rén lǚ yì
蹈刃不旋,dǎo rèn bù xuán
蹈汤赴火,dǎo tāng fù huǒ
蹈袭覆辙,dǎo xí fù zhé
蹈袭前人,dǎo xí qián rén
悼心疾首,dào xīn jí shǒu
悼心失图,dào xīn shī tú
盗铃掩耳,dào líng yǎn ěr
盗名暗世,dào míng àn shì
盗名欺世,dào míng qī shì
盗嫂受金,dào sǎo shòu jīn
盗食致饱,dào shí zhì bǎo
盗亦有道,dào yì yǒu dào
盗玉窃钩,dào yù qiè gōu
盗怨主人,dào yuàn zhǔ rén
盗憎主人,dào zēng zhǔ rén
盗跖之物,dào zhí zhī wù
盗钟掩耳,dào zhōng yǎn ěr
道傍苦李,dào páng kǔ lǐ
道傍之筑,dào bàng zhī zhù
道傍筑室,dào bàng zhù shì
道边苦李,dào biān kǔ lǐ
道不掇遗,dào bù duō yí
道不举遗,dào bù jǔ yí
道不拾遗,dào bù shí yí
道不相谋,dào bù xiāng móu
道长论短,dào cháng lùn duǎn
道长争短,dào cháng zhēng duǎn
道存目击,dào cún mù jī
道大莫容,dào dà mò róng
道德文章,dào dé wén zhāng
道弟称兄,dào dì chēng xiōng
道东说西,dào dōng shuō xī
道而不径,dào ér bù jìng
道高德重,dào gāo dé zhòng
道高魔重,dào gāo mó zhòng
道高望重,dào gāo wàng zhòng
道骨仙风,dào gǔ xiān fēng
道寡称孤,dào guǎ chēng gū
道合志同,dào hé zhì tóng
道尽涂殚,dào jìn tú dān
道尽涂穷,dào jìn tú qióng
道尽途殚,dào jìn tú dān
道尽途穷,dào jìn tú qióng
道殣相望,dào jìn xiāng wàng
道殣相枕,dào jìn xiāng zhěn
道殣相属,dào jìn xiāng shǔ
道路以目,dào lù yǐ mù
道貌岸然,dào mào àn rán
道貌凛然,dào mào lǐn rán
道貌俨然,dào mào yǎn rán
道旁苦李,dào páng kǔ lǐ
道山学海,dào shān xué hǎi
道听耳食,dào tīng ěr shí
道听涂说,dào tīng tú shuō
道听途说,dào tīng tú shuō
道同契合,dào tóng qì hé
道同义合,dào tóng yì hé
道同志合,dào tóng zhì hé
道头会尾,dào tóu huì wěi
道头知尾,dào tóu zhī wěi
道微德薄,dào wēi dé báo
道无拾遗,dào wú shí yí
道西说东,dào xī shuō dōng
道学先生,dào xué xiān shēng
道义之交,dào yì zhī jiāo
道远日暮,dào yuàn rì mù
道远知骥,dào yuǎn zhī jì
道在人为,dào zài rén wéi
道在屎溺,dào zài shǐ nì
得薄能鲜,dé bó néng xiān
得不补失,dé bù bǔ shī
得不偿丧,dé bù cháng sàng
得不偿失,dé bù cháng shī
得不酬失,dé bù chóu shī
得步进步,dé bù jìn bù
得尺得寸,dé chǐ dé cùn
得寸得尺,dé cùn dé chǐ
得寸进尺,dé cùn jìn chǐ
得寸则寸,dé cùn zé cùn
得道多助,dé dào duō zhù
得而复失,dé ér fù shī
得过且过,dé guò qiě guò
得陇望蜀,dé lǒng wàng shǔ
得马生灾,dé mǎ shēng zāi
得马失马,dé mǎ shī mǎ
得马折足,dé mǎ shé zú
得其三昧,dé qí sān mèi
得其所哉,dé qí suǒ zāi
得人死力,dé rén sǐ lì
得胜回朝,dé shèng huí cháo
得胜头回,dé shèng tóu huí
得失参半,dé shī cān bàn
得失成败,dé shī chéng bài
得失荣枯,dé shī róng kū
得失相半,dé shī xiāng bàn
得失在人,dé shī zài rén
得手应心,dé shǒu yīng xīn
得天独厚,dé tiān dú hòu
得兔忘蹄,dé tù wàng tí
得未尝有,dé wèi cháng yǒu
得未曾有,dé wèi céng yǒu
得心应手,dé xīn yìng shǒu
得婿如龙,dé xù rú lóng
得意门生,dé yì mén shēng
得意忘象,dé yì wàng xiàng
得意忘形,dé yì wàng xíng
得意忘言,dé yì wàng yán
得意扬扬,dé yì yáng yáng
得意洋洋,dé yì yáng yáng
得意之色,dé yì zhī sè
得意之作,dé yì zhī zuò
得鱼忘荃,dé yú wàng quán
得鱼忘筌,dé yú wàng quán
得月较先,dé yuè jiào xiān
德本财末,dé běn cái mò
德薄才疏,dé bó cái shū
德薄才鲜,dé báo cái xiān
德薄能鲜,dé bó néng xiǎn
德才兼备,dé cái jiān bèi
德高望重,dé gāo wàng zhòng
德厚流光,dé hòu liú guāng
德隆望重,dé lóng wàng zhòng
德隆望尊,dé lóng wàng zūn
德配天地,dé pèi tiān dì
德浅行薄,dé qiǎn xíng báo
德容兼备,dé róng jiān bèi
德容言功,dé róng yán gōng
德胜头回,dé shèng tóu huí
德胜头迴,dé shèng tóu huí
德言工貌,dé yán gōng mào
德言工容,dé yán gōng róng
德言容功,dé yán róng gōng
德洋恩普,dé yáng ēn pǔ
德艺双馨,dé yì shuāng xīn
德音莫违,dé yīn mò wéi
德輶如毛,dé yóu rú máo
德輶如羽,dé yóu rú yǔ
德重恩弘,dé zhòng ēn hóng
德尊望重,dé zūn wàng zhòng
的一确二,dí yī què èr
灯蛾扑火,dé é pū huǒ
灯红酒绿,dēng hóng jiǔ lǜ
灯火辉煌,dēng huǒ huī huáng
灯火万家,dēng huǒ wàn jiā
灯尽油干,dēng jìn yóu gàn
灯烛辉煌,dēng zhú huī huáng
登峰造极,dēng fēng zào jí
登锋履刃,dēng fēng lǚ rèn
登锋陷阵,dēng fēng xiàn zhèn
登高必赋,dēng gāo bì fù
登高履危,dēng gāo lǚ wēi
登高能赋,dēng gāo néng fù
登高去梯,dēng gāo qù tī
登高望远,dēng gāo wàng yuǎn
登高一呼,dēng gāo yī hū
登高自卑,dēng gāo zì bēi
登界游方,dēng jiè yóu fāng
登木求鱼,déng mù qiú yú
登山临水,dēng shān lín shuǐ
登山涉水,dēng shān shè shuǐ
登山小鲁,dēng shān xiǎo lǔ
登山越岭,dēng shān yuè lǐng
登山陟岭,dēng shān zhì lǐng
登台拜将,dēng tái bài jiàng
登坛拜将,dēng tán bài jiàng
登堂入室,dēng táng rù shì
等而上之,děng ér shàng zhī
等而下之,děng ér xià zhī
等价连城,děng jià lián chéng
等礼相亢,děng lǐ xiāng kàng
等量齐观,děng liàng qí guān
等米下锅,děng mǐ xià guō
等闲视之,děng xián shì zhī
等闲之辈,děng xián zhī bèi
等因奉此,děng yīn fèng cǐ
瞪目哆口,dèng mù chǐ kǒu
瞪目结舌,dèng mù jié shé
瞪眼咋舌,dèng yǎn zé shé
低唱浅斟,dì chàng qiǎn zhēn
低唱浅酌,dì chàng qiǎn zhuó
低回不已,dī huí bù yǐ
低眉垂眼,dī méi chuí yǎn
低眉顺眼,dī méi shùn yǎn
低眉折腰,dī méi zhé yāo
低情曲意,dī qíng qū yì
低三下四,dī sān xià sì
低声细语,dī shēng xì yǔ
低声下气,dī shēng xià qì
低声哑气,dī shēng yǎ qì
低首下气,dī shǒu xià qì
低首下心,dī shǒu xià xīn
低头耷脑,dī tóu dā nǎo
低头搭脑,dī tóu dā nǎo
低头哈腰,dī tóu hā yāo
低头丧气,dī tóu sàng qì
低心下意,dī xīn xià yì
低吟浅唱,dī yín qiǎn chàng
羝羊触藩,dī yáng chù fān
堤溃蚁孔,dī kuì yǐ kǒng
堤溃蚁穴,dī kuì yǐ xué
滴粉搓酥,dī fěn cuō sū
滴露研朱,dī lù yán zhū
滴露研珠,dī lù yán zhū
滴水不羼,dī shuǐ bù chàn
滴水不漏,dī shuǐ bù lòu
滴水成冰,dī shuǐ chéng bīng
滴水成河,dī shuǐ chéng hé
滴水穿石,dī shuǐ chuān shí
滴水难消,dī shuǐ nán xiāo
敌不可假,dí bù kě jiǎ
敌不可纵,dí bù kě zòng
敌国通舟,dí guó tōng zhōu
敌国外患,dí guó wài huàn
敌惠敌怨,dí huì dí yuàn
敌忾同仇,dí kài tóng chóu
敌力角气,dí lì jiǎo qì
敌王所忾,dí wáng suǒ kài
敌众我寡,dí zhòng wǒ guǎ
涤地无类,dí dì wú lèi
涤故更新,dí gù gēng xīn
涤秽布新,dí huì bù xīn
涤秽荡瑕,dí huì dàng xiá
涤瑕荡垢,dí xiá dàng gòu
涤瑕荡秽,dí xiá dàng huì
涤瑕蹈隙,dí xiá dǎo xī
底死谩生,dǐ sǐ màn shēng
抵背扼喉,dǐ bèi è hóu
抵死瞒生,dǐ sǐ mán shēng
抵死谩生,dǐ sǐ màn shēng
抵死漫生,dǐ sǐ màn shēng
抵瑕蹈隙,dǐ xiá dǎo xì
抵瑕陷厄,dǐ xiá xiàn è
抵掌而谈,dǐ zhǎng ér tán
抵足而眠,dǐ zú ér mián
砥兵砺伍,dǐ bīng lì wǔ
砥锋挺锷,dǐ fēng tǐng è
砥节奉公,dǐ jié fèng gōng
砥节厉行,dǐ jié lì xíng
砥节励行,dǐ jié lì xíng
砥节砺行,dǐ jié lì xíng
砥厉廉隅,dǐ lì lián yú
砥厉名号,dǐ lì míng hào
砥砺风节,dǐ lì fēng jié
砥砺廉隅,dǐ lì lián yú
砥砺名号,dǐ lì míng hào
砥砺名节,dǐ lì míng jié
砥砺琢磨,dǐ lì zhuó mó
砥廉峻隅,dǐ lián jùn yú
砥身砺行,dǐ shēn lì xíng
砥行立名,dǐ xíng lì míng
砥行磨名,dǐ xíng mó míng
砥志研思,dǐ zhì yán sī
砥柱中流,dǐ zhù zhōng liú
地北天南,dì běi tiān nán
地崩山摧,dì bēng shān cuī
地坼天崩,dì chè tiān bēng
地丑德齐,dì chǒu dé qí
地丑力敌,dì chǒu lì dí
地大物博,dì dà wù bó
地动山摧,dì dòng shān cuī
地动山摇,dì dòng shēn yáo
地覆天翻,dì fù tiān fān
地广人希,dì guǎng rén xī
地广人稀,dì guǎng rén xī
地棘天荆,dì jí tiān jīng
地瘠民贫,dì jí mín pín
地角天涯,dì jiǎo tiān yá
地久天长,dì jiǔ tiān cháng
地旷人稀,dì kuàng rén xī
地老天荒,dì lǎo tiān huāng
地老天昏,dì lǎo tiān hūn
地利人和,dì lì rén hé
地灵人杰,dì líng rén jié
地平天成,dì píng tiān chéng
地上天宫,dì shàng tiān gōng
地上天官,dì shàng tiān guān
地塌天荒,dì tā tiān huāng
地网天罗,dì wǎng tiān luó
地下修文,dì xià xiū wén
地狱变相,dì yù biàn xiàng
地主之仪,dì zhǔ zhī yí
地主之谊,dì zhǔ zhī yì
弟男子侄,dì nán zǐ zhí
帝辇之下,dì niǎn zhī xià
帝王将相,dì wáng jiàng xiàng
递胜递负,dì shèng dì fù
递兴递废,dì xīng dì fèi
谛分审布,dì fēn shěn bù
掂斤播两,diān jīn bō liǎng
掂斤估两,diān jīn gū liǎng
掂斤抹两,diān jīn mò liǎng
掂梢折本,diān shāo shé běn
颠簸不破,diān bǒ bù pò
颠唇簸嘴,diān chún bò zuǐ
颠倒干坤,diān dǎo gàn kūn
颠倒黑白,diān dǎo hēi bái
颠倒乾坤,diān dǎo qián kūn
颠倒是非,diān dǎo shì fēi
颠倒衣裳,diān dǎo yī cháng
颠倒阴阳,diān dǎo yīn yáng
颠颠倒倒,diān diān dǎo dǎo
颠斤播两,diān jīn bō liǎng
颠来播去,diān lái bō qù
颠来簸去,diān lái bǒ qù
颠来倒去,diān lái dǎo qù
颠鸾倒凤,diān luán dǎo fèng
颠毛种种,diān máo zhǒng zhǒng
颠沛流离,diān pèi liú lí
颠仆流离,diān pú liú lí
颠扑不磨,diān pū bù mó
颠扑不破,diān pū bù pò
颠乾倒坤,diān qiān dǎo kūn
颠三倒四,diān sān dǎo sì
颠衣到裳,diān yī dào shang
攧扑不破,diān pū bù pò
典谟训诰,diǎn mó xùn gào
典妻鬻子,diǎn qī yù zǐ
典身卖命,diǎn shēn mài mìng
典则俊雅,diǎn zé jùn yǎ
典章文物,diǎn zhāng wén wù
点金成铁,diǎn jīn chéng tiě
点金乏术,diǎn jīn fá shù
点金无术,diǎn jīn wú shù
点金作铁,diǎn jīn zuò tiě
点睛之笔,diǎn jīng zhī bǐ
点石成金,diǎn shí chéng jīn
点石为金,diǎn shí wéi jīn
点手划脚,diǎn shǒu jí jiǎo
点手莋脚,diǎn shǒu huá jiǎo
点水不漏,diǎn shuǐ bù lòu
点铁成金,diǎn tiě chéng jīn
点头哈腰,diǎn tóu hā yāo
点头会意,diǎn tóu huì yì
点头咂嘴,diǎn tóu zā zuǐ
点头之交,diǎn tóu zhī jiāo
点胸洗眼,diǎn xiōng xǐ yǎn
点纸画字,diǎn zhǐ huà zì
点指划脚,diǎn zhǐ jí jiǎo
点指画字,diǎn zhǐ huà zì
点指莋脚,diǎn zhǐ cè jiǎo
电掣风驰,diàn chè fēng chí
电掣星驰,diàn chè xīng chí
电光朝露,diàn guāng zhāo lù
电光石火,diàn guāng shí huǒ
电流星散,diàn liú xīng sàn
电闪雷鸣,diàn shǎn léi míng
电照风行,diàn zhào fēng xíng
阽危之域,diàn wēi zhī yù
钿合金钗,diàn hé jīn chāi
殿堂楼阁,diàn táng lóu gé
簟纹如水,diàn wén rú shuǐ
刁斗森严,diāo dǒu sēn yán
刁滑奸诈,diāo huá jiān zhà
刁天决地,diāo tiān jué dì
刁钻促搯,diāo zuàn cù chāo
刁钻促狭,diāo zuàn cù xiá
刁钻古怪,diāo zuān gǔ guài
刁钻刻薄,diāo zuān kè bó
彫虫小技,diāo chóng xiǎo jì
彫虫篆刻,diāo chóng zhuàn kè
彫肝琢肾,diāo gān zhuó shèn
彫章镂句,diāo zhāng lòu jù
貂蝉满座,diāo chán mǎn zuò
貂狗相属,diāo gǒu xiāng shǔ
貂裘换酒,diāo qiú huàn jiǔ
雕虫薄技,diāo chóng báo jì
雕虫刻篆,diāo chóng kè zhuàn
雕虫末伎,diāo chóng mò jì
雕虫末技,diāo chóng mò jì
雕虫小技,diāo chóng xiǎo jì
雕虫小巧,diāo chóng xiǎo qiǎo
雕虫小事,diāo chóng xiǎo shì
雕虫小艺,diāo chóng xiǎo yì
雕虫篆刻,diāo chóng zhuàn kè
雕风镂月,diāo fēng lòu yuè
雕肝镂肾,diāo gān lòu shèn
雕肝掐肾,diāo gān qiā shèn
雕肝琢膂,diāo gān zhuó lǚ
雕肝琢肾,diāo gān zhuó shèn
雕蚶镂蛤,diāo hān lòu gé
雕虎焦原,diāo hǔ jiāo yuán
雕栏玉砌,diāo lán yù qì
雕阑玉砌,diāo lán yù qì
雕梁画栋,diāo liáng huà dòng
雕龙画凤,diāo lóng huà fèng
雕镂藻绘,diāo lòu zǎo huì
雕盘绮食,diāo pán qǐ shí
雕墙峻宇,diāo qiáng jùn yǔ
雕文刻镂,diāo wén kè lòu
雕文织采,diāo wén zhī cǎi
雕心刻肾,diāo xīn kè shèn
雕心雁爪,diāo xīn yàn zhǎo
雕心鹰爪,diāo xīn yīng zhǎo
雕楹碧槛,diāo yíng bì kǎn
雕玉双联,diāo yǔ shuāng lián
雕章绘句,diāo zhāng huì jù
雕章镂句,diāo zhāng lòu jù
雕章缛彩,diāo zhāng rù cǎi
雕章琢句,diāo zhāng zhuó jù
吊胆惊心,diào dǎn jīng xīn
吊胆提心,diào dǎn tí xīn
吊儿郎当,diào er láng dāng
吊尔郎当,diào er láng dāng
吊古伤今,diào gǔ shāng jīn
吊古寻幽,diào gǔ xún yōu
吊民伐罪,diào mín fá zuì
吊死扶伤,diào sǐ fú shāng
吊死问疾,diào sǐ wèn jí
吊形吊影,diào xíng diào yǐng
吊誉沽名,diào yù gū míng
钓名沽誉,diào yù gū míng
钓名欺世,diào míng qī shì
钓名要誉,diào míng yào yù
钓游之地,diào yóu zhī dì
钓誉沽名,diào yù gū míng
调兵遣将,diào bīng qiǎn jiàng
调唇弄舌,tiáo chún nòng shé
调词架讼,tiáo cí jià sòng
调风变俗,tiáo fēng biàn sú
调风弄月,tiáo fēng nòng yuè
调和鼎鼐,tiáo hé dǐng nài
调和阴阳,tiáo hé yīn yáng
调虎离山,diào hǔ lí shān
调理阴阳,tiáo lǐ yīn yáng
调良稳泛,tiáo liáng wěn fàn
调墨弄笔,tiáo mò nòng bǐ
调三惑四,tiáo sān huò sì
调三窝四,tiáo sān wō sì
调三斡四,tiáo sān wò sì
调舌弄唇,tiáo shé nòng chún
调神畅情,tiáo shén chàng qíng
调丝品竹,tiáo sī pǐn zhú
调停两用,tiáo tíng liǎng yòng
调弦品竹,diào xián pǐn zhú
调脂弄粉,tiáo zhī nòng fěn
调朱傅粉,tiáo zhū fù fěn
调朱弄粉,tiáo zhū nòng fěn
调嘴调舌,tiáo zuǐ diào shé
调嘴弄舌,tiáo zuǐ nòng shé
调嘴学舌,tiáo zuǐ xué shé
掉臂不顾,diào bì bù gù
掉三寸舌,diào sān cùn shé
掉舌鼓唇,diào shé gǔ chún
掉头鼠窜,diào tóu shǔ cuàn
掉以轻心,diào yǐ qīng xīn
跌弹斑鸠,diē dàn bān jiū
跌宕不羁,dié dàng bù jī
跌宕风流,diē dàng fēng liú
跌宕昭彰,dié dàng zhāo zhāng
跌荡不羁,diē dàng bù jī
跌荡不拘,diē dàng bù jū
跌荡风流,diē dàng fēng liú
跌脚绊手,diē jiǎo bàn shǒu
跌脚捶胸,diē jiǎo chuí xiōng
跌脚搥胸,diē jiǎo chuī xiōng
跌脚槌胸,diē jiǎo chuí xiōng
迭床架屋,dié chuáng jià wū
迭矩重规,dié jǔ chóng guī
迭嶂层峦,dié zhàng céng luán
喋喋不休,dié dié bù xiū
叠床架屋,dié chuáng jià wū
叠矩重规,dié jǔ chóng guī
叠嶂层峦,dié zhàng céng luán
蝶粉蜂黄,dié fěn fēng huáng
蝶恋蜂狂,dié liàn fēng kuáng
蹀躞不下,dié xiè bù xià
鲽离鹣背,dié lí jiān bèi
丁公凿井,dīng gōng záo jǐng
丁一卯二,dīng yī mǎo èr
丁一确二,dīng yī què èr
钉头磷磷,ding tou lin lin
钉嘴铁舌,dīng zuǐ tiě shé
顶礼膜拜,dǐng lǐ mó bài
顶门立户,dǐng mén lì hù
顶门壮户,dǐng mén zhuàng hù
顶名冒姓,dǐng míng mào xìng
顶名替身,dǐng míng tì shēn
顶天立地,dǐng tiān lì dì
顶天踵地,dǐng tiān zhǒng dì
顶针续麻,dǐng zhēn xù má
顶踵尽捐,dǐng zhǒng jìn juān
顶踵捐糜,dǐng zhǒng juān mí
鼎铛有耳,dǐng chēng yǒu ěr
鼎铛玉石,dǐng chēng yù shí
鼎成龙去,dǐng chéng lóng qù
鼎成龙升,dǐng chéng lóng shēng
鼎鼎大名,dǐng dǐng dà míng
鼎鼎有名,dǐng dǐng yǒu míng
鼎分三足,dǐng fēn sān zú
鼎湖龙去,dǐng hú lóng qù
鼎镬刀锯,dǐng huò dāo jù
鼎镬如饴,dǐng huò rú yí
鼎鼐调和,dǐng nai tiáo hé
鼎食鸣钟,dǐng shí míng zhōng
鼎食鸣锺,dǐng shí míng zhōng
鼎食钟鸣,dǐng shí zhōng míng
鼎新革故,dǐng xīn gé gù
鼎鱼幕燕,dǐng yú mù yàn
鼎玉龟符,dǐng yù guī fú
鼎折覆餸,dǐng shé fù sù
鼎折餸覆,dǐng shé sù fù
鼎足而居,dǐng zú ér jū
鼎足而立,dǐng zú ér lì
鼎足而三,dǐng zú ér sān
鼎足三分,dǐng zú sān fēn
鼎足之势,dǐng zú zhī shì
定国安邦,dìng guó ān bāng
定乱扶衰,dìng luàn fú shuāi
定倾扶危,dìng qīng fú wēi
定于一尊,dìng yú yī zūn
丢魂丢魄,diū hún diu pò
丢魂丧胆,diū hún sàng dǎn
丢魂失魄,diū hún shī pò
丢盔抛甲,diu kuī pāo jiǎ
丢盔弃甲,diū kuī qì jiǎ
丢盔卸甲,diū kuī xiè jiǎ
丢人现眼,diū rén xiàn yǎn
丢三拉四,diu sān lā sì
丢三落四,diū sān là sì
丢三忘四,diu sān wàng sì
丢卒保车,diū zú bǎo jū
东挨西撞,dōng āi xī zhuàng
东捱西问,dōng ái xī wèn
东奔西窜,dōng bēn xī cuàn
东奔西跑,dōng bēn xī pǎo
东奔西逃,dōng bēn xī táo
东奔西向,dōng bēn xī xiàng
东奔西撞,dōng bēn xī zhuàng
东奔西走,dōng bēn xī zǒu
东壁余光,dōng bì yú guāng
东播西流,dōng bō xī liú
东补西凑,dōng bǔ xī còu
东猜西揣,dōng cāi xī chuāi
东猜西疑,dōng cāi xī yí
东藏西躲,dōng cáng xī duǒ
东差西误,dōng chà xī wù
东抄西袭,dōng chāo xī xí
东扯西拉,dōng chě xī lā
东扯西拽,dōng chě xī zhuāi
东闯西踱,dōng chuǎng xī duó
东闯西走,dōng chuǎng xī zǒu
东驰西骋,dōng chí xī chěng
东驰西击,dōng chí xī jī
东驰西撞,dōng chí xī zhuàng
东冲西决,dōng chōng xī jué
东冲西突,dōng chōng xī tū
东冲西撞,dōng chōng xī zhuàng
东穿西撞,dōng chuān xī zhuàng
东窗事发,dōng chuāng shì fā
东窗事犯,dōng chuāng shì fàn
东窗消息,dōng chuāng xiāo xi
东床佳婿,dōng chuáng jiā xù
东床姣婿,dōng chuáng jiāo xù
东床娇客,dōng chuáng jiāo kè
东床娇婿,dōng chuáng jiāo xù
东床快婿,dōng chuáng kuài xù
东床坦腹,dōng chuáng tǎn fù
东床择对,dōng chuáng zé duì
东床之选,dōng chuáng zhī xuǎn
东荡西驰,dōng dàng xī chí
东荡西除,dōng dàng xī chú
东倒西歪,dōng dǎo xī wāi
东道之谊,dōng dào zhī yì
东道主人,dōng dào zhǔ rén
东躲西藏,dōng duǒ xī cáng
东躲西跑,dōng duǒ xī pǎo
东方将白,dong fang jiang bai
东方千骑,dōng fāng qiān jì
东风过耳,dōng fēng guò ěr
东风浩荡,dōng fēng hào dàng
东风化雨,dōng fēng huà yǔ
东风马耳,dōng fēng mǎ ěr
东风人面,dōng fēng rén miàn
东风入律,dōng fēng rù lǜ
东扶西倒,dōng fú xī dǎo
东观西望,dōng guāng xī wàng
东观续史,dōng guān xù shǐ
东观之殃,dōng guān zhī yāng
东滚西爬,dōng gǔn xī pá
东郭先生,dōng guō xiān shēng
东海鲸波,dōng hǎi jīng bō
东海捞针,dōng hǎi lāo zhēn
东海逝波,dōng hǎi shì bō
东海扬尘,dōng hǎi yáng chén
东横西倒,dōng héng xī dǎo
东家西舍,dōng jiā xī shě
东家效颦,dōng jiā xiào pín
东箭南金,dōng jiàn nán jīn
东砍西斫,dōng kǎn xī zhuó
东磕西撞,dōng kē xī zhuàng
东诓西骗,dōng kuāng xī piàn
东拉西扯,dōng lā xī chě
东来西去,dōng lái xī qù
东拦西阻,dōng lán xī zǔ
东捞西摸,dōng lāo xī mō
东劳西燕,dōng láo xī yàn
东量西折,dōng liàng xī shé
东猎西渔,dōng liè xī yú
东邻西舍,dōng lín xī shè
东鳞西爪,dōng lín xī zhǎo
东零西落,dōng líng xī luò
东零西散,dōng líng xī sàn
东零西碎,dōng líng xī suì
东流西落,dōng liú xī luò
东流西上,dōng liú xī shàng
东门黄犬,dōng mén huáng quǎn
东门逐兔,dōng mén zhú tù
东鸣西应,dōng míng xī yīng
东抹西涂,dōng mò xī tú
东南半壁,dōng nán bàn bì
东南雀飞,dōng nán què fēi
东南之宝,dōng nán zhī bǎo
东南之美,dōng nán zhī měi
东南之秀,dōng nán zhī xiù
东南竹箭,dōng nán zhú jiàn
东扭西捏,dōng niǔ xī niē
东怒西怨,dōng nù xī yuàn
东挪西凑,dōng nuó xī còu
东挪西撮,dōng nuó xī cuō
东挪西借,dōng nuó xī jiè
东跑西颠,dōng pǎo xī diān
东碰西撞,dōng pèng xī zhuàng
东飘西泊,dōng piāo xī bó
东飘西荡,dōng piāo xī dàng
东飘西徙,dōng piāo xī xǐ
东拼西凑,dōng pīn xī còu
东迁西徙,dōng qiān xī xǐ
东墙处子,dōng qiáng chǔ zǐ
东敲西逼,dōng qiāo xī bī
东瞧西望,dōng qiáo xī wàng
东趋西步,dōng qū xī bù
东山复起,dōng shān fù qǐ
东山高卧,dōng shān gāo wò
东山再起,dōng shān zài qǐ
东山之志,dōng shān zhī zhì
东闪西挪,dōng shǎn xī nuó
东声西击,dōng shēng xī jī
东施效颦,dōng shī xiào pín
东食西宿,dōng shí xī sù
东市朝衣,dōng shì cháo yī
东搜西罗,dōng sōu xī luó
东睃西望,dōng suō xī wàng
东谈西说,dōng tán xī shuō
东逃西窜,dōng táo xī cuàn
东讨西伐,dōng tǎo xī fá
东讨西征,dōng tǎo xī zhēng
东偷西摸,dōng tōu xī mō
东投西窜,dōng tóu xī cuàn
东涂西抹,dōng tú xī mǒ
东兔西乌,dōng tù xī wū
东歪西倒,dōng wāi xī dǎo
东完西缺,dōng wán xī quē
东望西观,dōng wàng xī guān
东西南北,dōng xī nán běi
东西南朔,dōng xī nán shuò
东西易面,dōng xi yì miàn
东曦既驾,dōng xī jì jià
东徙西迁,dōng xǐ xī qiān
东挦西扯,dōng xián xī chě
东挦西撦,dōng xián xī là
东踅西倒,dōng xué xī dǎo
东寻西觅,dōng xún xī mì
东掩西遮,dōng yǎn xī zhē
东央西告,dōng yāng xī gào
东央西浼,dōng yāng xī měi
东扬西荡,dōng yáng xī dàng
东洋大海,dōng yáng dà hǎi
东摇西摆,dōng yáo xī bǎi
东野巴人,dōng yě bā rén
东野败驾,dōng yě bài jià
东游西荡,dōng yóu xī dàng
东游西逛,dōng yóu xī guàng
东怨西怒,dōng yuàn xī nù
东张西觑,dōng zhāng xī qù
东张西望,dōng zhāng xī wàng
东张西张,dōng zhāng xī zhāng
东遮西掩,dōng zhē xī yǎn
东征西讨,dōng zhēng xī tǎo
东征西怨,dōng zhēng xī yuàn
东支西吾,dōng zhī xī wú
东走西顾,dōng zǒu xī gù
东走西撞,dōng zǒu xī zhuàng
东撙西节,dōng zǔn xī jié
冬烘头脑,dōng hōng tóu nǎo
冬烘先生,dōng hōng xiān shēng
冬裘夏葛,dōng qiú xià gě
冬日可爱,dōng rì kě ài
冬日夏云,dōng rì xià yún
冬箑夏裘,dōng zhá xià qiú
冬扇夏炉,dōng shàn xià lú
冬温夏清,dōng wēn xià qīng
冬温夏凊,dōng wēn xià qìng
董狐之笔,dǒng hú zhī bǐ
董狐直笔,dǒng hú zhí bǐ
动不失时,dòng bù shī shí
动荡不安,dòng dàng bù ān
动荡不定,dòng dàng bù dìng
动地惊天,dòng dì jīng tiān
动静有常,dòng jìng yǒu cháng
动魄惊心,dòng pò jīng xīn
动人心魄,dòng rén xīn pò
动人心弦,dòng rén xīn xián
动如参商,dòng rú cān shāng
动如脱兔,dòng rú tuō tù
动心怵目,dòng xīn chù mù
动心骇目,dòng xīn hài mù
动心忍性,dòng xīn rěn xìng
动辄得咎,dòng zhé dé jiù
动之以情,dòng zhī yǐ qíng
动中竨要,dòng zhōng zhe yào
冻解冰释,dòng jiě bīng shì
冻浦鱼惊,dòng pǔ yú jīng
恫疑虚喝,dòng yí xū hè
恫疑虚猲,dòng yí xū gé
栋梁之才,dòng liáng zhī cái
栋梁之材,dòng liáng zhī cái
栋朽榱崩,dòng xiǔ cuī bēng
栋折榱崩,dòng zhé cuī bēng
栋折榱坏,dòng shé cuī huài
洞察其奸,dòng chá qí jiān
洞察秋毫,dòng chá qiū háo
洞察一切,dòng chá yī qiè
洞彻事理,dòng chè shì lǐ
洞房花烛,dòng fáng huā zhú
洞见症结,dòng jiàn zhèng jié
洞鉴废兴,dòng jiàn fèi xīng
洞鉴古今,dòng jiàn gǔ jīn
洞如观火,dòng rú guān huǒ
洞若观火,dòng ruò guān huǒ
洞天福地,dòng tiān fú dì
洞心骇耳,dòng xīn hài ěr
洞心骇目,dòng xīn hài mù
洞隐烛微,dòng yǐn zhú wēi
洞幽察微,dòng yōu chá wēi
洞幽烛微,dòng yōu zhú wēi
洞幽烛远,dòng yōu zhú yuǎn
洞中肯綮,dòng zhōng kěn qìng
洞烛其奸,dòng zhú qí jiān
都头异姓,dū tóu yì xìng
都俞吁咈,dōu yú xū fú
都中纸贵,dū zhōng zhǐ guì
兜肚连肠,dōu dǔ lián cháng
斗唇合舌,dòu chún hé shé
斗而铸兵,dòu ér zhù bīng
斗而铸锥,dòu ér zhù zhuī
斗方名士,dǒu fāng míng shì
斗怪争奇,dòu guài zhēng qí
斗鸡养狗,dòu jī yǎng gǒu
斗鸡走狗,dòu jī zǒu gǒu
斗鸡走马,dòu jī zǒu mǎ
斗鸡走犬,dòu jī zǒu quǎn
斗酒百篇,dǒu jiǔ bǎi piān
斗酒双柑,dòu jiǔ shuāng gān
斗酒学士,dǒu jiǔ xué shì
斗酒只鸡,dǒu jiǔ zhī jī
斗绝一隅,dǒu jué yī yú
斗丽争妍,dòu lì zhēng yán
斗量车载,dǒu liáng chē zài
斗量筲计,dǒu liáng shāo jì
斗美夸丽,dòu měi kuā lì
斗媚争妍,dòu mèi zhēng yán
斗米尺布,dǒu mǐ chǐ bù
斗南一人,dǒu nán yī rén
斗色争妍,dòu sè zhēng yán
斗筲穿窬,dòu shāo chuān yú
斗筲之器,dǒu shāo zhī qì
斗筲之人,dǒu shāo zhī rén
斗升之水,dǒu shēng zhī shuǐ
斗霜傲雪,dòu shuāng ào xuě
斗水活鳞,dòu shuǐ huó lín
斗粟尺布,dǒu sù chǐ bù
斗榫合缝,dǒu sǔn hé fèng
斗牙拌齿,dòu yá bàn chǐ
斗艳争芳,dòu yàn zhēng fāng
斗艳争辉,dòu yàn zhēng huī
斗艳争妍,dòu yàn zhēng yán
斗挹箕扬,dǒu yì jī yáng
斗折蛇行,dǒu zhé shé xíng
斗志昂扬,dòu zhì áng yáng
斗转参横,dǒu zhuǎn shēn héng
斗转星移,dǒu zhuǎn xīng yí
抖搂精神,dǒu sǒu jīng shén
抖擞精神,dǒu sǒu jīng shén
陡壁悬崖,dǒu bì xuán yá
豆分瓜剖,dòu fēn guā pōu
豆蔻年华,dòu kòu nián huá
豆剖瓜分,dòu pōu guā fēn
豆萁燃豆,dòu qí rán dòu
豆萁相煎,dòu qí xiāng jiān
豆重榆瞑,dòu chóng yú míng
嘟嘟哝哝,dū dū nóng nóng
毒赋剩敛,dú fù shèng liǎn
毒泷恶雾,dú lóng è wù
毒魔狠怪,dú mó hěn guài
毒蛇猛兽,dú shé měng shòu
毒手尊前,dú shǒu zūn qián
毒手尊拳,dú shǒu zūn quán
读不舍手,dú bù shě shǒu
读书得间,dú shū dé jiàn
读书君子,dú shū jūn zǐ
读书三到,dú shū sān dào
读书三余,dú shū sān yú
读书种子,dú shū zhǒng zǐ
犊牧采薪,dú mù cǎi xīn
黩武穷兵,dú wǔ qióng bīng
独霸一方,dú bà yī fāng
独辟蹊径,dú pì xī jìng
独步当时,dú bù dāng shí
独步当世,dú bù dāng shì
独步天下,dú bù tiān xià
独步一时,dú bù yī shí
独出机杼,dú chū jī zhù
独出己见,dú chū jǐ jiàn
独出心裁,dú chū xīn cái
独出新裁,dú chū xīn cái
独胆英雄,dú dǎn yīng xióng
独当一面,dú dāng yī miàn
独到之处,dú dào zhī chù
独得之见,dú dé zhī jiàn
独断独行,dú duàn dú xíng
独断专行,dú duàn zhuān xíng
独夫民贼,dú fū mín zéi
独鹤鸡群,dú hè jī qún
独茧抽丝,dú jiǎn chōu sī
独具匠心,dú jù jiàng xīn
独具只眼,dú jù zhī yǎn
独来独往,dú lái dú wǎng
独揽大权,dú lǎn dà quán
独立王国,dú lì wáng guó
独立自主,dú lì zì zhǔ
独木不林,dú mù bù lín
独木难支,dú mù nán zhī
独清独醒,dú qīng dú xǐng
独善其身,dú shàn qí shēn
独善吾身,dú shàn wú shēn
独善一身,dú shàn yī shēn
独是独非,dú shì dú fēi
独树一帜,dú shù yī zhì
独竖一帜,dú shù yī zhì
独往独来,dú wǎng dú lái
独行独断,dú xíng dú duàn
独行踽踽,dú xíng jǔ jǔ
独行其道,dú xíng qí dào
独行其是,dú xíng qí shì
独学寡闻,dú xué guǎ wén
独一无二,dú yī wú èr
独异于人,dú yì yú rén
独有千古,dú yǒu qiān gǔ
独有千秋,dú yòu qiān qiū
独运匠心,dú yùn jiàng xīn
独占鳌头,dú zhàn áo tóu
独坐愁城,dú zuò chóu chéng
笃定泰山,dǔ dìng tài shān
笃而论之,dǔ ér lùn zhī
笃近举远,dǔ jìn jǔ juǎn
笃论高言,dǔ lùn gāo yán
笃实好学,dǔ shí hào xué
笃新怠旧,dǔ xīn dài jiù
笃信好学,dǔ xìn hào xué
笃学不倦,dǔ xué bù juàn
笃学好古,dǔ xué hào gǔ
笃志好学,dǔ zhì hǎo xué
赌彩一掷,dǔ cǎi yī zhì
赌长较短,dǔ cháng jiào duǎn
赌神发咒,dǔ shén fā zhòu
赌誓发原,dǔ shì fā yuán
赌誓发愿,dǔ shì fā yuàn
赌物思人,dǔ wù sī rén
赌咒发誓,dǔ zhòu fā shì
睹景伤情,dǔ jǐng shāng qíng
睹始知终,dǔ shǐ zhī zhōng
睹微知著,dǔ wēi zhī zhù
睹物伤情,dǔ wù shāng qíng
睹物思人,dǔ wù sī rén
睹物兴情,dǔ wù xīng qíng
睹著知微,dǔ zhù zhī wēi
睹着知微,dǔ zhe zhī wēi
妒能害贤,dù néng hài xián
妒贤疾能,dù xián jí néng
妒贤嫉能,dù xián jí néng
杜弊清源,dù bì qīng yuán
杜断房谋,dù duàn fáng móu
杜耳恶闻,dù ěr è wén
杜渐除微,dù jiàn chú wēi
杜渐防萌,dù jiàn fáng méng
杜渐防微,dù jiàn fáng wēi
杜鹃啼血,dù juān tí xuě
杜绝后患,dù jué hòu huàn
杜绝人事,dù jué rén shì
杜绝言路,dù jué yán lù
杜口裹足,dù kǒu guǒ zú
杜口结舌,dù kǒu jié shé
杜口绝言,dù kǒu jué yán
杜口吞声,dù kǒu tūn shēng
杜口无言,dù kǒu wú yán
杜门不出,dù mén bù chū
杜门晦迹,dù mén huì jì
杜门绝迹,dù mén jué jì
杜门绝客,dù mén jué kè
杜门面壁,dù mén mian bì
杜门屏迹,dù mén píng jì
杜门却扫,dù mén què sǎo
杜门谢客,dù mén xiè kè
杜门自绝,dù mén zì jué
杜门自守,dù mén zì shòu
杜默为诗,dù mò wéi shī
杜微慎防,dù wēi shèn fáng
杜隙防微,dù xī fāng wēi
肚里蛔虫,dù lǐ huí chóng
肚里泪下,dù lǐ lèi xià
度长絜大,dù cháng xié dà
度长絜短,dù cháng xié duǎn
度德量力,duó dé liàng lì
度己以绳,duó jǐ yǐ shéng
度日如年,dù rì rú nián
度日如岁,dù rì rú suì
度外之人,dù wài zhī rén
蠹国病民,dù guó bìng mín
蠹国残民,dù guó cán mín
蠹国害民,dù guó hài mín
蠹国耗民,dù guó hào mín
蠹国殃民,dù guó yāng mín
蠹简遗编,dù jiǎn yí biān
蠹居棊处,dù jū què chǔ
蠹居棋处,dù jū qí chǔ
蠹政病民,dù zhèng bìng mín
蠹政害民,dù zhèng hài mín
蠹众木折,dù zhòng mù zhé
端本澄源,duān běn chéng yuán
端本正源,duān běn zhèng yuán
端倪可察,duān ní kě chá
端人正士,duān rén zhèng shì
短兵接战,duǎn bīng jiē zhàn
短兵相接,duǎn bīng xiāng jiē
短吃少穿,duǎn chī shǎo chuān
短刀直入,duǎn dāo zhí rù
短绠汲深,duǎn gěng jí shēn
短褐不完,duān hè bù wán
短褐穿结,duǎn hè chuān jié
短见薄识,duǎn jiàn bó shí
短寿促命,duǎn shòu cù mìng
短叹长吁,duǎn tàn cháng xū
短小精悍,duǎn xiǎo jīng hàn
短衣匹马,duǎn yī pǐ mǎ
短垣自逾,duǎn yuán zì yú
短中取长,duǎn zhōng qǔ cháng
断壁残垣,duàn bì cán yuán
断壁残璋,duàn bì cán zhāng
断壁颓垣,duàn bì tuí yuán
断编残简,duàn biān cán jiǎn
断长补短,duàn chāng bǔ duǎn
断长续短,duàn chāng xù duǎn
断脰决腹,duàn dòu jué fù
断发文身,duàn fà wén shēn
断发纹身,duàn fā wén shēn
断根绝种,duàn gēn jué zhǒng
断梗飞蓬,duàn gěng fēi péng
断梗浮萍,duàn gěng fú píng
断梗飘蓬,duàn gěng piāo péng
断梗飘萍,duàn gěng piāo píng
断怪除妖,duàn guài chú yāo
断管残沈,duàn guǎn cán shěn
断管残渖,duàn guǎn cán shěn
断圭碎璧,duàn guī suì bì
断珪缺璧,duàn guī quē bì
断鹤继凫,duan he xu fu
断鹤续凫,duàn hè xù fú
断还归宗,duàn huán guī zōng
断齑画粥,duàn jī huà zhōu
断齑块粥,duàn jī kuài zhōu
断缣尺楮,duàn jiān chǐ chǔ
断缣寸纸,duàn jiān cùn zhǐ
断缣零璧,duàn jiān líng bì
断简残编,duàn jiǎn cán biān
断简遗编,duàn jiǎn yí biān
断蛟刺虎,duàn jiāo cì hǔ
断金零粉,duàn jīn líng fěn
断井颓垣,duàn jǐng tuí yuán
断决如流,duàn jué rú liú
断烂朝报,duàn làn cháo bào
断墨残楮,duàn mò cán chǔ
断木掘地,duàn mù jué dì
断手续玉,duān shóu xù yù
断头将军,duàn tóu jiāng jūn
断无此理,duàn wú cǐ lǐ
断线风筝,duàn xiàn fēng zhēng
断线偶戏,duàn xiàn ǒu xì
断线鹞子,duàn xiàn yào zǐ
断香零玉,duàn xiāng líng yù
断袖余桃,duàn xiù yú táo
断袖之宠,duàn xiù zhī chǒng
断袖之癖,duàn xiù zhī pǐ
断雁孤鸿,duàn yàn gū hóng
断羽绝鳞,duàn yǔ jué lín
断雨残云,duàn yǔ cán yún
断垣残壁,duàn yuán cán bì
断章截句,duàn zhāng jié jù
断章取义,duàn zhāng qǔ yì
断章取意,duàn zhāng qǔ yì
断章摘句,duàn zhāng zhāi jù
断织劝学,duàn zhī quàn xué
断织之诫,duàn zhī zhī jiè
断纸馀墨,duàn zhǐ yú mò
断杼择邻,duàn zhù zé lín
断子绝孙,duàn zǐ jué sūn
堆案盈几,duī àn yíng jī
堆积如山,duī jī rú shān
堆金迭玉,duī jīn dié yù
堆金叠玉,duī jīn dié yù
堆金积玉,duī jīn jī yù
堆山积海,duī shān jī hǎi
对薄公堂,duì bù gōng táng
对簿公堂,duì bù gōng táng
对床风雨,duì chuáng fēng yǔ
对床夜雨,duì chuáng yè yǔ
对床夜语,duì chuáng yè yǔ
对答如流,duì dá rú liú
对景挂画,duì jǐng guà huà
对景伤情,duì jǐng shāng qíng
对酒当歌,duì jiǔ dāng gē
对客挥毫,duì kè huī háo
对牛弹琴,duì niú tán qín
对牛鼓簧,duì niú gǔ huáng
对头冤家,duì tóu yuān jiā
对证下药,duì zhèng xià yào
对症发药,duì zhèng fā yào
对症下药,duì zhèng xià yào
对症之药,duì zhèng zhī yào
敦本务实,dūn běn wù shí
敦风厉俗,dūn fēng lì sú
敦默寡言,dūn mò guǎ yán
敦诗说礼,dūn shī shuō lǐ
敦世厉俗,dūn shì lì sú
囤积居奇,tún jī jū qí
钝口拙腮,dùn kǒu zhuō sāi
钝学累功,dùn xué lěi gōng
顿挫抑扬,dùn cuò yì yáng
顿腹之言,dùn fù zhī yán
顿纲振纪,dùn gāng zhèn jì
顿脚捶胸,dùn jiǎo chuí xiōng
顿开茅塞,dùn kāi máo sè
顿口无言,dùn kǒu wú yán
顿口拙腮,dùn kǒu zhuō sāi
顿首再拜,dùn shǒu zài bài
顿学累功,dùn xué lěi gōng
顿足不前,dùn zú bù qián
顿足捶胸,dùn zú chuí xiōng
顿足搥胸,dùn zú duī xiōng
顿足搓手,dùn zú cuō shǒu
顿足捩耳,dùn zú liè ěr
顿足失色,dùn zú shī sè
顿足椎胸,dùn zú zhuī xiōng
遁迹藏名,dùn jì cáng míng
遁迹方外,dùn jì fāng wài
遁迹黄冠,dùn jì huáng guàn
遁迹空门,dùn jì kōng mén
遁迹匿影,dùn jì nì yǐng
遁迹潜形,dùn jì qián xíng
遁迹桑门,dùn jì sāng mén
遁迹销声,dùn jì xiāo shēng
遁名改作,dùn míng gǎi zuò
遁名匿迹,dùn míng nì jì
遁入空门,dùn rù kōng mén
遁身远迹,dùn shēn yuǎn jì
遁世长往,dùn shì cháng wǎng
遁世绝俗,dùn shì jué sú
遁世离群,dùn shì lí qún
遁世离俗,dùn shì lí sú
遁世无闷,dùn shì wú mèn
遁世遗荣,dùn shì yí róng
遁世隐居,dùn shì yǐn jū
遁世幽居,dùn shì yōu jū
遁俗无闷,dùn sú wú mèn
遁天倍情,dùn tiān bèi qíng
遁天妄行,dùn tiān wàng xíng
遁天之刑,dùn tiān zhī xíng
遁形远世,dùn xíng yuǎn shì
遁逸无闷,dùn yì wú mèn
遁阴匿景,dùn yīn nì jǐng
多才多艺,duō cái duō yì
多材多艺,duō cái duō yì
多财善贾,duō cái shàn gǔ
多藏厚亡,duō cáng hòu wáng
多愁多病,duō chóu duō bìng
多愁善病,duō chóu shàn bìng
多愁善感,duō chóu shàn gǎn
多此一举,duō cǐ yī jǔ
多端寡要,duō duān guǎi yào
多多益办,duō duō yì bàn
多多益善,duō duō yì shàn
多方百计,duō fāng bǎi jì
多故之秋,duō gù zhī qiū
多管闲事,duō guǎn xián shì
多见广识,duō jiàn guǎng shí
多口阿师,duō kǒu ā shī
多快好省,duō kuài hǎo shěng
多历年稔,duō lì nián rěn
多历年所,duō lì nián suǒ
多谋善断,duō móu shàn duàn
多谋善虑,duō móu shàn lǜ
多难兴邦,duō nàn xīng bāng
多能多艺,duō néng duō yì
多歧亡羊,duō qí wáng yáng
多钱善贾,duō qián shàn gǔ
多情多感,duō qíng duō gǎn
多情多义,duō qíng duō yì
多情善感,duō qíng shàn gǎn
多如牛毛,duō rú niú máo
多事之秋,duō shì zhī qiū
多收并畜,duō shōu bìng chù
多文强记,duō wén qiáng jì
多文为富,duō wén wéi fù
多闻强记,duō wén qiáng jì
多闻阙疑,duō wén quē yí
多凶少吉,duō xiōng shǎo jí
多许少与,duō xǔ shǎo yǔ
多言多语,duō yán duō yǔ
多言繁称,duō yán fán chēng
多言或中,duō yán huò zhōng
多言数穷,duō yán shuò qióng
多艺多才,duō yì duō cái
多鱼之漏,duō yú zhī lòu
多灾多难,duō zāi duō nàn
多嘴多舌,duō zuǐ duō shè
多嘴献浅,duō zuǐ xiàn qiǎn
咄咄逼人,duō duō bī rén
咄咄怪事,duō duō guài shì
咄咄书空,duō duō shū kōng
咄嗟便办,duō jiē biàn bàn
咄嗟叱咤,duō jiē chì zhà
咄嗟立办,duō jiē lì bàn
咄嗟之间,duō jiē zhī jiān
夺眶而出,duó kuàng ér chū
夺门而出,duó mén ér chū
夺其谈经,duó qí tán jīng
夺人所好,duó rén suǒ hào
夺胎换骨,duó tāi huàn gǔ
夺席谈经,duó xí tán jīng
掇菁撷华,duō jīng xié huá
掇青拾紫,duō qīng shí zǐ
掇拾章句,duō shí zhāng jù
掇臀捧屁,duō tún pěng pì
朵颐大嚼,duǒ yī dà jiáo
躲躲闪闪,duǒ duǒ shǎn shǎn
堕溷飘茵,duò hùn piāo yīn
堕云雾中,duò yún wù zhōng
堕甑不顾,duò zèng bù gù
屙金溺银,ē jīn niào yín
讹言惑众,é yán huò zhòng
讹以传讹,é yǐ chuán é
讹以滋讹,é yǐ zī é
峨峨汤汤,é é shāng shāng
峨峨洋洋,é é yáng yáng
峨冠博带,é guān bó dài
鹅湖之会,é hú zhī huì
鹅毛大雪,é máo dà xuě
鹅王择乳,é wáng zé rǔ
鹅行鸭步,é xíng yā bù
蛾眉皓齿,é méi hào chǐ
蛾眉螓首,é méi qín shǒu
额蹙心痛,é cù xīn tòng
额手称庆,é shǒu chēng qìng
额手称颂,é shǒu chēng sòng
额手相庆,é shǒu xiāng qìng
额首称庆,é shōu chēng qìng
额外主事,é wai zhǔ shì
婀娜多姿,ē nuó duō zī
扼喉抚背,è hóu fǔ bèi
扼襟控咽,è jīn kòng yān
扼亢拊背,è kàng fǔ bèi
扼吭夺食,è gāng duó shí
扼吭拊背,è gāng fǔ bèi
扼腕长叹,è wàn cháng tàn
扼腕抵掌,è wàn dǐ zhǎng
扼腕叹息,è wǎn tàn xī
恶不去善,wù bù qù shàn
恶叉白赖,è chā bái lài
恶尘无染,è chén wú rǎn
恶恶从短,wù wù cóng duǎn
恶贯满盈,è guàn mǎn yíng
恶贯已盈,è guàn yǐ yíng
恶迹昭著,è jì zhāo zhù
恶迹昭着,è jì zhāo zhe
恶积祸盈,è jī huò yíng
恶籍盈指,è jí yíng zhǐ
恶居下流,wù jū xià liú
恶声恶气,è shēng è qì
恶湿居下,wù shī jū xià
恶性循环,è xìng xún huán
恶言厉色,è yán lì sè
恶言詈辞,è yán lì cí
恶衣恶食,è yī è shí
恶衣菲食,è yī fēi shí
恶衣粝食,è yī lì shí
恶衣蔬食,è yī shū shí
恶意中伤,è yì zhòng shāng
恶有恶报,è yǒu è bào
恶语伤人,è yǔ shāng rén
恶语相加,è yǔ xiāng jiā
恶语中伤,è yǔ zhòng shāng
恶直丑正,è zhí chǒu zhèng
恶紫夺朱,wù zǐ duó zhū
恶醉强酒,wù zuì qiǎng jiǔ
饿莩遍野,è piǎo biàn yě
饿莩载道,è piǎo zǎi dào
饿虎饥鹰,è hǔ jī yīng
饿虎扑食,è hǔ pū shí
饿虎扑羊,è hǔ pū yáng
饿虎擒羊,è hǔ qín yáng
饿虎吞羊,è hǔ tūn yáng
饿虎之蹊,è hǔ zhī xī
饿殍遍野,è piǎo biàn yě
饿殍满道,è piǎo mǎn dào
饿殍载道,è piǎo zài dào
饿殍枕藉,è piǎo zhěn jí
遏恶扬善,è è yán shàn
遏渐防萌,è jiàn fáng méng
遏密八音,è mì bā yīn
遏云绕梁,è yún rào liáng
搤臂啮指,è bì niè zhǐ
噩噩浑浑,è è hún hún
鳄鱼眼泪,è yú yǎn lèi
恩不放债,ēn bù fàng zhai
恩德如山,ēn dé rú shān
恩断义绝,ēn duàn yì jué
恩恩相报,ēn ēn xiāng bào
恩将仇报,ēn jiāng chóu bào
恩荣并济,ēn róng bìng jì
恩若再生,ēn ruò zài shēng
恩山义海,ēn shān yì hǎi
恩深义重,ēn shēn yì zhòng
恩甚怨生,ēn shèn yuàn shēng
恩同父母,ēn tóng fù mǔ
恩同山岳,ēn tóng shān yuè
恩同再造,ēn tóng zài zào
恩威并行,ēn wēi bìng xíng
恩威并用,ēn wēi bìng yòng
恩威并重,ēn wēi bìng zhòng
恩有重报,ēn yǒu zhòng bào
恩逾慈母,ēn yú cí mǔ
恩怨分明,ēn yuàn fēn míng
恩重如山,ēn zhòng rú shān
恩重泰山,ēn zhòng tài shān
儿女成行,ér nǚ chéng háng
儿女亲家,ér nǚ qìng jiā
儿女情长,ér nǚ qíng cháng
儿女心肠,ér nǘ xīn cháng
儿女之情,ér nǚ zhī qíng
而今而后,ér jīn ér hòu
而立之年,ér lì zhī nián
尔汝之交,ěr rǔ zhī jiāo
尔虞我诈,ěr yú wǒ zhà
尔诈我虞,ěr zhà wǒ yú
耳鬓斯磨,ěr bìn sī mó
耳鬓厮磨,ěr bìn sī mó
耳鬓撕磨,ěr bìn sī mó
耳聪目明,ěr cōng mù míng
耳根清净,ěr gēn qīng jìng
耳红面赤,ěr hóng miàn chì
耳后生风,ěr hòu shēng fēng
耳满鼻满,ěr mǎn bí mǎn
耳目闭塞,ěr mù bì sāi
耳目股肱,ěr mù gǔ gōng
耳目一新,ěr mù yī xīn
耳目昭彰,ěr mù zhāo zhāng
耳目众多,ěr mù zhòng duō
耳濡目染,ěr rǔ mù rǎn
耳软心活,ěr ruǎn xīn huó
耳食之论,ěr shí zhī lùn
耳食之谈,ěr shí zhī tán
耳食之言,ěr shí zhī yán
耳视目食,ěr shì mù shí
耳视目听,ěr shì mù tīng
耳熟能详,ěr shú néng xiáng
耳顺之年,ér shùn zhī nián
耳提面命,ěr tí miàn mìng
耳听八方,ěr tīng bā fāng
耳听心受,ěr tīng xīn shòu
耳闻目睹,ěr wén mù dǔ
耳闻目击,ěr wén mù jī
耳闻目见,ěr wén mù jiàn
耳闻则诵,ěr wén zé sòng
迩安远至,ěr ān yuǎn zhì
二八佳人,èr bā jiā rén
二分明月,èr fēn míng yuè
二缶钟惑,èr fǒu zhōng huò
二缶锺惑,èr fǒu zhōng huò
二话不说,èr huà bù shuō
二惠竞爽,èr huì jìng shuǎng
二龙戏珠,èr lóng xì zhū
二满三平,èr mǎn sān píng
二三君子,èr sān jūn zǐ
二三其德,èr sān qí dé
二三其意,èr sān qí yì
二竖为虐,èr shù wéi nüè
二童一马,èr tóng yī mǎ
二心两意,èr xīn liǎng yì
二心三意,èr xīn sān yì
二姓之好,èr xìng zhī hǎo
发财致富,fā cái zhì fù
发策决科,fā cè jué kē
发短心长,fà duǎn xīn cháng
发凡起例,fā fán qǐ lì
发奋图强,fā fèn tú qiáng
发愤图强,fā fèn tú qiáng
发愤忘食,fā fèn wàng shí
发号施令,fā hào shī lìng
发家致富,fā jiā zhì fù
发奸擿伏,fā jiān tì fú
发科打诨,fā kē dǎ hùn
发聋振聩,fā lóng zhèn kuì
发蒙解缚,fā méng jiě fu
发蒙解惑,fā méng jiě huò
发蒙振聩,fā méng zhèn kuì
发蒙振落,fā méng zhèn luò
发怒冲冠,fā nù chōng guàn
发怒穿冠,fà nù chuān guān
发人深省,fā rén shēn xǐng
发人深思,fā rén shēn sī
发上冲冠,fā shàng chōng guàn
发上指冠,fā shàng zhǐ guàn
发棠之请,fā táng zhī qǐng
发秃齿豁,fà tū chǐ huò
发屋求狸,fā wū qiú lí
发宪布令,fā xiàn bù lìng
发硎新试,fā xíng xīn shì
发言盈庭,fā yán yíng tíng
发扬踔厉,fā yáng chuō lì
发扬蹈厉,fā yáng dǎo lì
发扬光大,fā yáng guāng dà
发引千钧,fà yǐn qiān jūn
发隐擿伏,fā yǐn tī fú
发踊冲冠,fà yǒng chōng guān
发政施仁,fā zhèng shī rén
发植穿冠,fà zhí chuān guān
发指眦裂,fà zhǐ zì liè
发综指示,fā zōng zhǐ shì
发踪指使,fā zōng zhǐ shǐ
发踪指示,fā zōng zhǐ shì
发纵指使,fā zòng zhǐ shǐ
发纵指示,fā zòng zhǐ shì
伐冰之家,fá bīng zhī jiā
伐功矜能,fá gōng jīn néng
伐毛换髓,fá máo huàn suǐ
伐毛洗髓,fá máo xǐ suǐ
伐性之斧,fá xìng zhī fǔ
伐异党同,fá yì dǎng tóng
伐罪吊民,fá zuì diào mín
伐罪吊人,fá zuì diào rén
罚不当罪,fá bù dāng zuì
罚不责众,fá bù zé zhòng
罚一劝百,fá yī quàn bǎi
法不阿贵,fǎ bù ē guì
法不徇情,fǎ bù xùn qíng
法出多门,fǎ chū duō mén
法出一门,fǎ chū yī mén
法海无边,fǎ hǎi wú biān
法家拂士,fǎ jiā bì shì
法灸神针,fǎ jiǔ shén zhēn
法力无边,fǎ lì wú biān
法轮常转,fǎ lún cháng zhuàn
法脉准绳,fǎ mài zhǔn shéng
法外施仁,fǎ wài shī rén
法无二门,fǎ wú èr mén
法无可贷,fǎ wú kě dài
番窠倒臼,fān kē dǎo jiù
番来覆去,fān lái fù qù
幡然改途,fān rán gǎi tú
幡然悔悟,fān rán huǐ wù
翻肠搅肚,fān cháng jiǎo dù
翻复无常,fān fù wú cháng
翻黄倒皁,fān huáng dǎo yí
翻黄倒皂,fān huáng dǎo zào
翻江倒海,fān jiāng dǎo hǎi
翻江搅海,fān jiāng jiǎo hǎi
翻空出奇,fān kōng chū qí
翻来覆去,fān lái fù qù
翻然改进,fān rán gǎi jìn
翻然改图,fān rán gǎi tú
翻然悔悟,fān rán huǐ wù
翻山越岭,fān shān yuè lǐng
翻天覆地,fān tiān fù dì
翻天作地,fān tiān zuò dì
翻箱倒柜,fān xiāng dǎo guì
翻箱倒箧,fān xiāng dǎo qiè
翻云覆雨,fān yún fù yǔ
凡才浅识,fán cái qiǎn shí
凡夫肉眼,fán fū ròu yǎn
凡夫俗子,fán fū sú zǐ
凡偶近器,fán ǒu jìn qì
凡胎肉眼,fán tāi ròu yǎn
凡胎浊骨,fán tāi zhuó gǔ
凡胎浊体,fán tāi zhuó tǐ
凡桃俗李,fán táo sú lǐ
烦文缛礼,fán wén rù lǐ
烦言碎辞,fán yán suì yǔ
燔书阬儒,fán shū gāng rú
燔书坑儒,fán shū kēng rú
繁花似锦,fán huā sì jǐn
繁华损枝,fán huá sǔn zhī
繁荣昌盛,fán róng chāng shèng
繁荣富强,fán róng fù qiáng
繁荣兴旺,fán róng xīng wàng
繁文末节,fán wén mò jié
繁文缛节,fán wén rù jié
繁弦急管,fán xián jí guǎn
繁刑重赋,fán xíng zhòng fù
繁征博引,fán zhēng bó yǐn
繁枝细节,fán zhī xì jié
反败为胜,fǎn bài wéi shèng
反哺之情,fǎn bǔ zhī qíng
反哺之私,fǎn bǔ zhī sī
反唇相讥,fǎn chún xiāng jī
反唇相稽,fǎn chún xiāng jī
反风灭火,fǎn fēng miè huǒ
反复推敲,fǎn fù tuī qiāo
反复无常,fǎn fù wú cháng
反覆无常,fǎn fù wú cháng
反戈相向,fǎn gē xiāng xiàng
反戈一击,fǎn gē yī jī
反攻倒算,fǎn gōng dǎo suàn
反躬自省,fǎn gōng zì xǐng
反躬自问,fǎn gōng zì wèn
反躬自责,fǎn gōng zì zé
反间之计,fǎn jiàn zhī jì
反骄破满,fǎn jiāo pò mǎn
反经合道,fǎn jīng hé dào
反经合义,fǎn jīng hé yì
反经行权,fǎn jīng xíng quán
反客为主,fǎn kè wéi zhǔ
反劳为逸,fǎn láo wéi yì
反老还童,fǎn lǎo huán tóng
反脸无情,fān liǎn wú qíng
反面教员,fǎn miàn jiào yuán
反面文章,fǎn miàn wén zhāng
反面无情,fǎn miàn wú qíng
反目成仇,fǎn mù chéng chóu
反璞归真,fǎn pǔ guī zhēn
反朴归真,fǎn pǔ guī zhēn
反朴还淳,fǎn pǔ huán chún
反求诸己,fǎn qiú zhū jǐ
反裘负刍,fǎn qiú fù chú
反裘负薪,fǎn qiú fù xīn
反裘伤皮,fǎn qiú shāng pí
反身自问,fǎn shēn zì wèn
反手可得,fǎn shǒu kě dé
反水不收,fǎn shuǐ bù shōu
反听内视,fǎn tīng nèi shì
反听收视,fǎn tīng shōu shì
反眼不识,fǎn yǎn bù shí
反正拨乱,fǎn zhèng bō luàn
反正还淳,fǎn zhèng huán chún
反治其身,fǎn zhì qí shēn
返本朝元,fǎn běn cháo yuán
返本还元,fǎn běn huán yuán
返本还原,fǎn běn huán yuán
返本还源,fǎn běn huán yuán
返哺之恩,fǎn bǔ zhī ēn
返观内视,fǎn guān nèi shì
返观内照,fǎn guān nèi zhào
返来复去,fǎn lái fù qù
返老归童,fǎn lǎo guī tóng
返老还童,fǎn lǎo huán tóng
返辔收帆,fǎn pèi shōu fān
返璞归真,fǎn pú guī zhēn
返朴归真,fǎn pǔ guī zhēn
返朴还淳,fǎn pǔ huán chún
返朴还真,fǎn pǔ huán zhēn
返视内照,fǎn shì nèi zhào
返我初服,fǎn wǒ chū fú
返邪归正,fǎn xié guī zhèng
返虚入浑,fǎn xū rù hún
返照回光,fǎn zhào huí guāng
犯而不校,fàn ér bù jiào
犯而勿校,fàn ér wù xiào
犯上作乱,fàn shàng zuò luàn
犯言直谏,fàn yán zhǐ jiǎn
犯颜极谏,fàn yán jí jiàn
犯颜苦谏,fàn yán kǔ jiàn
泛泛而谈,fàn fàn ér tán
泛泛之交,fàn fàn zhī jiāo
泛泛之人,fàn fàn zhī rén
泛泛之谈,fàn fàn zhī tán
泛浩摩苍,fàn hào mó cāng
泛滥成灾,fàn làn chéng zāi
泛萍浮梗,fàn píng fú gěng
泛应曲当,fàn yīng qǔ dāng
泛宅浮家,fàn zhái fú jiā
饭坑酒囊,fàn kēng jiǔ náng
饭来开口,fàn lái kāi kǒu
饭来张口,fàn lái zhāng kǒu
饭粝茹蔬,fàn lì rú shū
饭囊酒畒,fàn náng jiǔ wèng
饭囊酒瓮,fàn náng jiǔ wèng
饭囊衣架,fàn náng yī jià
饭牛屠狗,fàn niú tú gǒu
饭糗茹草,fàn qiǔ rú cǎo
饭蔬饮水,fàn shū yǐn shuǐ
范水模山,fàn shuǐ mó shān
范张鸡黍,fàn zhāng jī shǔ
贩夫贩妇,fàn fū fàn fù
贩夫俗子,fàn fū sú zǐ
贩夫皁隶,fàn fū yě lì
贩夫皂隶,fàn fū zào lì
贩夫驺卒,fàn fū zōu zú
贩夫走卒,fàn fū zǒu fú
贩官鬻爵,fàn guān yù jué
贩贱卖贵,fàn jiàn mài guì
贩交买名,fàn jiāo mǎi míng
梵册贝叶,fàn cè bèi yè
方便之门,fāng biàn zhī mén
方骖并路,fāng cān bìng lù
方寸不乱,fāng cùn bù luàn
方寸万重,fāng cùn wàn chóng
方寸已乱,fāng cùn yǐ luàn
方寸之地,fāng cùn zhī dì
方底圆盖,fāng dǐ yuán gài
方来未艾,fāng lái wèi ài
方领矩步,fāng lǐng jǔ bù
方领圆冠,fāng lǐng yuán guàn
方面大耳,fāng miàn dà ěr
方枘圆凿,fāng ruì yuán záo
方枘圜凿,fāng ruì huán záo
方桃譬李,fāng táo pì lǐ
方头不劣,fāng tóu bù liè
方头不律,fāng tóu bù lǜ
方外之人,fāng wài zhī rén
方兴未艾,fāng xīng wèi ài
方兴未已,fāng xīng wèi yǐ
方言矩行,fāng yán jǔ xíng
方以类聚,fāng yǐ lèi jù
方员可施,fāng yuán kě shī
方凿圆枘,fāng záo yuán ruì
方正不阿,fāng zhèng bù ē
方趾圆颅,fāng zhǐ yuán lú
方滋未艾,fāng zī wèi ài
方足圆颅,fāng zú yuán lú
芳兰竟体,fāng lán jìng tǐ
芳年华月,fāng nián huá yuè
防不及防,fáng bù jí fáng
防不胜防,fáng bù shèng fáng
防患未萌,fáng huàn wèi méng
防患未然,fáng huàn wèi rán
防萌杜渐,fáng méng dù jiàn
防微杜渐,fáng wēi dù jiàn
防微杜衅,fáng wēi dù xìn
防微虑远,fáng wēi lǜ yuǎn
防心摄行,fáng xīn shè xíng
防芽遏萌,fáng yá è méng
防意如城,fáng yì rú chéng
妨功害能,fáng gōng hài néng
房谋杜断,fáng móu dù duàn
鲂鱼趙尾,fáng yú chēng wěi
仿徨失措,báng huáng shī cuò
访贫问苦,fǎng pín wèn kǔ
访亲问友,fǎng qīn wèn yǒu
放辟邪侈,fàng pì xié chǐ
放辟淫侈,fàng pì yín chǐ
放达不羁,fàng dá bù jī
放诞不羁,fàng dàn bù jī
放诞不拘,fàng dàn bù jū
放诞风流,fàng dàn fēng liú
放荡不羁,fàng dàng bù jī
放荡形骸,fàng dàng xíng hái
放刁把滥,fàng diāo bǎ làn
放刁撒泼,fàng diāo sā pō
放饭流歠,fàng fàn liú chuò
放歌纵酒,fàng gē zòng jiǔ
放虎归山,fàng hǔ guī shān
放虎遗患,fàng hǔ yí huàn
放虎自卫,fàng hǔ zì wèi
放火烧山,fàng huǒ shāo shān
放浪不羁,fàng làng bù jī
放浪不拘,fàng làng bù jū
放浪无羁,fàng làng wú jī
放浪无拘,fàng làng wú jū
放浪形骸,fàng làng xíng hái
放龙入海,fàng lóng rù hǎi
放马后炮,fàng mǎ hòu pào
放马华阳,fàng mǎ huá yáng
放牛归马,fàng niú guī mǎ
放屁添风,fàng pì tiān fēng
放僻邪侈,fàng pì xié chǐ
放泼撒豪,fàng pō sā háo
放情丘壑,fàng qíng qiū hè
放任自流,fàng rèn zì liú
放心解体,fàng xīn jiě tǐ
放心托胆,fàng xīn tuō dǎn
放言高论,fàng yán gāo lùn
放言遣辞,fàng yán qiǎn cí
放眼世界,fàng yǎn shì jiè
放意肆志,fàng yì sì zhì
放鹰逐犬,fàng yīng zhú quǎn
放鱼入海,fàng yú rù hǎi
放纵不羁,fàng zòng bù jī
放纵不拘,fàng zòng bù jū
放纵驰荡,fàng zòng chí dàng
飞苍走黄,fēi cāng zǒu huáng
飞刍挽粒,fēi chú wǎn lì
飞刍挽粮,fēi chú wǎn liáng
飞刍挽粟,fēi chú wǎn sù
飞刍转饷,fēi chú zhuǎn xiǎng
飞短流长,fēi duǎn liú cháng
飞遁离俗,fēi dùn lí sú
飞遁鸣高,fēi dùn míng kāo
飞蛾赴火,fēi é fù huǒ
飞蛾赴焰,fēi é fù yàn
飞蛾赴烛,fēi é fù zhú
飞蛾扑火,fēi é pū huǒ
飞蛾投火,fēi é tóu huǒ
飞阁流丹,fēi gé liú dān
飞觥献斝,fēi gōng xiàn jiǎ
飞觥走斝,fēi gōng zǒu jiǎ
飞鸿踏雪,fēi hóng tà xuě
飞鸿雪爪,fēi hóng xuě zhǎo
飞鸿印雪,fēi hóng yìn xuě
飞黄腾达,fēi huáng téng dá
飞黄腾踏,fēi huáng téng tà
飞将数奇,fē jiàng shù jī
飞来横祸,fēi lái hèng huò
飞粮挽秣,fēi liáng wǎn mò
飞流短长,fēi liú duǎn cháng
飞龙乘云,fēi lóng chéng yún
飞龙在天,fēi lóng zài tiān
飞鸾翔凤,fēi luán xiáng fèng
飞米转刍,fēi mǐ zhuǎn chú
飞谋钓谤,fēi móu diào bàng
飞谋荐谤,fēi móu jiàn bàng
飞鸟惊蛇,fēi niǎo jīng shé
飞鸟依人,fēi niǎo yī rén
飞蓬乘风,fēi péng chéng fēng
飞蓬随风,fēi péng suí fēng
飞禽走兽,fēi qín zǒu shòu
飞沙扬砾,fēi shā yáng lì
飞沙走砾,fēi shē zǒu lì
飞沙走石,fēi shā zǒu shí
飞砂扬砾,fēi shā yáng lì
飞砂转石,fēi shā zhuǎn shí
飞砂走石,fēi shā zǒu shí
飞觞走斝,fēi shāng zǒu jiǎ
飞升腾实,fēi shēng téng shí
飞声腾实,fēi shēng téng shí
飞书走檄,fēi shū zǒu xí
飞霜六月,fēi shuāng liù yuè
飞土逐害,fēi tǔ zhú hài
飞土逐肉,fēi tǔ zhú ròu
飞文染翰,fēi wén rǎn hàn
飞熊入梦,fēi xióng rù mèng
飞沿走壁,fēi yán zǒu bì
飞檐走壁,fēi yán zǒu bì
飞檐走脊,fēi yán zǒu jǐ
飞眼传情,fēi yǎn chuán qíng
飞殃走祸,fēi yāng zǒu huò
飞扬跋扈,fēi yáng bá hù
飞扬浮躁,fēi yáng fú zào
飞鹰奔犬,fēi yīng bēn quǎn
飞鹰走狗,fēi yīng zǒu gǒu
飞鹰走马,fēi yīng zǒu mǎ
飞鹰走犬,fēi yīng zǒu quǎn
飞云掣电,fēi yún chè diàn
飞灾横祸,fēi zāi hèng huò
飞针走线,fēi zhēn zǒu xiàn
飞珠溅玉,fēi zhū jiàn yù
非常之谋,fēi cháng zhī móu
非池中物,fēi chí zhōng wù
非此即彼,fēi cǐ jí bǐ
非分之财,fēi fèn zhī cái
非分之念,fēi fèn zhī niàn
非分之想,fēi fèn zhī xiǎng
非驴非马,fēi lǘ fēi mǎ
非亲非故,fēi qīn fēi gù
非同儿戏,fēi tóng ér xì
非同小可,fēi tóng xiǎo kě
非同寻常,fēi tóng xún cháng
非我族类,fēi wǒ zú lèi
非昔是今,fēi xī shì jīn
非异人任,fēi yì rén rèn
非意相干,fēi yì xiāng gān
非愚则诬,fēi yú zé wū
菲食薄衣,fěi shí bó yī
蜚短流长,fēi duǎn liú cháng
蜚瓦拔木,fēi wǎ bá mù
蜚英腾茂,fēi yīng téng mào
肥肠满脑,féi cháng mǎn nǎo
肥冬瘦年,féi dōng shòu nián
肥遁鸣高,féi dùn míng gāo
肥遯鸣高,féi dùn míng gāo
肥甘轻暖,féi gān qīng nuǎn
肥马轻裘,féi mǎ qīng qiú
肥头大耳,féi tóu dà ěr
肥头大面,féi tóu dà miàn
肥头胖耳,féi tóu pàng ěr
肥鱼大肉,féi yú dà ròu
匪朝伊夕,fěi cháo yī xī
匪匪翼翼,féi féi yì yì
匪石匪席,fěi shí fěi xí
匪石之心,fěi shí zhī xīn
匪伊朝夕,fěi yí zhāo xī
匪夷匪惠,fěi jí fěi huì
匪夷所思,fěi yí suǒ sī
诽谤之木,fěi bàng zhī mù
诽誉在俗,fěi yù zài sú
悱恻缠绵,fěi cè chán mián
斐然成章,fěi rán chéng zhāng
斐然乡风,fěi rán xiāng fēng
斐然向风,fěi rán xiàng fēng
吠非其主,fèi fēi qí zhǔ
吠形吠声,fèi xíng fèi shēng
吠影吠声,fèi yǐng fèi shēng
废话连篇,fèi huà lián piān
废寝忘餐,fèi qǐn wàng cān
废寝忘食,fèi qǐn wàng shí
废然而反,fèi rán ér fǎn
废然而返,fèi rán ér fǎn
废书而叹,fèi shū ér tàn
废私立公,fèi sī lì gōng
废文任武,fèi wén rèn wǔ
沸反连天,fèi fǎn lián tiān
沸反盈天,fèi fǎn yíng tiān
沸沸汤汤,fèi fèi tāng tāng
沸沸扬扬,fèi fèi yáng yáng
沸天震地,fèi tiān zhèn dì
肺腑之言,fèi fǔ zhī yán
肺石风清,fèi shí fēng qīng
费财劳民,fèi cái láo mín
费尽心机,fèi jìn xīn jī
费力劳心,fèi lì láo xīn
分崩离析,fēn bēng lí xī
分别部居,fēn bié bù jū
分别门户,fēn bié mén hù
分钗断带,fēn chāi duàn dài
分钗劈凤,fēn chāi pī fèng
分钗破镜,fēn chāi pò jìng
分床同梦,fēn chuáng tóng mèng
分寸之末,fēn cùn zhī mò
分道扬镳,fēn dào yáng biāo
分而治之,fēn ér zhì zhī
分房减口,fēn fáng jiǎn kǒu
分风劈流,fēn fēng pǐ liú
分甘共苦,fēn gān gòng kǔ
分甘绝少,fēn gān jué shǎo
分甘同苦,fēn gān tóng kǔ
分工合作,fēn gōng hé zuò
分毫不差,fēn háo bù chā
分毫不取,fēn háo bù qǔ
分毫不爽,fēn háo bù shuǎng
分毫不值,fēn háo bù zhí
分毫无爽,fēn háo wú shuǎng
分毫析厘,fēn háo xī lí
分花拂柳,fēn huā fú liǔ
分花约柳,fēn huā yuē liǔ
分化瓦解,fēn huà wǎ jiě
分家析产,fēn jiā xī chǎn
分斤掰两,fēn jīn bāi liǎng
分斤拨两,fēn jīn bō liǎng
分金掰两,fēn jīn bāi liǎng
分进合击,fēn jìn hé jī
分居异爨,fēn jū yì cuàn
分劳赴功,fēn láo fù gōng
分厘毫丝,fēn lí háo sī
分路扬镳,fēn lù yáng biāo
分茅赐土,fēn máo cì tǔ
分茅列土,fēn máo liè tǔ
分茅裂土,fēn máo liè tǔ
分茅锡土,fēn máo xī tǔ
分茅胙土,fēn máo zuò tǔ
分门别户,fēn mén bié hù
分门别类,fēn mén bié lèi
分秒必争,fēn miǎo bì zhēng
分内之事,fèn nèi zhī shì
分朋引类,fēn péng yǐn lèi
分贫振穷,fēn pín zhèn qióng
分情破爱,fēn qíng pò ài
分三别两,fēn sān bié liǎng
分身减口,fēn shēn jiǎn kǒu
分身无术,fēn shēn wú shù
分守要津,fēn shǒu yào jīn
分丝析缕,fēn sī xī lǚ
分条析理,fēn tiáo xī lǐ
分庭伉礼,fēn tíng kàng lǐ
分庭抗礼,fēn tíng kàng lǐ
分外妖娆,fèn wài yāo ráo
分文不名,fēn wén bù míng
分文不取,fēn wén bù qǔ
分文不直,fēn wén bù zhí
分文不值,fēn wén bù zhí
分文未取,fēn wén wèi qǔ
分我杯羹,fēn wǒ bēi gēng
分香卖履,fēn xiāng mài lǚ
分宵达曙,fēn xiāo dá shǔ
分鞋破镜,fēn xié pò jìng
分心挂腹,fēn xīn guà fù
分星拨两,fēn xīng bō liǎng
分星擘两,fēn xīng bò liǎng
分星劈两,fēn xīng pī liǎng
分形共气,fēn xíng gòng qì
分形连气,fēn xíng lián qì
分形同气,fēn xíng tóng qì
分烟析产,fēn yān xī chǎn
分烟析生,fēn yān xī shēng
分章析句,fēn zhāng xī jù
纷纷不一,fēn fēn bù yī
纷纷籍籍,fēn fēn jí jí
纷纷攘攘,fēn fēn rǎng rǎng
纷纷扰扰,fēn fēn rǎo rǎo
纷纷扬扬,fēn fēn yáng yáng
纷纷洋洋,fēn fēn yáng yáng
纷纷拥拥,fēn fēn yōng yōng
纷红骇绿,fēn hóng hài lǜ
纷乱如麻,fēn luàn rú má
纷纭杂沓,fēn yún zá tà
纷至沓来,fēn zhì tà lái
纷至踏来,fēn zhì tà lái
芬芳馥郁,fēn fāng fù yù
焚巢荡穴,fén cháo dàng xué
焚巢捣穴,fén cháo dǎo xué
焚典坑儒,fén diǎn kēng rú
焚符破玺,fén fú pò xǐ
焚膏继晷,fén gāo jì guǐ
焚骨扬灰,fén gǔ yáng huī
焚枯食淡,fén kū shí dàn
焚林而猎,fén lín ér liè
焚林而狩,fén lín ér shòu
焚林而田,fén lín ér tián
焚林而畋,fén lín ér tián
焚林竭泽,fén lín jié zé
焚琴鬻鹤,fén qín yù hè
焚琴煮鹤,fén qín zhǔ hè
焚尸扬灰,fén shī yáng huī
焚书坑儒,fén shū kēng rú
焚薮而田,fén sǒu ér tián
焚香顶礼,fén xiāng dǐng lǐ
焚香礼拜,fén xiān lǐ bài
焚香膜拜,fén xiāng mó bài
焚香扫地,fén xiāng sǎo dì
焚舟破釜,fén zhōu pò fǔ
粉白黛黑,fěn bái dài hēi
粉白黛绿,fěn bái dài lǜ
粉白墨黑,fěn bái mò hēi
粉骨捐躯,fěn gǔ juān qū
粉骨糜躯,fěn gǔ mí qū
粉骨糜身,fěn gǔ mí shēn
粉骨碎身,fěn gǔ suì shēn
粉面油头,fěn miàn yóu tóu
粉面朱唇,fěn miàn zhū chún
粉墨登场,fěn mò dēng chǎng
粉身灰骨,fěn shēn huī gǔ
粉身碎骨,fěn shēn suì gǔ
粉饰太平,fěn shì tài píng
粉妆玉砌,fěn zhuāng yù qì
粉妆玉琢,fěn zhuāng yù zhuó
粉装玉琢,fěn zhuāng yù zhuó
瞓面盎背,suì miàn àng bèi
奋笔疾书,fèn bǐ jí shū
奋笔直书,fèn bǐ zhí shū
奋不顾命,fèn bù gù mìng
奋不顾身,fèn bù gù shēn
奋发踔厉,fèn fā chuō lì
奋发蹈厉,fèn fā dǎo lì
奋发图强,fèn fā tú qiáng
奋发有为,fèn fā yǒu wéi
奋袂而起,fèn mèi ér qǐ
奋起直追,fèn qǐ zhí zhuī
奋身不顾,fèn shēn bù gù
奋武扬威,fèn wǔ yáng wēi
奋勇当先,fèn yǒng dāng xiān
忿不顾身,fèn bù gù shēn
忿忿不平,fèn fèn bù píng
忿火中烧,fèn huǒ zhōng shāo
忿然作色,fèn rán zuò sè
忿世嫉俗,fèn shì jí sú
愤不顾身,fèn bù gù shēn
愤不欲生,fèn bù yù shēng
愤愤不平,fèn fèn bù píng
愤风惊浪,fèn fēng jīng làng
愤时疾俗,fèn shí jí sú
愤世疾俗,fèn shì jí sú
愤世疾邪,fèn shì jí xié
愤世嫉俗,fèn shì jí sú
粪土不如,fèn tú bù rú
丰标不凡,fēng biāo bù fán
丰草长林,fēng cǎo cháng lín
丰度翩翩,fēng dù piān piān
丰富多采,fēng fù duō cǎi
丰富多彩,fēng fù duō cǎi
丰功厚利,fēng gōng hòu lì
丰功茂德,fēng gōng mào dé
丰功盛烈,fēng gōng shèng liè
丰功硕德,fēng gōng shuò dé
丰功伟绩,fēng gōng wěi jì
丰功懿德,fēng gōng yì dé
丰亨豫大,fēng hēng yù dà
丰肌弱骨,fēng jī ruò gǔ
丰肌秀骨,fēng jī xiù gǔ
丰筋多力,fēng jīn duō lì
丰年稔岁,fēng nián rěn suì
丰墙硗下,fēng qiáng qiāo xià
丰墙峭阯,fēng qiáng qiào zhǐ
丰墙峭址,fēng qiáng qiào zhǐ
丰取刻与,fēng qǔ kè yǔ
丰神绰约,fēng shén chuò yuē
丰神异彩,fēng shén yì cǎi
丰屋蔀家,fēng wū zhī jiā
丰屋生灾,fēng wū shēng zāi
丰屋延灾,fēng wū yán zāi
丰屋之过,fēng wū zhī guò
丰屋之祸,fēng wū zhī huò
丰屋之戒,fēng wū zhī jiè
丰衣足食,fēng yī zú shí
丰姿绰约,fēng zī chuò yuē
丰姿冶丽,fēng zī yě lì
风兵草甲,fēng bīng cǎo jiǎ
风不鸣条,fēng bù míng tiáo
风餐露宿,fēng cān lù sù
风车雨马,fēng chē yǔ mǎ
风车云马,fēng chē yún mǎ
风掣雷行,fēng chè léi xíng
风尘肮脏,feng chen ang zang
风尘碌碌,fēng chén lù lù
风尘仆仆,fēng chén pú pú
风尘之变,fēng chén zhī biàn
风尘之会,fēng chén zhī huì
风驰草靡,fēng chí cǎo mǐ
风驰电掣,fēng chí diàn chè
风驰电骋,fēng chí diàn chěng
风驰电赴,fēng chí diàn fù
风驰电击,fēng chí diàn jī
风驰电卷,fēng chí diàn juǎn
风驰电逝,fēng chí diàn shì
风驰霆击,fēng chí tíng jī
风驰雨骤,fēng chí yǔ zhòu
风驰云卷,fēng chí yún juǎn
风驰云走,fēng chí yún zǒu
风吹草动,fēng chuī cǎo dòng
风吹浪打,fēng chuī làng dǎ
风吹马耳,fēng chuī mǎ ěr
风吹日晒,fēng chuī rì shài
风吹雨打,fēng chuī yǔ dǎ
风吹云散,fēng chuī yún sàn
风刀霜剑,fēng dāo shuāng jiàn
风调雨顺,fēng tiáo yǔ shùn
风度翩翩,fēng dù piān piān
风风火火,fēng fēng huǒ huǒ
风风雨雨,fēng fēng yǔ yǔ
风风韵韵,fēng fēng yùn yùn
风骨峭峻,fēng gǔ qiào jùn
风光旖旎,fēng guāng yǐ nǐ
风光月霁,fēng guāng yuè jì
风禾尽起,fēng hé jìn qǐ
风和日丽,fēng hé rì lì
风和日美,fēng hé rì měi
风和日暖,fēng hé rì nuǎn
风和日暄,fēng hé rì xuān
风虎云龙,fēng hǔ yún lóng
风花雪夜,fēng huā xuě yè
风花雪月,fēng huā xuě yuè
风华绝代,fēng huá jué dài
风华正茂,fēng huá zhèng mào
风鬟雾鬓,fēng huán wù bìn
风鬟雨鬓,fēng huán yǔ bìn
风回电激,fēng huí diàn jī
风激电飞,fēng jī diàn fēi
风激电骇,fēng jī diàn hài
风急浪高,fēng jí làng gāo
风景不殊,fēng jǐng bù shū
风举云飞,fēng jǔ yún fēi
风举云摇,fēng jǔ yún yáo
风卷残云,fēng juǎn cán yún
风谲云诡,fēng jué yún guǐ
风口浪尖,fēng kǒu làng jiān
风雷火炮,fēng léi huǒ pào
风雷之变,fēng léi zhī biàn
风流才子,fēng liú cái zǐ
风流跌宕,fēng liú diē dàng
风流千古,fēng liú qiān gǔ
风流人物,fēng liú rén wù
风流儒雅,fēng liú rú yǎ
风流倜傥,fēng liú tì tǎng
风流潇洒,fēng liú xiāo sǎ
风流冤孽,fēng liú yuān niè
风流云散,fēng liú yún sàn
风流韵事,fēng liú yùn shì
风流蕴藉,fēng liú yùn jiè
风流罪过,fēng liú zuì guò
风马不接,fēng mǎ bù jiē
风马云车,fēng mǎ yún chē
风门水口,fēng mén shuǐ kǒu
风靡一时,fēng mǐ yī shí
风木含悲,fēng mù hán bēi
风木之悲,fēng mù zhī bēi
风木之思,fēng mù zhī sī
风平波息,fēng píng bō xī
风平浪静,fēng píng làng jìng
风起水涌,fēng qǐ shuǐ yǒng
风起云涌,fēng qǐ yún yǒng
风起云蒸,fēng qǐ yún zhēng
风前残烛,fēng qián cán zhú
风前月下,fēng qián yuè xià
风樯阵马,fēng qiáng zhèn mǎ
风轻云淡,fēng qīng yún dàn
风轻云净,fēng qīng yún jìng
风清弊绝,fēng qīng bì jué
风清月白,fēng qīng yuè bái
风清月皎,fēng qīng yuè jiāo
风清月朗,fēng qīng yuè lǎng
风清月明,fēng qīng yuè míng
风情月思,fēng qíng yuè sī
风情月意,fēng qíng yuè yì
风情月债,fēng qíng yuè zhài
风驱电击,fēng qū diàn jī
风驱电扫,fēng qū diàn sǎo
风趣横生,fēng qù héng shēng
风声鹤唳,fēng shēng hè lì
风霜雨雪,fēng shuāng yǔ xuě
风俗人情,fēng sú rén qíng
风土人情,fēng tú rén qíng
风潇雨晦,fēng xiāo yǔ huì
风信年华,fēng xìn nián huá
风行草从,fēng xíng cǎo cóng
风行草靡,fēng xíng cǎo mí
风行草偃,fēng xíng cǎo yǎn
风行电掣,fēng xíng diàn chè
风行电击,fēng xíng diàn jī
风行电扫,fēng xíng diàn sǎo
风行电照,fēng xíng diàn zhào
风行革偃,fēng xíng gé yǎn
风行雷厉,fēng xíng léi lì
风行水上,fēng xíng shuǐ shàng
风行一时,fēng xíng yī shī
风行一世,fēng xíng yī shì
风行雨散,fēng xíng yǔ sàn
风旋电掣,fēng xuán diàn chè
风雪交加,fēng xuě jiāo jiā
风言醋语,fēng yán cù yǔ
风言风语,fēng yán fēng yǔ
风言雾语,fēng yán wù yǔ
风言影语,fēng yán yǐng yǔ
风影敷衍,fēng yǐng fū yān
风雨不测,fēng yǔ bù cè
风雨不改,fēng yǔ bù gǎi
风雨不透,fēng yǔ bù tòu
风雨对床,fēng yǔ duì chuáng
风雨共舟,fēng yǔ gòng zhōu
风雨晦冥,fēng yǔ huì míng
风雨晦暝,fēng yǔ huì míng
风雨交加,fēng yǔ jiāo jiā
风雨连床,fēng yǔ lián chuáng
风雨漂摇,fēng yǔ piāo yáo
风雨飘零,fēng yǔ piāo líng
风雨飘摇,fēng yǔ piāo yáo
风雨飘飖,fēng yǔ piāo yáo
风雨凄凄,fēng yǔ qī qī
风雨如晦,fēng yǔ rú huì
风雨如盘,fēng yǔ rú pán
风雨如磐,fēng yǔ rú pán
风雨时若,fēng yǔ shí ruò
风雨同舟,fēng yǔ tóng zhōu
风雨无阻,fēng yǔ wú zǔ
风雨萧条,fēng yǔ xiāo tiáo
风语不透,fēng yǔ bù tòu
风月无边,fēng yuè wú biān
风月无涯,fēng yuè wú yá
风云变幻,fēng yún bià huàn
风云变态,fēng yún biàn tài
风云不测,fēng yún bù cè
风云际会,fēng yún jì huì
风云人物,fēng yún rén wù
风云突变,fēng yún tū biàn
风云月露,fēng yún yuè lù
风云之志,fēng yún zhī zhì
风韵犹存,fēng yùn yóu cún
风栉雨沐,fēng zhì yǔ mù
风中秉烛,fēng zhōng bǐng zhú
风中之烛,fēng zhōng zhī zhú
风烛残年,fēng zhú cán nián
风烛草露,fēng zhú cǎo lù
风烛之年,fēng zhú zhī nián
风姿绰约,fēng zī chuō yué
封刀挂剑,fēng dāo guà jiàn
封官许原,fēng guān xǔ yuán
封官许愿,fēng guān xǔ yuàn
封胡遏末,fēng hú è mò
封胡羯末,fēng hú jié mò
封己守残,fēng jǐ shǒu cán
封金挂印,fēng jīn guà yìn
封妻荫子,fēng qī yìn zǐ
封豕长蛇,fēng shǐ cháng shé
封豨修蛇,fēng xī yǒu shé
峰回路转,fēng huí lù zhuǎn
烽鼓不息,fēng gǔ bù xī
烽火连年,fēng huò lián nián
烽火连天,fēng huǒ lián tiān
烽火四起,fēng huǒ sì qǐ
烽火相连,fēng huǒ xiāng lián
猦穅及米,shì kǎn jí mǐ
葑菲之采,fēng fēi zhī cǎi
锋不可当,fēng bù kě dāng
锋镝余生,fēng dí yú shēng
锋发韵流,fēng fā yùn liú
锋芒逼人,fēng máng bī rén
锋芒毕露,fēng máng bì lù
锋芒不露,fēng máng bù lù
锋芒所向,fēng máng suǒ xiàng
锋铓毕露,fēng máng bì lù
蜂虿有毒,fēng chài yǒu dú
蜂出泉流,fēng chū quán liú
蜂房蚁穴,fēng fáng yǐ xué
蜂附云集,fēng fù yún jí
蜂合豕突,fēng hé shǐ tū
蜂合蚁聚,fēng hé yǐ jù
蜂窠蚁穴,fēng kē yǐ xué
蜂狂蝶乱,fēng kuáng dié luàn
蜂媒蝶使,fēng méi dié shǐ
蜂迷蝶猜,fēng mí dié cāi
蜂迷蝶恋,fēng mí dié liàn
蜂目豺声,fēng mù chái shēng
蜂起云涌,fēng qǐ yún yǒng
蜂趋蚁附,fēng qū yǐ fù
蜂扇蚁聚,fēng shān yǐ jù
蜂识莺猜,fēng shí yīng cāi
蜂屯乌合,fēng tún wū hé
蜂屯蚁附,fēng tún yǐ fù
蜂屯蚁聚,fēng tún yǐ jù
蜂屯蚁杂,fēng tún yǐ zá
蜂腰削背,fēng yāo xuē bèi
蜂腰猿背,fēng yāo yuán bèi
蜂营蚁队,fēng yíng yǐ duì
蜂拥而来,fēng yōng ér lái
蜂拥而上,fēng yōng ér shàng
蜂拥而至,fēng yōng ér zhì
蜂拥蚁聚,fēng yōng yǐ jù
蜂拥蚁屯,fēng yōng yǐ tún
蜂攒蚁集,fēng cuán yǐ jí
蜂攒蚁聚,fēng cuán yǐ jù
冯河暴虎,féng hé bào hǔ
冯髈弹铗,féng huān dàn jiá
冯生弹铗,féng shēng dàn jiá
冯唐白首,féng táng bái shǒu
冯唐头白,féng táng tóu bái
冯唐已老,féng táng yǐ lǎo
冯唐易老,féng táng yì lǎo
逢场竿木,féng chǎng gān mù
逢场游戏,féng chǎng yóu xì
逢场作乐,féng chǎng zuò lè
逢场作趣,féng chǎng zuò qù
逢场作戏,féng chǎng zuò xì
逢恶导非,féng è dǎo fēi
逢机遘会,féng jī gòu huì
逢机立断,féng jī lì duàn
逢吉丁辰,féng jí dīng chén
逢君之恶,féng jūn zhī è
逢人说项,féng rén shuō xiàng
逢山开道,féng shān kāi dào
逢山开路,féng shān kāi lù
逢时遇节,féng shí yù jié
逢凶化吉,féng xiōng huà jí
缝衣浅带,féng yī qiǎn dài
讽德诵功,fěng dé sòng gōng
讽多要寡,fěng duō yào guǎ
讽一劝百,fěng yī quàn bǎi
凤表龙姿,fèng biǎo lóng zī
凤泊鸾漂,fèng bó luán piāo
凤泊鸾飘,fèng bó luán piāo
凤采鸾章,fèng cǎi luán zhāng
凤彩鸾章,fèng cǎi luán zhāng
凤愁鸾怨,fèng chóu luán yuàn
凤雏麟子,fèng chú lín zǐ
凤附龙攀,fèng fù lóng pān
凤歌鸾舞,fèng gē luán wǔ
凤骨龙姿,fèng gǔ lóng zī
凤冠霞帔,fèng guān xiá pèi
凤管鸾笙,fèng guǎn luán shēng
凤管鸾箫,fèng guǎn luán xiāo
凤皇来仪,fèng huáng lái yí
凤皇于飞,fèng huáng yú fēi
凤皇于蜚,fèng huáng yú fēi
凤凰来仪,fèng huáng lái yí
凤凰于飞,fèng huáng yú fēi
凤凰在笯,fèng huáng zài nú
凤狂龙躁,fèng kuáng lóng zào
凤楼龙阙,fèng lóu lóng què
凤毛鸡胆,fèng máo jī dǎn
凤毛济美,fèng máo jì měi
凤毛麟角,fèng máo lín jiǎo
凤毛龙甲,fèng máo lóng jiǎ
凤靡鸾吪,fèng mǐ luán é
凤鸣朝阳,fèng míng zhāo yáng
凤鸣鹤唳,fèng míng hè lì
凤鸣麟出,fèng míng lín chū
凤食鸾栖,fèng shí luán qī
凤髓龙肝,fèng suǐ lóng gān
凤叹虎视,fèng tàn hǔ shì
凤舞龙飞,fèng wǔ lóng fēi
凤舞龙蟠,fèng wǔ lóng pán
凤舞鸾歌,fèng wǔ luán gē
凤枭同巢,fèng xiāo tóng cháo
凤箫龙管,fèng xiāo lóng guǎn
凤箫鸾管,fèng xiāo luán guǎn
凤协鸾和,fèng xié luán hé
凤仪兽舞,fèng yí shòu wǔ
凤臆龙鬵,fèng yì lóng qí
凤吟鸾吹,fèng yín luán chuī
凤引九雏,fèng yǐn jiǔ chú
凤友鸾交,fèng yǒu luán jiāo
凤友鸾谐,fèng yǒu luán xié
凤只鸾孤,fèng zhī luán gū
凤翥龙蟠,fèng zhù lóng pán
凤翥龙骧,fèng zhù lóng xiāng
凤翥龙翔,fèng zhù lóng xiáng
凤翥鸾回,fèng zhù luán huí
凤翥鸾翔,fèng zhù luán xiáng
凤翥鹏翔,fèng zhù péng xiáng
凤子龙孙,fèng zǐ lóng sūn
奉辞伐罪,fèng cí fá zuì
奉公不阿,fèng gōng bù ē
奉公克己,fèng gōng kè jǐ
奉公如法,fèng gōng rú fǎ
奉公守法,fèng gōng shǒu fǎ
奉公正己,fèng gōng zhèng jǐ
奉令承教,fèng lìng chéng jiào
奉命唯谨,fèng mìng wéi jǐn
奉命惟谨,fèng mìng wéi jǐn
奉如神明,fèng rú shén míng
奉若神明,fèng ruò shén míng
奉天承运,fèng tiān chéng yùn
奉头鼠窜,fèng tóu shǔ cuàn
奉为圭臬,fèng wéi guī niè
奉为楷模,fèng wéi kǎi mó
奉为至宝,fèng wéi zhì bǎo
奉行故事,fèng xíng gù shì
奉扬仁风,fèng yáng rén fēng
佛口蛇心,fó kǒu shé xīn
佛头加秽,fó tóu jiā huì
佛头著粪,fó tóu zhuó fèn
佛头着粪,fó tóu zhuó fèn
佛心蛇口,fó xīn shé kǒu
佛性禅心,fó xìng chán xīn
佛眼佛心,fó yǎn fó xīn
佛眼相看,fó yǎn xiāng kàn
否极泰回,pǐ jí tài huí
否极泰来,pǐ jí tài lái
否极阳回,pǐ jí yáng huí
否去泰来,pǐ qù tài lái
否往泰来,pǐ wǎng tài lái
否终复泰,pǐ zhōng fù tài
否终则泰,pǐ zhōng zé tài
夫倡妇随,fū chàng fù suí
夫唱妇随,fū chàng fù suí
夫负妻戴,fū fù qī dài
夫贵妻荣,fū guì qī róng
夫妻反目,fū qī fǎn mù
夫人裙带,fū rén qún dài
夫荣妻贵,fū róng qī guì
夫荣妻显,fū róng qī xiǎn
夫子自道,fū zǐ zì dào
肤寸而合,fū cùn ér hé
肤见谫识,fū jiàn jiǎn shí
肤见謭识,fū jiàn guǎng shí
肤末支离,fū mò zhī lí
肤皮潦草,fū pǐ liǎo cǎo
肤如凝脂,fū rú níng zhī
肤受之诉,fū shòu zhī sù
肤受之愬,fū shòu zhī xiāng
肤受之言,fū shòu zhī yán
肤粟股栗,fū sù gǔ lì
跗萼连晖,fū è lián huī
跗萼联芳,fū è lián fāng
跗萼载韡,fū è zǎi wěi
敷衍了事,fū yǎn liǎo shì
敷衍塞责,fū yǎn sè zé
敷衍搪塞,fū yǎn táng sè
伏低做小,fú dī zuò xiǎo
伏地圣人,fú dì shèng rén
伏而唂天,fú ér shì tiān
伏法受诛,fú fǎ shòu zhū
伏虎降龙,fú hǔ xiáng lóng
伏龙凤雏,fú lóng fèng chú
伏首贴耳,fú shǒu tiē ěr
凫短鹤长,fú duǎn hè cháng
凫鹤从方,fú hè cóng fāng
凫胫鹤膝,fú jìng hè xī
凫居雁聚,fú jū yàn jù
凫趋雀跃,fú qū què yuè
孚尹明达,fú yǐn míng dá
孚尹旁达,fú yǐn páng dá
扶颠持危,fú diān chí wēi
扶老携幼,fú lǎo xié yòu
扶墙摸壁,fú qiáng mō bì
扶倾济弱,fú qīng jì ruò
扶弱抑强,fú ruò yì qiáng
扶危持颠,fú wēi chí diān
扶危定乱,fú wēi dìng luàn
扶危定倾,fú wēi dìng qīng
扶危济急,fú wēi jì jí
扶危济困,fú wēi jì kùn
扶危救困,fú wēi jiù kùn
扶危翼倾,fú wēi yì qīng
扶危拯溺,fú wēi zhěng nì
扶摇万里,fú yáo wàn lǐ
扶摇直上,fú yáo zhí shàng
扶正黜邪,fú zhèng chù xié
扶正祛邪,fú zhèng qū xié
芙蓉并蒂,fú róng bìng dì
芙蓉出水,fú róng chū shuǐ
怫然不悦,fú rán bù yuè
怫然作色,fú rán zuò sè
拂袖而归,fú xiù ér guī
拂袖而去,fú xiù ér qù
服低做小,fú dī zuò xiǎo
服服贴贴,fú fú tiē tiē
服牛乘马,fú niú chéng mǎ
服田力穑,fú tián lì sè
浮笔浪墨,fú bǐ làng mò
浮翠流丹,fú cuì liú dān
浮而不实,fú ér bù shí
浮瓜沉李,fú guā chén lǐ
浮瓜沈李,fú guā shěn lǐ
浮光掠影,fú guāng lüè yǐng
浮光略影,fú guāng lüè yǐng
浮光跃金,fu guang yue jin
浮花浪蕊,fú huā làng ruǐ
浮迹浪踪,fú jì làng zōng
浮家泛宅,fú jiā fàn zhái
浮来暂去,fú lái zàn qù
浮名薄利,fú míng bó lì
浮名虚利,fú míng xū lì
浮名虚誉,fú míng xū yù
浮皮潦草,fú pí liáo cǎo
浮生切响,fú shēng qiè xiǎng
浮生若梦,fú shēng ruò mèng
浮声切响,fú shēng qiè xiǎng
浮石沉木,fú shí chén mù
浮收勒索,fú shōu lè suǒ
浮收勒折,fú shōu lè shé
浮头滑脑,fú tóu huá nǎo
浮文巧语,fú wén qiǎo yǔ
浮想联翩,fú xiǎng lián piān
浮一大白,fú yī dà bái
浮语虚辞,fú yǔ xū cí
浮云蔽日,fú yún bì rì
浮云朝露,fú yún zhāo lù
浮云富贵,fú yún fù guì
浮湛连蹇,fú zhàn lián jiǎn
浮踪浪迹,fú zōng làng jì
桴鼓相应,fú gǔ xiāng yìng
艴然不悦,fú rán bù yuè
福不盈眦,fú bù yíng zì
福地洞天,fú dì dòng tiān
福过灾生,fú guò zāi shēng
福慧双修,fú huì shuāng xiū
福禄双全,fú lù shuāng quán
福衢寿车,fú qú shòu chē
福如东海,fú rú dōng hǎi
福善祸淫,fú shàn huò yín
福寿康宁,fú shòu kāng níng
福寿绵绵,fú shòu mián mián
福寿年高,fú shòu nián gāo
福寿齐天,fú shòu qí tiān
福寿双全,fú shòu shuāng quán
福寿无疆,fú shòu wú jiāng
福孙荫子,fú sūn yìn zǐ
福为祸始,fú wéi huò shǐ
福为祸先,fú wéi huò xiān
福无双至,fú wú shuāng zhì
福星高照,fú xīng gāo zhào
福倚祸伏,fú yǐ huò fú
福至心灵,fú zhì xīn líng
抚躬自问,fǔ gōng zì wèn
抚今悼昔,fǔ jīn dào xī
抚今思昔,fǔ jīn sī xī
抚今痛昔,fǔ jīn tòng xī
抚今追昔,fǔ jīn zhuī xī
抚景伤情,fǔ jǐng shāng qíng
抚时感事,fǔ shí gǎn shì
抚世酬物,fǔ shì chóu wù
抚绥万方,fǔ suí wàn fāng
抚心自问,fǔ xīn zì wèn
抚掌大笑,fǔ zhǎng dà xiào
抚掌击节,fǔ zhǎng jī jié
拊背扼喉,fǔ bèi è hóu
拊背扼吭,fǔ bèi è kēng
拊背搤吭,fǔ bèi hè kēng
拊心泣血,fǔ xīn qì xuè
拊膺顿足,fǔ yīng dùn zú
斧破斨缺,fǔ pò qiāng quē
斧钺汤镬,fǔ yuè tāng huò
斧钺之诛,fǔ yuè zhī zhū
俯拾地芥,fǔ shí dì jiè
俯拾即是,fǔ shí jí shì
俯拾皆是,fǔ shí jiē shì
俯拾仰取,fǔ shí yǎng qǔ
俯首戢耳,fǔ shǒu jí ěr
俯首就缚,fǔ shǒu jiù fù
俯首弭耳,fǔ shǒu mǐ ěr
俯首贴耳,fǔ shǒu tiē ěr
俯首帖耳,fǔ shǒu tiē ěr
俯首听命,fǔ shǒu tīng mìng
俯仰随人,fǔ yǎng suí rén
俯仰唯唯,fǔ yǎng wéi wéi
俯仰无愧,fǔ yǎng wú kuì
俯仰由人,fǔ yǎng yóu rén
俯仰之间,fǔ yǎng zhī jiān
釜底抽薪,fǔ dǐ chōu xīn
釜底游魂,fǔ dǐ yóu hún
釜底游鱼,fǔ dǐ yóu yú
釜鱼幕燕,fǔ yú mù yàn
釜鱼甑尘,fǔ yú zèng chén
釜中生尘,fǔ zhōng shēng chén
釜中生鱼,fǔ zhōng shēng yú
釜中游鱼,fǔ zhōng yóu yú
釜中之鱼,fǔ zhōng zhī yú
辅车唇齿,fǔ chē chún chǐ
辅车相将,fǔ chē xiāng jiāng
辅车相依,fǔ chē xiāng yī
辅世长民,fǔ shì zhǎng mín
辅牙相倚,fǔ yá xiāng yǐ
簠簋不饬,fǔ guǐ bù chì
黼蔀黻纪,fǔ bù fú jì
黼黻皇猷,fǔ fú huáng yóu
黼黻文章,fǔ fú wén zhāng
黼国黻家,fǔ guó fú jiā
黼衣方领,fǔ yī fāng lǐng
父慈子孝,fù cí zǐ xiào
父母恩勤,fù mǔ ēn qín
父母之邦,fù mǔ zhī bāng
父为子隐,fù wéi zǐ yǐn
父析子荷,fù xī zǐ hé
父严子孝,fù yán zǐ xiào
父债子还,fù zhài zǐ huán
付之丙丁,fù zhī bǐng dīng
付之东流,fù zhī dōng liú
付之度外,fù zhī dù wài
付之梨枣,fù zhī lí zǎo
付之一炬,fù zhī yī jù
付之一叹,fù zhī yī tàn
付之一笑,fù zhī yī xiào
付诸东流,fù zhū dōng liú
付诸洪乔,fù zhū hóng qiáo
付诸一炬,fù zhū yī jù
付诸一笑,fù zhū yī xiào
妇姑勃溪,fù gū bó xī
妇姑勃豨,fù gū bó xī
妇人醇酒,fù rén chún jiǔ
妇人孺子,fù rén rú zǐ
妇人之仁,fù rén zhī rén
妇孺皆知,fù rú jiē zhī
负才傲物,fù cái ào wù
负才任气,fù cái rèn qì
负才使气,fù cái shǐ qì
负材矜地,fù cái jīn dì
负材任气,fù cái rèn qì
负乘斯夺,fù chéng sī duó
负乘致寇,fù chéng zhì kòu
负德背义,fù dé bèi yì
负德孤恩,fù dé gū ēn
负德辜恩,fù dé gū ēn
负地矜才,fù dì jīn cái
负恩背义,fù ēn bèi yì
负恩昧良,fù ēn mèi liáng
负恩忘义,fù ēn wàng yì
负诟忍尤,fù gòu rěn yóu
负固不宾,fù gù bù bīn
负固不服,fù gù bù fú
负衡据鼎,fù héng jù dǐng
负荆请罪,fù jīng qǐng zuì
负荆谢罪,fù jīng xiè zuì
负老提幼,fù lǎo tí yòu
负老携幼,fù lǎo xié yòu
负类反伦,fù lèi fǎn lún
负芒披苇,fù máng pī wěi
负驽前驱,fù nǔ qián qū
负弩前驱,fù nǔ qián qū
负气斗狠,fù qì dǒu hěn
负气含灵,fù qì hán líng
负气仗义,fù qì zhàng yì
负屈含冤,fù qū hán yuān
负屈衔冤,fù qū xián yuān
负任蒙劳,fù rèn méng láo
负石赴河,fù shí fù hé
负手之歌,fù shǒu zhī gē
负俗之讥,fù sú zhī jī
负俗之累,fù sú zhī lèi
负土成坟,fù tǔ chéng fén
负险不宾,fù xiǎn bù bīn
负险不臣,fù xiǎn bù chén
负心违愿,fù xīn wéi yuàn
负薪构堂,fù xīn gòu táng
负薪救火,fù xīn jiù huǒ
负薪之忧,fù xīn zhī yōu
负义忘恩,fù yì wàng ēn
负隅顽抗,fù yú wán kàng
负债累累,fù zhai lèi lèi
负重含污,fù zhòng hán wū
负重涉远,fù zhòng shè yuǎn
负重吞污,fù zhòng tūn wū
负重致远,fù zhòng zhì yuǎn
负阻不宾,fù zǔ bù bīn
负罪引慝,fù zuì yǐn tè
附耳低言,fù ěr dī yán
附耳射声,fù ěr shè shēng
附凤攀龙,fù fèng pān lóng
附肤落毛,fù fū luò máo
附会穿凿,fù huì chuān záo
附骥名彰,fù jì míng zhāng
附骥攀鸿,fù jì pān hóng
附骥攀鳞,fù jì pān lín
附膻逐腥,fù shān zhú xīng
附上罔下,fù shàng wǎng xià
附声吠影,fù shēng fèi yǐng
附势趋炎,fù shì qū yán
附下罔上,fù xià wǎng shàng
附炎趋热,fù yán qū rè
附翼攀鳞,fù yì pān lín
附影附声,fù yǐng fù shēng
附庸风雅,fù yōng fēng yǎ
附赘县疣,fù zhuì xiàn yóu
附赘悬疣,fù zhuì xuán yóu
附赘悬胾,fù zhuì xuán shé
复蹈前辙,fù dǎo qián zhé
复旧如初,fù jiù rú chū
赴汤蹈火,fù tāng dǎo huǒ
赴险如夷,fù xiǎn rú yí
傅粉何郎,fù fěn hé láng
傅粉施朱,fù fěn shī zhū
富贵逼人,fù guì bī rén
富贵不淫,fù guì bù yín
富贵浮云,fù guì fú yún
富贵骄人,fù guì jiāo rén
富贵利达,fù guì lì dá
富贵荣华,fù guì róng huá
富贵显荣,fù guì xiǎn róng
富国安民,fù guó ān mín
富国彊兵,fù guó jiāng bīng
富国强兵,fù guó qiáng bīng
富国强民,fù guó qiáng mín
富国裕民,fù guó yù mín
富家大室,fù jiā dà shì
富家巨室,fù jiā jù shì
富堪敌国,fù kān dí guó
富可敌国,fù kě dí guó
富丽堂皇,fù lì táng huáng
富轹万古,fù lì wàn gǔ
富埒陶白,fù liè táo bái
富埒王侯,fù liè wáng hóu
富面百城,fù miàn bǎi chéng
富商大贾,fù shāng dà jiǎ
富商巨贾,fù shāng jù jiǎ
富商蓄贾,fù shāng xù jiǎ
富室大家,fù shì dà jiā
富于春秋,fù yú chūn qiū
富在知足,fù zài zhī zú
缚鸡之力,fù jī zhī lì
腹饱万言,fù bǎo wàn yán
腹背受敌,fù bèi shòu dí
腹背之毛,fù bèi zhī máo
腹非心谤,fù fēi xīn bàng
腹诽心谤,fù fěi xīn bàng
腹热肠荒,fù rè cháng huāng
腹热肠慌,fù rè cháng huāng
腹热心煎,fù rè xīn jiān
腹心相照,fù xīn xiāng zhào
腹心之患,fù xīn zhī huàn
腹心之疾,fù xīn zhī jí
腹有鳞甲,fù yǒu lín jiǎ
腹载五车,fù zài wǔ chē
腹中兵甲,fù zhōng bīng jiǎ
覆巢毁卵,fù cháo huǐ luǎn
覆车之轨,fù chē zhī guǐ
覆车之鉴,fù chē zhī jiàn
覆车之戒,fù chē zhī jiè
覆地翻天,fù dì fān tiān
覆海移山,fù hǎi yí shān
覆军杀将,fù jūn shā jiāng
覆鹿寻蕉,fù lù xún jiāo
覆盆难照,fù pén nán zhào
覆盆之冤,fù pén zhī yuān
覆去翻来,fù qù fān lái
覆水难收,fù shuǐ nán shōu
覆亡无日,fù wáng wú rì
覆盂之安,fù yú zhī ān
覆雨翻云,fù yǔ fān yún
覆舟之戒,fù zhōu zhī jiè
覆宗灭祀,fù zōng miè sì
改步改玉,gǎi bù gǎi yù
改操易节,gǎi cāo yì jié
改朝换代,gǎi cháo huàn dài
改朝换姓,gǎi cháo huàn xìng
改恶从善,gǎi è cóng shàn
改恶为善,gǎi è wéi shàn
改恶向善,gǎi è xiàng shàn
改恶行善,gǎi è xíng shàn
改而更张,gǎi ér gèng zhāng
改过不吝,gǎi guò bù lìn
改过从善,gǎi guò cóng shàn
改过迁善,gǎi guò qiān shàn
改过自新,gǎi guò zì xīn
改过作新,gǎi guò zuò xīn
改换家门,gǎi huàn jiā mén
改换门闾,gǎi huàn mén lǘ
改换门楣,gǎi huàn mén méi
改换门庭,gǎi huàn mén tíng
改换头面,gǎi huàn tóu miàn
改节易操,gǎi jié yì cāo
改柯易节,gǎi kē yì jié
改柯易叶,gǎi kē yì yè
改口沓舌,gǎi kǒu tà shé
改梁换柱,gǎi liáng huàn zhù
改名换姓,gǎi míng huàn xìng
改名易姓,gǎi míng yì xìng
改曲易调,gǎi qǔ yì diào
改容易貌,gǎi róng yì mào
改是成非,gǎi shì chéng fēi
改俗迁风,gǎi sú qiān fēng
改天换地,gǎi tiān huàn dì
改头换面,gǎi tóu huàn miàn
改头换尾,gǎi tóu huàn wěi
改途易辙,gǎi tú yì zhé
改往修来,gǎi wǎng xiū lái
改弦更张,gǎi xián gēng zhāng
改弦易调,gǎi xián yì diào
改弦易张,gǎi xián yì zhāng
改弦易辙,gǎi xián yì zhé
改邪归正,gǎi xié guī zhèng
改行从善,gǎi xíng cóng shàn
改行迁善,gǎi xíng qiān shàn
改行为善,gǎi xíng wéi shàn
改行自新,gǎi xíng zì xīn
改姓更名,gǎi xìng gēng míng
改姓易代,gǎi xìng yì dài
改玉改步,gǎi yù gǎi bù
改玉改行,gǎi yù gǎi xíng
改辕易辙,gǎi yuán yì zhé
改张易调,gǎi zhāng yì diào
改辙易途,gǎi zhé yì tú
改政移风,gǎi zhèng yí fēng
改柱张弦,gǎi zhù zhāng xián
盖不由己,gài bù yóu jǐ
盖棺定论,gài guān dìng lùn
盖棺论定,gài guān lùn dìng
盖棺事定,gài guān shì dìng
盖世无双,gài shì wú shuāng
盖世英雄,gài shì yīng xióng
盖世之才,gài shì zhī cái
盖头换面,gài tóu huàn miàn
概莫能外,gài mò néng wài
概日凌云,gài rì líng yún
干巴利脆,gān bā lì cuì
干巴利落,gān bā lì luò
干柴烈火,gān chái liè huǒ
干城之将,gān chéng zhī jiàng
干脆利落,gān cuì lì luò
干脆利索,gàn cuì lì suǒ
干端坤倪,gàn duān kūn ní
干父之蛊,gàn fù zhī gǔ
干干翼翼,gàn gàn yì yì
干戈载戢,gàn gē zǎi jí
干将莫邪,gān jiàng mò yé
干净利落,gān jìng lì luò
干净利索,gàn jìng lì suǒ
干名采誉,gān míng cǎi yù
干名犯义,gàn míng fàn yì
干卿底事,gān qīng dǐ shì
干啼湿哭,gàn tí shī kū
干霄蔽日,gàn xiāo bì rì
干霄凌云,gān xiāo líng yún
干云蔽日,gān yún bì rì
甘败下风,gān bài xià fēng
甘拜下风,gān bài xià fēng
甘处下流,gān chǔ xià liú
甘分随时,gān fèn suí shí
甘瓜苦蒂,gān guā kǔ dì
甘井先竭,gān jǐng xiān jié
甘居人后,gān jū rén hòu
甘苦与共,gān kǔ yǔ gòng
甘冒虎口,gān mào hǔ kǒu
甘贫乐道,gān pín lè dào
甘贫守分,gān pín shǒu fēn
甘泉必竭,gān quán bì jié
甘死如饴,gān sǐ rú yí
甘棠遗爱,gān táng yí ài
甘棠之爱,gān táng zhī ài
甘棠之惠,gān táng zhī huì
甘心瞑目,gān xīn míng mù
甘心情原,gān xīn qíng yuán
甘心情愿,gān xīn qíng yuàn
甘心如荠,gān xīn rú jì
甘心首疾,gān xīn shǒu jí
甘言厚礼,gān yán hòu lǐ
甘言美语,gān yán měi yǔ
甘雨随车,gān yǔ suí chē
甘之如荠,gān zhī rú jì
甘之如饴,gān zhī rú yí
甘之若素,gān zhī ruò sù
甘旨肥浓,gān zhǐ féi nóng
肝肠寸断,gān cháng cùn duàn
肝胆楚越,gān dǎn chǔ yuè
肝胆过人,gān dǎn guò rén
肝胆胡越,gān dǎn hú yuè
肝胆披沥,gān dǎn pī lì
肝胆涂地,gān dǎn tú dì
肝胆相照,gān dǎn xiāng zhào
肝胆欲碎,gān dǎn yù suì
肝胆照人,gān dǎn zhào rén
肝脑涂地,gān nǎo tú dì
肝髓流野,gān suǐ liú yě
肝心若裂,gān xīn ruò liè
肝心涂地,gān xīn tú dì
竿头日进,gān tóu rì jìn
竿头日上,gān tóu rí shàng
竿头一步,gān tóu yī bù
竿头直上,gān tóu zhí shàng
赶尽杀绝,gǎn jìn shā jué
敢不承命,gǎn bù chéng mìng
敢怒敢言,gǎn nù gǎn yán
敢为敢做,gǎn wéi gǎn zuò
敢勇当先,gǎn yǒng dāng xiān
敢作敢当,gǎn zuò gǎn dāng
敢作敢为,gǎn zuò gǎn wéi
感戴二天,gǎ dài èr tiān
感恩戴德,gǎn ēn dài dé
感恩怀德,gǎn ēn huái dé
感恩图报,gǎn ēn tú bào
感激不尽,gǎn jī bù jìn
感激涕零,gǎn jī tì líng
感极涕零,gǎn jí tì líng
感今怀昔,gǎn jīn huái xī
感今思昔,gǎn jīn sī xī
感今惟昔,gǎn jīn wéi xī
感旧之哀,gǎn jiù zhī āi
感慨激昂,gǎn kǎi jī áng
感慨万端,gǎn kǎi wàn duān
感慨万千,gǎn kǎi wàn qiān
感慨系之,gǎn kǎi xì zhī
感情用事,gǎn qíng yòng shì
感人肺腑,gǎn rén fèi fǔ
感人肺肝,gǎn rén fèi gān
感人心脾,gǎn rén xīn pí
感深肺腑,gǎn shēn fèi fǔ
感天动地,gǎn tiān dòng dì
感同身受,gǎn tóng shēn shòu
感遇忘身,gǎn yù wàng shēn
旰食宵衣,gàn shí xiāo yī
旰食之劳,gàn shí zhī láo
刚愎自用,gāng bì zì yòng
刚肠嫉恶,gāng cháng jí è
刚戾自用,gāng lì zì yòng
刚柔相济,gāng róu xiāng jì
刚毅木讷,gāng yì mù nè
刚正不阿,gāng zhèng bù ē
刚直不阿,gāng zhí bù ē
刚中柔外,gāng zhōng róu wài
岗头泽底,gāng tóu zé dǐ
纲纪废弛,gāng jì fèi chí
纲举目张,gāng jǔ mù zhāng
纲目不疏,gāng mù bù shū
纲挈目张,gāng qiè mù zhāng
纲提领挈,gāng tí lǐng qiè
钢浇铁铸,gāng jiāo tiě zhù
钢筋铁骨,gāng jīng tiě gǔ
高岸深谷,gāo àn shēn gǔ
高傲自大,gāo ào zì dà
高不可登,gāo bù kě dēng
高不可攀,gāo bù kě pān
高步阔视,gāo bù kuò shì
高步通衢,gāo bù tōng qú
高步云衢,gāo bù yún qú
高才大德,gāo cái dà dé
高才大学,gāo cái dà xué
高才疾足,gāo cái jí zú
高才捷足,gāo cái jié zú
高才绝学,gāo cái jué xué
高才远识,gāo cái yuǎn shí
高才卓识,gāo cái zhuó shí
高材疾足,gāo cái jí zú
高材捷足,gāo cái jié zú
高唱入云,gāo chàng rù yún
高车驷马,gāo chē sì mǎ
高城深池,gāo chéng shēn chí
高出一筹,gāo chū yī chóu
高蹈远举,gāo dǎo yuǎn jǔ
高遏行云,gāo è xíng yún
高而不危,gāo ér bù wēi
高飞远遁,gāo fēi yuǎn dùn
高飞远集,gāo fēi yuǎn jí
高飞远举,gāo fēi yuǎn jǔ
高飞远翔,gāo fēi yuǎn xiáng
高飞远走,gāo fēi yuǎn zǒu
高风劲节,gāo fēng jìn jié
高风峻节,gāo fēng jùn jié
高风亮节,gāo fēng liàng jié
高凤自秽,gāo fèng zì huì
高高在上,gāo gāo zài shàng
高歌猛进,gāo gē měng jìn
高顾遐视,gāo gù xiá shì
高官厚禄,gāo guān hòu lù
高官极品,gāo guān jí pǐn
高官显爵,gāo guān xiǎn jué
高官重禄,gāo guān zhòng lù
高官尊爵,gāo guān zūn jué
高冠博带,gāo guān bó dài
高见远识,gāo jiàn yuǎn shí
高节清风,gāo jié qīng fēng
高居深拱,gāo jū shēn gǒng
高举深藏,gāo jǔ shēn cáng
高举远蹈,gāo jǔ yuǎn dǎo
高爵厚禄,gāo jué hòu lù
高爵重禄,gāo jué zhòng lù
高垒深沟,gāo lěi shēn gōu
高楼大厦,gāo lóu dà shà
高门大户,gāo mén dà hù
高门大屋,gāo mén dà wū
高名大姓,gāo míng dà xìng
高明远识,gāo míng yuǎn shí
高睨大谈,gāo nì dà tán
高朋满座,gāo péng mǎn zuò
高情厚谊,gāo qíng hòu yì
高情逸态,gāo qíng yì tai
高情逸兴,gāo qíng yì xīng
高情远意,gāo qíng yuǎn yì
高情远韵,gāo qíng yuǎn yùn
高情远致,gāo qíng yuǎn zhì
高人雅士,gāo rén yǎ shì
高人一筹,gāo rén yī chóu
高人一等,gāo rén yī děng
高人逸士,gāo rén yì shì
高山景行,gāo shān jǐng xíng
高山峻岭,gāo shān jùn lǐng
高山流水,gāo shān liú shuǐ
高山仰之,gāo shān yǎng zhī
高山仰止,gāo shān yǎng zhǐ
高深莫测,gāo shēn mò cè
高识远见,gāo shí yuǎn jiàn
高世骇俗,gāo shì hài sú
高视阔步,gāo shì kuò bù
高耸入云,gāo sǒng rù yún
高抬贵手,gāo tái guì shǒu
高抬明镜,gāo tái míng jìng
高谈大论,gāo tán dà lùn
高谈弘论,gāo tán hóng lùn
高谈阔论,gāo tán kuò lùn
高谈雄辩,gāo tán xióng biàn
高谈虚论,gāo tán xū lùn
高堂大厦,gāo táng dà shà
高天厚地,gāo tiān hòu dì
高头大马,gāo tóu dà mǎ
高头讲章,gāo tóu jiǎng zhāng
高位厚禄,gāo wèi hòu lù
高位重禄,gāo wèi zhòng lù
高文大册,gāo wén dà cè
高文典册,gāo wén diǎn cè
高文典策,gāo wén diǎn cè
高卧东山,gāo wò dōng shān
高屋建瓴,gāo wū jiàn líng
高下其手,gāo xià qí shǒu
高下任心,gāo xià rèn xīn
高下在口,gāo xià zài kǒu
高下在手,gāo xià zài shǒu
高下在心,gāo xià zài xīn
高翔远引,gāo xiáng yuǎn yǐn
高姓大名,gāo xìng dà míng
高悬秦镜,gāo xuán qín jìng
高牙大纛,gāo yá dà dào
高阳酒徒,gāo yáng jiǔ tú
高义薄云,gāo yì bó yún
高斋学士,gāo zhāi xué shì
高瞻远瞩,gāo zhān yuǎn zhǔ
高掌远跖,gāo zhǎng yuǎn zhí
高掌远蹠,gāo zhǎng yuǎn zhí
高枕安寝,gāo zhěn ān qǐn
高枕安卧,gāo zhěn ān wò
高枕而卧,gāo zhěn ér wò
高枕无忧,gāo zhěn wú yōu
高枕勿忧,gāo zhěn wù yōu
高自标树,gāo zì biāo shù
高自标誉,gāo zì biāo yù
高自标置,gāo zì biāo zhì
高自位置,gāo zì wèi zhì
高足弟子,gāo zú dì zǐ
膏场绣浍,gāo cháng xiù kuài
膏车秣马,gào chē mò mǎ
膏唇贩舌,gào chún fàn shé
膏唇岐舌,gào chún qí shé
膏唇试舌,gāo chún shì shé
膏唇拭舌,gāo chún shì shé
膏肓之疾,gāo huāng zhī jí
膏火之费,gāo huǒ zhī fèi
膏火自煎,gāo huǒ zì jiān
膏梁锦绣,gāo liáng jǐn xiù
膏梁纨裦,gāo liáng wán kù
膏梁子弟,gāo liáng zǐ dì
膏粱锦绣,gāo liáng jǐn xiù
膏粱年少,gāo liáng nián shào
膏粱纨裦,gāo liáng wán kù
膏粱文绣,gāo liáng wén xiù
膏粱子弟,gāo liáng zǐ dì
膏腴贵游,gāo yú guì yóu
膏腴之地,gāo yú zhī dì
膏腴子弟,gāo yú zǐ dì
膏泽脂香,gāo zé zhī xiāng
櫜弓戢戈,gāo gōng jí gē
櫜弓戢矢,gāo gōng jí shǐ
櫜弓卧鼓,gāo gōng wò gǔ
櫜甲束兵,gāo jiǎ shù bīng
缟纻之交,gāo zhù zhī jiāo
槁木死灰,gǎo mù sǐ huī
槁苏暍醒,gǎo sū yē xǐng
槁项黄馘,gǎo xiàng huáng xù
槁项黧馘,gǎo xiàng lí guó
槁项没齿,gǎo xiàng méi chǐ
槁形灰心,gǎo xíng huī xīn
告贷无门,gào dài wú mén
告老还家,gào lǎo huán jiā
告老还乡,gào lǎo huán xiāng
告老在家,gào lǎo zài jiā
告朔饩羊,gù shuò xì yáng
告往知来,gào wǎng zhī lái
割臂盟公,gē bì méng gōng
割臂之盟,gē bì zhī méng
割地称臣,gē dì chēng chén
割地求和,gē dì qiú hé
割肚牵肠,gē dù qiān cháng
割恩断义,gē ēn duàn yì
割股疗亲,gē gǔ liáo qīn
割股之心,gē gǔ zhī xīn
割骨疗亲,gē gǔ liáo qīn
割襟之盟,gē jīn zhī méng
割据一方,gē jù yī fāng
割肉补疮,gē ròu bǔ chuāng
割肉饲虎,gē ròu sì hǔ
割席分坐,gē xí fēn zuò
割须弃袍,gē xū qì pào
歌功颂德,gē gōng sòng dé
歌楼舞榭,gē lóu wǔ xiè
歌声绕梁,gē shēng rào liáng
歌台舞榭,gē tái wǔ xiè
歌舞升平,gē wǔ shēng píng
歌莺舞燕,gē yíng wǔ yàn
革带移孔,gé dài yí kǒng
革凡成圣,gé fán chéng shèng
革凡登圣,gé fán dēng shèng
革风易俗,gé fēng yì sú
革故鼎新,gé gù dǐng xīn
革故立新,gé gù lì xīn
革奸铲暴,gé jiān chǎn bào
革旧从新,gé jiù cóng xīn
革旧鼎新,gé jiù dǐng xīn
革旧图新,gé jiù tú xīn
革旧维新,gé jiù wéi xīn
革面革心,gé miàn gé xīn
革面敛手,gé miān liǎn shǒu
革面悛心,gé miàn quān xīn
革面洗心,gé miàn xǐ xīn
革命创制,gé mìng chuàng zhì
革命反正,gé mìng fǎn zhèng
革图易虑,gé tú yì lǜ
革邪反正,gé xié fǎn zhèng
革心易行,gé xīn yì xíng
革新变旧,gé xīn biàn jiù
格不相入,gé bù xiāng rù
格高意远,gé gāo yì yuǎn
格格不纳,gē gē bù nà
格格不入,gé gé bù rù
格格不吐,gē gē bù tǔ
格古通今,gé gǔ tōng jīn
格杀不论,gé shā bù lùn
格杀弗论,gé shā fú lùn
格杀无论,gé shā wú lùn
格杀勿论,gé shā wù lùn
格物穷理,gé wù qióng lǐ
格物致知,gé wù zhì zhī
格于成例,gé yú chéng lì
葛屦履霜,gě jù lǚ shuāng
隔岸观火,gé àn guān huǒ
隔壁撺椽,gé bì cuān chuán
隔壁听话,gé bì tīng huà
隔年皇历,gé nián huáng lì
隔皮断货,gé pí duàn huò
隔墙有耳,gé qiáng yǒu ěr
隔世之感,gé shì zhī gǎn
隔屋撺椽,gé wū cuān chuán
隔靴爬痒,gé xuē pá yǎng
隔靴搔痒,gé xuē sāo yǎng
隔靴抓痒,gé xuē zhuā yǎng
个中妙趣,gè zhōng miào qù
个中滋味,gè zhōng zī wèi
各安生业,gè ān shēng yè
各奔前程,gè bèn qián chéng
各不相谋,gè bù xiāng móu
各不相让,gè bù xiāng ràng
各持己见,gè chí jǐ jiàn
各从其志,gè cóng qí zhì
各得其所,gè dé qí suǒ
各得其宜,gè dé qí yí
各个击破,gè gè jī pò
各尽所能,gè jìn suǒ néng
各就各位,gè jiù gè wèi
各取所长,gè qǔ suǒ cháng
各取所需,gè qǔ suǒ xū
各色各样,gè sè gè yàng
各色名样,gè sè gè yàng
各色人等,gè sè rén děng
各式各样,gè shì gè yàng
各抒己见,gè shū jǐ jiàn
各抒所见,gè shū suǒ jiàn
各司其事,gè sī qí shì
各为其主,gè wèi qí zhǔ
各行其是,gè xíng qí shì
各行其志,gè xíng qí zhì
各有千秋,gè yǒu qiān qiū
各有所长,gè yǒu suǒ chéng
各有所短,gè yǒu suǒ duǎn
各有所好,gè yǒu suǒ hào
各有所职,gè yǒu suǒ zhí
各执己见,gè zhí jǐ jiàn
各执一词,gè zhí yī cí
各自为战,gè zì wéi zhàn
各自为政,gè zì wéi zhèng
根椽片瓦,gēn chuán piàn wǎ
根孤伎薄,gēn gū jì báo
根结盘固,gēn jié pán gù
根结盘据,gēn jié pán jù
根据盘互,gēn jù pán hù
根据槃互,gēn jù pán hù
根牢蒂固,gēn láo dì gù
根连株拔,gēn lián zhū bá
根连株逮,gēn lián zhū dǎi
根盘蒂结,gēn pán dì jié
根蟠节错,gēn pán jié cuò
根深本固,gēn shēn běn gù
根深柢固,gēn shēn dǐ gù
根深蒂固,gēn shēn dì gù
根深蒂结,gēn shēn dì jié
根深叶茂,gēn shēn yè mào
根深枝茂,gēn shēn zhī mào
根生土长,gēn shēn tǔ zhǎng
根牙盘错,gēn yá pán cuò
根牙磐错,gēn yá pán cuò
根株附丽,gēn zhū fù lì
根株结盘,gēn zhū jié pán
根株牵连,gēn zhū qiān lián
亘古不灭,gèn gǔ bù miè
亘古亘今,gèn gǔ gèn jīn
亘古奇闻,gèn gǔ qī wén
亘古通今,gèn gǔ tōng jīn
亘古未有,gèn gǔ wèi yǒu
亘古新闻,gèn gǔ xīn wén
更长梦短,gēng cháng mèng duǎn
更唱迭和,gēng chàng dié hé
更唱叠和,gēng chàng dié hé
更待干罢,gèng dài gàn bà
更进一竿,gèng jìn yī gān
更阑人静,gēng lán rén jǐng
更令明号,gēng lìng míng hào
更名改姓,gèng míng gǎi xìng
更难仆数,gēng nán pú shù
更仆难尽,gèng pú nán jìn
更仆难数,gēng pú nán shǔ
更仆难终,gēng pú nán zhōng
更深人静,gēng shēn rén jìng
更深夜静,gēng shēn yè jìng
更弦改辙,gēng xián gǎi zhé
更弦易辙,gēng xián yì zhé
更姓改物,gēng xìng gǎi wù
庚癸频呼,gēng guǐ pín hū
庚癸之呼,gēng guǐ zhī hū
耕当问奴,gēng dāng wèn nú
耕耘树艺,gēng yún shù yì
羹藜含糗,gēng lí hán qiǔ
羹藜唅糗,gēng lí hán qiǔ
绠短汲深,gěng duǎn jí shēn
绠短绝泉,gěng duǎn jué quán
耿耿于怀,gěng gěng yú huái
耿耿于心,gěng gěng yú xīn
梗泛萍漂,gěng fàn píng piāo
梗泛萍飘,gěng fàn píng piāo
梗迹蓬飘,gěng jì péng piāo
梗迹萍踪,gěng jì píng zōng
梗顽不化,gěng wán bù huà
工力悉敌,gōng lì xī dí
弓调马服,gōng diào mǎ fú
弓影杯蛇,gōng yǐng bēi shé
弓影浮杯,gōng yǐng fú bēi
弓折刀尽,gōng zhé dāo jìn
公报私仇,gōng bào sī chóu
公报私雠,gōng bào sī chóu
公才公望,gōng cái gōng wàng
公道合理,gōng dào hé lǐ
公而忘私,gōng ér wàng sī
公尔忘私,gōng ěr wàng sī
公耳忘私,gōng ěr wàng sī
公规密谏,gōng guī mì jiàn
公买公卖,gōng mǎi gōng mài
公门桃李,gōng mén táo lǐ
公明正大,gōng míng zhèng dà
公平合理,gōng píng hé lǐ
公平交易,gōng píng jiāo yì
公平无私,gōng píng wú sī
公平正直,gōng píng zhèng zhí
公事公办,gōng shì gōng bàn
公是公非,gōng shì gōng fēi
公私兼顾,gōng sī jiān gù
公私交困,gōng sī jiāo kùn
公私两便,gōng sī liǎng biàn
公私两济,gōng sī liǎng jì
公私两利,gōng sī liǎng lì
公听并观,gōng tīng bìng guān
公正不阿,gōng zhèng bù ē
公正廉洁,gōng zhèng lián jié
公正廉明,gōng zhèng lián míng
公正无私,gōng zhèng wú sī
公之于众,gōng zhī yú zhòng
公忠体国,gōng zhōng tǐ guó
公诸同好,gōng zhū tóng hào
公子哥儿,gōng zǐ gē ér
公子王孙,gōng zǐ wáng sūn
功败垂成,gōng bài chuí chéng
功标青史,gōng biāo qīng shǐ
功薄蝉翼,gōng bó chán yì
功成不居,gōng chéng bù jū
功成弗居,gōng chéng fú jū
功成骨枯,gōng chéng gǔ kū
功成名就,gōng chéng míng jiù
功成名遂,gōng chéng míng suì
功成身退,gōng chéng shēn tuì
功成行满,gōng chéng xíng mǎn
功德无量,gōng dé wú liàng
功德圆满,gōng dé yuán mǎn
功盖天下,gōng gài tiān xià
功高不赏,gōng gāo bù shǎng
功高盖世,gōng gāo gài shì
功高望重,gōng gāo wàng zhòng
功高震主,gōng gāo zhèn zhǔ
功亏一篑,gōng kuī yī kuì
功名富贵,gōng míng fù guì
功名利禄,gōng míng lì lù
功若丘山,gōng ruò qiū shān
功遂身退,gōng suí shēn tuì
功行圆满,gōng xíng yuán mǎn
功一美二,gōng yī měi èr
攻城掠地,gōng chéng lüě dì
攻城略地,gōng chéng lüè dì
攻城野战,gōng chéng yě zhàn
攻过箴阙,gōng guò zhēn què
攻疾防患,gōng jí fáng huàn
攻苦茹酸,gōng kǔ rú suān
攻苦食啖,gōng kǔ shí dàn
攻苦食淡,gōng kǔ shí dàn
攻苦食俭,gōng kǔ shí jiǎn
攻其不备,gōng qí bù bèi
攻其无备,gōng qí wú bèi
攻守同盟,gōng shǒu tóng méng
攻无不克,gōng wú bù kè
攻瑕索垢,gōng xiá suǒ gòu
攻瑕指失,gōng xiá zhǐ shī
攻心扼吭,gōng xīn è kēng
攻心为上,gōng xīn wèi shàng
供不应求,gōng bù yìng qiú
供过于求,gōng guò yú qiú
宫车晏驾,gōng chē yàn jià
宫邻金虎,gōng lín jīn hǔ
恭而有礼,gōng ér yǒu lǐ
恭逢其盛,gōng féng qí shèng
恭贺新禧,gōng hè xīn xǐ
恭敬桑梓,gōng jìng sāng zǐ
恭默守静,gōng mò shǒu jìng
恭行天罚,gōng xíng tiān fá
躬蹈矢石,gōng dǎo shǐ shí
躬逢其盛,gōng féng qí shèng
躬耕乐道,gōng gēng lè dào
躬擐甲胄,gōng huàn jiǎ zhòu
躬冒矢石,gōng mào shǐ shí
躬体力行,gōng tǐ lì xíng
躬先士卒,gōng xiān shì zú
躬行节俭,gōng xíng jié jiǎn
躬行实践,gōng xíng shí jiàn
躬自菲薄,gōng zì fěi bó
龚行天罚,gōng xíng tiān fá
觥筹交错,gōng chóu jiāo cuò
拱肩缩背,gǒng jān suō bèi
拱手而降,gǒng shòu ér xiáng
拱手让人,gǒng shǒu ràng rén
拱手听命,gǒng shǒu tīng mìng
拱揖指挥,gǒng yī zhǐ huī
拱揖指麾,gǒng yī zhǐ huī
拱挹指麾,gǒng yì zhǐ huī
共贯同条,gòng guàn tóng tiáo
共商国是,gòng shāng guó shì
共挽鹿车,gòng wǎn lù chē
共为唇齿,gòng wéi chún chǐ
共枝别干,gòng zhī bié gàn
贡禹弹冠,gòng yǔ tán guān
勾魂摄魄,gōu hún shè pò
勾心斗角,gōu xīn dòu jiǎo
沟满壕平,gōu mǎn háo píng
沟满濠平,gōu mǎn háo píng
钩金舆羽,gōu jīn yú yǔ
钩深极奥,gōu shēn jí ào
钩深索隐,gōu shēn suǒ yǐn
钩深图远,gōu shēn tú yuǎn
钩深致远,gōu shēn zhì yuǎn
钩心斗角,gōu xīn dòu jiǎo
钩玄猎秘,gōu xuán liè mì
钩玄提要,gōu xuán tí yào
钩元提要,gōu yuán tí yào
钩元摘秘,gōu yuán zhāi mì
钩章棘句,gōu zhāng jí jù
钩辀格磔,gōu zhōu gé zhé
钩爪锯牙,gōu zhǎo jù yá
篝火狐鸣,gōu huǒ hú míng
狗傍人势,gǒu bàng rén shì
狗逮老鼠,gǒu dǎi lǎo shǔ
狗党狐朋,gǒu dǎng hú péng
狗党狐群,gǒu dǎng hú qún
狗盗鸡鸣,gǒu dào jī míng
狗盗鸡啼,gǒu dào jī tí
狗盗鼠窃,gǒu dào shǔ qiè
狗颠屁股,gǒu diān pì gu
狗恶酒酸,gǒu è jiǔ suān
狗吠不惊,gǒu fèi bù jīng
狗吠非主,gǒu fèi fēi zhǔ
狗吠之惊,gǒu fèi zhī jīng
狗吠之警,gǒu fèi zhī jǐng
狗肺狼心,gǒu fèi láng xīn
狗苟蝇营,gǒu gǒu yíng yíng
狗急跳墙,gǒu jí tiào qiáng
狗马声色,gǒu mǎ shēng sè
狗拿耗子,gǒu ná hào zǐ
狗皮膏药,gǒu pí gāo yào
狗屁不通,gǒu pì bù tōng
狗偷鼠窃,gǒu tōu shǔ qiè
狗头军师,gǒu tóu jūn shī
狗头鼠脑,gǒu tóu shǔ nǎo
狗尾貂续,gǒu wěi diāo xù
狗尾续貂,gǒu wěi xù diāo
狗心狗行,gǒu xīn gǒu xíng
狗行狼心,gǒu xíng láng xīn
狗续貂尾,gǒu xù diāo wěi
狗续侯冠,gǒu xù hòu guàn
狗续金貂,gǒu xù jīn diāo
狗血淋头,gǒu xuè lín tóu
狗血喷头,gǒu xuè pēn tóu
狗眼看人,gǒu yǎn kàn rén
狗仗官势,gǒu zhàng guān shì
狗仗人势,gǒu zhàng rén shì
狗彘不如,gǒu zhì bù rú
狗彘不若,gǒu zhì bù ruò
狗彘不食,gǒu zhì bù shí
狗追耗子,gǒu zhuī hào zǐ
狗走狐淫,gǒu zǒu hú yín
苟安一隅,gǒu ān yī yú
苟合取容,gǒu hé qǔ ān
苟且偷安,gǒu qiě tōu ān
苟且偷生,gǒu qiě tōu shēng
苟且之心,gǒu qiě zhī xīn
苟全性命,gǒu quán xìng mìng
苟延残喘,gǒu yán cán chuǎn
苟延残息,gǒu yán cán xī
诟龟呼天,gòu guī hū tiān
诟如不闻,gòu rú bù wén
垢面蓬头,gòu miàn péng tóu
姑射神人,gū yè shén rén
姑妄听之,gū wàng tīng zhī
姑妄言之,gū wàng yán zhī
姑息养奸,gū xī yǎng jiān
姑置勿论,gū zhì wù lùn
孤傲不群,gū ào bù qún
孤标傲世,gū biāo ào shì
孤标独步,gū biāo dú bù
孤臣孽子,gū chén niè zǐ
孤俦寡匹,gū chóu guǎ pǐ
孤雏腐鼠,gū chú fǔ shǔ
孤雌寡鹤,gū cí guǎ hè
孤犊触乳,gū dú chù rǔ
孤独鳏寡,gū dú guān guǎ
孤独矜寡,gū dú guān guǎ
孤恩负义,gū ēn fù yì
孤儿寡妇,gū ér guǎ fù
孤芳自赏,gū fāng zì shǎng
孤寡鳏独,gū guǎ guān dú
孤鸿寡鹄,gū hóng guǎ hú
孤魂野鬼,gū hún yě guǐ
孤家寡人,gū jiā guǎ rén
孤军奋战,gū jūn fèn zhàn
孤军深入,gū jūn shēn rù
孤军作战,gū jūn zuò zhàn
孤苦仃俜,gū kǔ dīng pīng
孤苦伶仃,gū kǔ líng dīng
孤苦零丁,gū kǔ líng dīng
孤立寡与,gū lì guǎ yǔ
孤立无援,gū lì wú yuán
孤立无助,gū lì wú zhù
孤陋寡闻,gū lòu guǎ wén
孤履危行,gū lǚ wēi xíng
孤鸾寡鹄,gū luán guǎ hú
孤鸾照镜,gū luán zhào jìng
孤身只影,gū shēn zhī yǐng
孤豚腐鼠,gū tún fǔ shǔ
孤文断句,gū wén duàn jù
孤文只义,gū wén zhī yì
孤行己见,gū xíng jǐ jiàn
孤行己意,gū xíng jǐ yì
孤行一意,gū xíng yī yì
孤形吊影,gū xíng diào yǐng
孤悬浮寄,gū xuán fú jì
孤悬客寄,gū xuán kè jì
孤学坠绪,gū xué zhuì xù
孤云野鹤,gū yún yě hè
孤掌难鸣,gū zhǎng nán míng
孤舟独桨,gū zhōu dú jiǎng
孤注一掷,gū zhù yī zhì
沽名吊誉,gū míng diào yù
沽名钓誉,gū míng diào yù
沽名干誉,gū míng gàn yù
沽名卖直,gū míng mài zhí
沽名要誉,gū míng yào yù
沽誉钓名,gū yù diào míng
沽誉买直,gū yù mǎi zhí
辜恩背义,gū ēn bèi yì
辜恩负义,gū ēn fù yì
毂击肩摩,gǔ jī jiān mó
毂交蹄劘,gǔ jiāo tí mó
鹘仑吞枣,hú lún tūn zǎo
鹘入鸦群,hú rù yā qún
古道热肠,gǔ dào rè cháng
古调不弹,gǔ diào bù tán
古调单弹,gǔ diào dān tán
古肥今瘠,gǔ féi jīn shòu
古今中外,gǔ jīn zhōng wài
古井不波,gǔ jǐng bù bō
古井无波,gǔ jǐng wú bō
古貌古心,gǔ mào gǔ xīn
古木参天,gǔ mù cān tiān
古色古香,gǔ sè gǔ xiāng
古圣先贤,gǔ shèng xiān xián
古是今非,gǔ shì jīng fēi
古往今来,gǔ wǎng jīn lái
古为今用,gǔ wéi jīn yòng
古稀之年,gǔ xī zhī nián
谷父蚕母,gǔ fù cán mǔ
谷贱伤农,gǔ jiàn shāng nóng
谷马砺兵,gǔ mǎ lì bīng
股肱之力,gǔ gōng zhī lì
股战而栗,gǔ zhàn ér lì
股掌之上,gǔ zhǎng zhī shàng
骨鲠在喉,gǔ gěng zài hóu
骨鲠之臣,gǔ gěng zhī chén
骨寒毛竖,gǔ hán máo shù
骨化风成,gǔ huà fēng chéng
骨化形销,gǔ huà xíng xiāo
骨肉离散,gǔ ròu lí sàn
骨肉团圆,gǔ ròu tuán yuán
骨肉未寒,gǔ ròu wèi hán
骨肉相残,gǔ ròu xiāng cán
骨肉相连,gǔ ròu xiāng lián
骨肉至亲,gǔ ròu zhì qīn
骨软筋麻,gǔ ruǎn jīn má
骨软筋酥,gǔ ruǎn jīn sū
骨软肉酥,gǔ ruǎn ròu sū
骨瘦如柴,gǔ shòu rú chái
骨瘦如豺,gǔ shòu rú chái
骨瘦形销,gǔ shòu xíng xiāo
骨腾肉飞,gǔ téng ròu fēi
蛊惑人心,gǔ huò rén xīn
鹄面鸠形,hú miàn jiū xíng
鹄形菜色,hú xíng cài sè
鹄形鸟面,hú xíng niǎo miàn
鹄峙鸾停,hú zhì luán tíng
鹄峙鸾翔,hú zhì luán xiáng
鼓吹喧阗,gǔ chuī xuān tián
鼓唇弄舌,gǔ chún nòng shé
鼓唇摇舌,gǔ chún yáo shé
鼓唇咋舌,gǔ chún zǎ shé
鼓腹含哺,gǔ fù hán bǔ
鼓腹含和,gǔ fù hán hé
鼓腹击壤,gǔ fù jī rǎng
鼓鼓囊囊,gǔ gǔ nāng nāng
鼓角齐鸣,gǔ jiǎo qí míng
鼓睛暴眼,gǔ jīng bào yǎn
鼓乐齐鸣,gǔ yuè qí míng
鼓乐喧天,gǔ yuè xuān tiān
鼓脑争头,gǔ nǎo zhēng tóu
鼓馁旗靡,gǔ něi qí mí
鼓盆之戚,gǔ pén zhī qī
鼓旗相当,gǔ qí xiāng dāng
鼓舌掀簧,gǔ shé xiān huáng
鼓舌扬唇,gǔ shé yáng chún
鼓舌摇唇,gǔ shé yáo chún
鼓衰力尽,gǔ shuāi lì jìn
鼓吻奋爪,gǔ wěn fèn zhǎo
鼓吻弄舌,gǔ wěn nòng shé
鼓舞欢忻,gǔ wǔ huān xīn
鼓舞欢欣,gǔ wǔ huān xīn
鼓舞人心,gǔ wǔ rén xīn
鼓眼努睛,gǔ yǎn nǔ jīng
瞽言萏议,gǔ yán dàn yì
瞽言妄举,gǔ yán wàng jǔ
固壁清野,gù bì qīng yě
固步自封,gù bù zì fēng
固若金汤,gù ruò jīn tāng
固执成见,gù zhí chéng jiàn
固执己见,gù zhí jǐ jiàn
故步自封,gù bù zì fēng
故步自画,gù bù zì huà
故宫禾黍,gù gōng hé shǔ
故伎重演,gù jì zhòng yǎn
故技重演,gù jì chóng yǎn
故家乔木,gù jiā qiáo mù
故剑情深,gù jiàn qíng shēn
故旧不弃,gù jiù bù qì
故弄虚玄,gù nòng xū xuán
故弄玄虚,gù nòng xuán xū
故人之意,gù rén zhī yì
故入人罪,gù rù rén zuì
故甚其词,gù shèn qí cí
故态复还,gù tài fù huán
故态复萌,gù tài fù méng
故态复作,gù tài fù zuò
故土难离,gù tǔ nán lí
故我依然,gù wǒ yī rán
故作高深,gù zuò gāo shēn
故作玄虚,gù zuò xuán xū
顾此失彼,gù cǐ shī bǐ
顾而言他,gù ér yán tā
顾复之恩,gù fù zhī ēn
顾后瞻前,gù hòu zhān qián
顾景惭形,gù yǐng cán xíng
顾虑重重,gù lǜ chóng chóng
顾名思义,gù míng sī yì
顾盼多姿,gù pàn duō zī
顾盼神飞,gù pàn shén fēi
顾盼生辉,gù pàn shēng huī
顾盼生姿,gù pàn shēng zī
顾盼自豪,gù pàn zì háo
顾盼自雄,gù pàn zì xióng
顾曲周郎,gù qǔ zhōu láng
顾全大局,gù quán dà jú
顾犬补牢,gù quǎn bǔ láo
顾小失大,gù xiǎo shī dà
顾影惭形,gù yǐng cán xíng
顾影弄姿,gù yǐng nòng zī
顾影自怜,gù yǐng zì lián
瓜瓞绵绵,guā dié mián mián
瓜分鼎峙,guā fēn dǐng zhì
瓜分豆剖,guā fēn dòu pōu
瓜葛相连,guā gě xiāng lián
瓜李之嫌,guā lǐ zhī xián
瓜连蔓引,guā lián màn yǐn
瓜剖豆分,guā pōu dòu fēn
瓜区豆分,guā qū dòu fēn
瓜熟蒂落,guā shú dì luò
瓜田李下,guā tián lǐ xià
瓜田之嫌,guā tián zhī xián
瓜字初分,guā zì chū fēn
刮肠洗胃,guā cháng xǐ wèi
刮垢磨光,guā gòu mó guāng
刮垢磨痕,guā gòu mó hén
刮骨抽筋,guā gǔ chōu jīn
刮骨去毒,guā gǔ qù dú
刮目相待,guā mù xiāng dài
刮目相见,guā mù xiāng jiàn
刮目相看,guā mù xiāng kàn
刮野扫地,guā yě sǎo dì
呱呱堕地,guā guā duò dì
呱呱坠地,guā guā zhuì dì
寡不敌众,guǎ bù dí zhòng
寡不胜众,guǎ bù shèng zhòng
寡二少双,guǎ èr shǎo shuāng
寡凫单鹄,guǎ fú dān hú
寡鹄孤鸾,guǎ hú gū luán
寡见少闻,guǎ jiàn shǎo wén
寡见鲜闻,guǎ jiàn xiǎn wén
寡廉鲜耻,guǎ lián xiǎn chǐ
寡情薄意,guǎ qíng báo yì
寡人之疾,guǎ rén zhī jí
寡闻少见,guǎ wén shǎo jiàn
寡信轻诺,guǎ xìn qīng nuò
挂灯结彩,guà dēng jié cǎi
挂肚牵肠,guà dù qiān cháng
挂肚牵心,guà dù qiān xīn
挂冠归去,guà guān guī qù
挂冠求去,guà guān qiú qù
挂席为门,guà xí wéi mén
挂一漏万,guà yī lòu wàn
挂印悬牌,guà yìn xuán pái
乖唇蜜舌,guāi chún mì shé
乖僻邪谬,guāi pì xié miù
乖嘴蜜舌,guāi zuǐ mì shé
拐弯抹角,guǎi wān mò jiǎo
怪诞不经,guài dàn bù jīng
怪诞诡奇,guài dàn guǐ qí
怪力乱神,guài lì luàn shén
怪模怪样,guài mó guài yàng
怪声怪气,guài shēng guài qì
怪事咄咄,guài shì duō duō
怪形怪状,guài xíng guài zhuàng
怪雨盲风,guài yǔ máng fēng
关怀备至,guān huái bèi zhì
关门闭户,guān mén bì hù
关门打狗,guān mén dǎ gǒu
关门大吉,guān mén dà jí
关门落闩,guān mén luò shuān
关情脉脉,guān qíng mài mài
关山迢递,guān shān tiáo dì
关山阻隔,guān shān zǔ gé
关心民瘼,guān xīn mín mò
观风察俗,guān fēng chá sú
观过知仁,guān guò zhī rén
观化听风,guān huà tīng fēng
观机而动,guān jī ér dòng
观机而作,guān jī ér zuò
观貌察色,guān mào chá sè
观眉说眼,guān méi shuō yǎn
观山玩水,guān shān wán shuǐ
观往知来,guān wǎng zhī lái
观望不前,guān wàng bù qián
观衅伺隙,guān xìn sì xì
观形察色,guān xíng chá sè
观隅反三,guān yú fǎn sān
观者成堵,guān zhě chéng dǔ
观者如堵,guān zhě rú dǔ
观者如垛,guān zhě rú duǒ
观者如市,guān zhě rú shì
观者如云,guān zhě rú yún
观者如织,guān zhě rú zhī
观者云集,guān zhě yún jí
官报私仇,guān bào sī chóu
官卑职小,guān bēi zhí xiǎo
官偪民反,guān bèng mín fǎn
官逼民反,guān bī mín fǎn
官仓老鼠,guān cāng láo shǔ
官场如戏,guān chǎng rú xì
官法如炉,guān fǎ rú lú
官官相护,guān guān xiāng hù
官官相为,guān guān xiāng wéi
官官相卫,guān guān xiāng wèi
官虎吏狼,guān hǔ lì láng
官轻势微,guān qīng shì wēi
官情纸薄,guān qíng zhǐ báo
官样文章,guān yàng wén zhāng
官运亨通,guān yùn hēng gōng
官止神行,guān zhǐ shén xíng
冠盖如云,guān gài rú yún
冠盖相望,guān gài xiāng wàng
冠屦倒施,guàn jù dǎo shī
冠绝一时,guàn jué yī shí
冠履倒易,guān lǚ dào yì
冠履倒置,guān lǚ dào zhì
冠冕堂皇,guān miǎn táng huáng
冠袍带履,guān páo dài lǚ
冠山戴粒,guàn shān dài lì
冠上加冠,guān shàng jiā guān
冠上履下,guān shàng lǚ xià
鳏寡孤独,guān guǎ gū dú
鳏寡孤茕,guān guǎ gū qióng
鳏寡孤惸,guān guǎ gū dì
鳏寡茕独,guān guǎ qióng dú
鳏寡惸独,guān guǎ gū dú
鳏鱼渴凤,guān yú kě fèng
管鲍分金,guǎn bào fēn jīn
管鲍之交,guǎn bào zhī jiāo
管城毛颖,guǎn chéng máo yǐng
管见所及,guǎn jiàn suǒ jí
管窥筐举,guǎn kuī kuāng jǔ
管窥蠡测,guǎn kuī lǐ cè
管宁割席,guǎn níng gē xí
管中窥豹,guǎn zhōng kuī bào
管中窥天,guǎn zhōng kuī tiān
贯穿今古,guàn chuān jīn gǔ
贯穿融会,guàn chuān róng huì
贯斗双龙,guàn dòu shuāng lóng
贯通融会,guàn tōng róng huì
贯朽粟陈,guàn xiǔ sù chén
贯朽粟腐,guàn xiǔ sù fǔ
贯朽粟红,guàn xiǔ sù hóng
贯颐备戟,guàn yí bèi jǐ
贯颐奋戟,guàn yí fèn jǐ
贯盈恶稔,guàn yíng è rěn
贯鱼之次,guàn yú zhī cì
贯鱼之序,guàn yú zhī xù
灌夫骂坐,guàn fū mà zuò
灌夫骂座,guàn fū mà zuò
光采夺目,guāng cǎi duó mù
光彩夺目,guāng cǎi duó mù
光彩陆离,guāng cǎi lù lí
光彩耀目,guāng cǎi yào mù
光彩溢目,guāng cǎi yì mù
光车骏马,guāng chē jùn mǎ
光风霁月,guāng fēng jì yuè
光复旧物,guāng fù jiù wù
光怪陆离,guāng guài lù lí
光华夺目,guāng huá duó mù
光辉灿烂,guāng huī càn làn
光可鉴人,guāng kě jiàn rén
光芒万丈,guāng máng wàn zhàng
光明磊落,guāng míng lěi luò
光明正大,guāng míng zhèng dà
光前绝后,guāng qián jué hòu
光前启后,guāng qián qǐ hòu
光天化日,guāng tiān huà rì
光焰万丈,guāng yàn wàn zhàng
光阴荏苒,guāng yīn rěn rǎn
光阴如箭,guāng yīn rú jiàn
光阴似箭,guāng yīn sì jiàn
光宗耀祖,guāng zōng yào zǔ
广寒仙子,guǎng hán xiān zǐ
广见洽闻,guǎng jiàn qià wén
广结良缘,guǎng jié liáng yuán
广开才路,guǎng kāi cái lù
广开言路,guǎng kāi yán lù
广陵散绝,guǎng líng sǎn jué
广譬曲谕,guǎng pì qǔ yù
广庭大众,guǎng tíng dà zhòng
广土众民,guǎng tǔ zhòng mín
广文先生,guǎng wén xiān sheng
广夏细旃,guǎng xià xì zhān
广厦万间,guǎng shà wàn jiān
广种薄收,guǎng zhòng bó shōu
归根到底,guī gēn dào dǐ
归根结底,guī gēn jié dǐ
归根结柢,guī gēn jié dǐ
归根结蒂,guī gēn jié dì
归根究柢,guī gēn jiū dǐ
归马放牛,guī mǎ fàng niú
归奇顾怪,guī qí gù guài
归去来兮,guī qù lái xī
归全反真,guī quán fǎn zhēn
归十归一,guī shí guī yī
归邪转曜,guī xié zhuǎn yào
归心如箭,guī xīn rú jiàn
归心似箭,guī xīn sì jiàn
归真反璞,guī zhēn fǎn pú
归真反朴,guī zhēn fǎn pǔ
归正邱首,guī zhèng qiū shǒu
归正守丘,guī zhèng shǒu qiū
归正首丘,guī zhèng shǒu qiū
归正首邱,guī zhèng shǒu qiū
归之若水,guī zhī ruò shuǐ
圭角岸然,guī jiǎo àn rán
圭角不露,guī jiǎo bù lù
圭璋特达,guī zhāng tè dá
龟鹤遐龄,guī hè xiá líng
龟鹤遐寿,guī hè xiá shòu
龟冷支床,guī lěng zhī chuáng
龟冷搘床,guī lěng zhī chuáng
龟龄鹤算,guī líng hè suàn
龟龙鳞凤,guī lóng lín fèng
龟龙麟凤,guī lóng lín fèng
龟龙片甲,guī lóng piàn jiǎ
龟毛兔角,guī máo tù jiǎo
龟年鹤寿,guī nián hè shòu
龟年鹤算,guī nián hè suàn
龟文鸟迹,guī wén niǎo jì
龟厌不告,guī yàn bù gào
龟玉毁椟,guī yù huǐ dú
规矩钩绳,guī jǔ gōu shéng
规矩绳墨,guī jǔ shéng mò
规矩准绳,guī jǔ zhǔn shéng
规求无度,guī qiú wú dù
规绳矩墨,guī shéng jǔ mò
规天矩地,guī tiān jǔ dì
规贤矩圣,guī xián jǔ shèng
规行矩步,guī xíng jǔ bù
规行矩止,guī xíng jǔ zhǐ
规旋矩折,guī xuán jǔ shé
规言矩步,guī yán jǔ bù
规圆矩方,guī yuán jǔ fāng
规重矩迭,guī zhòng jǔ dié
规重矩叠,guī chóng jǔ dié
闺英闱秀,guī yīng wéi xiù
珪璋特达,guī zhāng tè dá
瑰意奇行,guī yì qí xíng
瑰意琦行,guī yì qí xíng
轨物范世,guī wù fàn shì
佹得佹失,guǐ dé guǐ shī
佹形僪状,guǐ xíng yù zhuàng
诡变多端,guǐ biàn duō duān
诡诞不经,guǐ dàn bù jīng
诡计多端,guǐ jì duō duān
诡谲多变,guǐ jué duō biàn
诡谲怪诞,guǐ jué guài dàn
诡秘莫测,guǐ mì mò cè
诡衔窃辔,guǐ xián qiè pèi
诡形奇制,guǐ xíng qí zhì
诡雅异俗,guǐ yǎ yì sú
诡言浮说,guǐ yán fú shuō
鬼出电入,guǐ chū diàn rù
鬼出神入,guǐ chū shén rù
鬼斧神工,guǐ fǔ shén gōng
鬼工雷斧,guǐ gōng léi fǔ
鬼功神力,guǐ gōng shén lì
鬼鬼祟祟,guǐ guǐ suì suì
鬼话连篇,guǐ huà lián piān
鬼计百端,guǐ jì bǎi duān
鬼计多端,guǐ jì duō duān
鬼瞰高明,guǐ kàn gāo míng
鬼瞰其室,guǐ kàn qí shì
鬼刻神劖,guǐ kè shén chán
鬼哭狼嗥,guǐ kū láng háo
鬼哭狼嚎,guǐ kū láng háo
鬼哭神愁,guǐ kū shén chóu
鬼哭神嚎,guǐ kū shén háo
鬼哭神号,guǐ kū shén hào
鬼哭神惊,guǐ kū shén jīng
鬼哭粟飞,guǐ kū sù fēi
鬼哭天愁,guǐ kū tiān chóu
鬼烂神焦,guǐ làn shén jiāo
鬼魅伎俩,guǐ mèi jì liǎng
鬼迷心窍,guǐ mí xīn qiào
鬼怕恶人,guǐ pà èr én
鬼泣神嚎,guǐ qì shén háo
鬼泣神号,guǐ qì shén hào
鬼设神使,guǐ shè shén shǐ
鬼神不测,guǐ shén bù cè
鬼神莫测,guǐ shén mò cè
鬼使神差,guǐ shǐ shén chāi
鬼头鬼脑,guǐ tóu guǐ nǎo
鬼头滑脑,guǐ tóu huá nǎo
鬼形怪状,guǐ xíng guài zhuàng
鬼蜮伎俩,guǐ yù jì liǎng
鬼蜮技俩,guǐ yù jì liǎng
鬼吒狼嚎,guǐ zhà láng háo
鬼咤狼嚎,guǐ zhà láng háo
鬼抓狼嚎,guǐ zhuā láng háo
刿目怵心,guì mù chù xīn
刿目鉥心,guì mù xù xīn
刿鉥肝肾,guì xù gān shèn
刿鉥心腑,guì xù xīn fǔ
刿心怵目,guì xīn chù mù
刿心刳肺,guì xīn kū fèi
刿心刳腹,guì xīn kū fù
刿心鉥肾,guì xīn xù shèn
贵不可言,guì bù kě yán
贵不期骄,guì bù qī jiāo
贵不召骄,guì bù zhào jiāo
贵而贱目,guì ér jiàn mù
贵耳贱目,guì ěr jiàn mù
贵古贱今,guì gǔ jiàn jīn
贵极人臣,guì jí rén chén
贵贱高下,guì jiàn gāo xià
贵贱无常,guì jiàn wú cháng
贵贱无二,guì jiàn wú èr
贵人多忘,guì rén duō wàng
贵人贱己,guì rén jiàn jǐ
贵人善忘,guì rén shàn wàng
贵少贱老,guì shǎo jiàn lǎo
贵阴贱璧,guì yīn jiàn bì
贵远鄙近,guì yuǎn bǐ jìn
贵远贱近,guì yuǎn jiàn jìn
贵在知心,guì zài zhī xīn
贵壮贱老,guì zhuàng jiàn lǎo
贵壮贱弱,guì zhuàng jiàn ruò
桂殿兰宫,guì diàn lán gōng
桂馥兰香,guì fù lán xiāng
桂酒椒浆,guì jiǔ jiāo jiāng
桂林杏苑,guì lín xìng yuàn
桂林一枝,guì lín yī zhī
桂薪玉粒,guì xīn yù lì
桂玉之地,guì yù zhī dì
桂折兰摧,guì shé lán cuī
桂折一枝,guì shé yī zhī
桂枝片玉,guì zhī piàn yù
桂子兰孙,guì zǐ lán sūn
桂子飘香,guì zǐ piāo xiāng
衮衮诸公,gǔn gǔn zhū gōng
滚瓜烂熟,gǔn guā làn shú
滚瓜流水,gǔn guā liú shuǐ
国步艰难,guó bù jiān nán
国仇家恨,guó chóu jiā hèn
国而忘家,guó ér wàng jiā
国尔忘家,guó ěr wàng jiā
国耳忘家,guó ěr wàng jiā
国富兵强,guó fù bīng qiáng
国富民安,guó fù mín ān
国富民丰,guó fù mín fēng
国富民强,guó fù mín qiáng
国计民生,guó jì mín shēng
国家栋梁,guó jiā dòng liáng
国将不国,guó jiāng bù guó
国难当头,guó nàn dāng tóu
国破家亡,guó pò jiā wáng
国色天香,guó sè tiān xiāng
国色天姿,guó sè tiān zī
国士无双,guó shì wú shuāng
国泰民安,guó tài mín ān
国无二君,guó wú èr jūn
国无宁日,guó wú níng rì
国之干城,guó zhī gān chéng
果不其然,guǒ bù qí rán
果然如此,guǒ rán rú cǐ
果熟蒂落,guǒ shú dì luò
果刑信赏,guǒ xíng xìn shǎng
果行育德,guǒ xíng yù dé
果于自信,guǒ yú zì xìn
裹粮坐甲,guǒ liáng zuò jiǎ
裹尸马革,guǒ shī mǎ gé
裹血力战,guǒ xuè lì zhàn
裹足不前,guǒ zú bù qián
过从甚密,guò cóng shèn mì
过都历块,guò dōu lì kuài
过而能改,guò ér néng gǎi
过府冲州,guò fǔ chōng zhōu
过河拆桥,guò hé chāi qiáo
过河卒子,guò hé zú zǐ
过化存神,guò huà cún shén
过江之鲫,guò jiāng zhī jì
过街老鼠,guò jiē lǎo shǔ
过路财神,guò lù cái shén
过门不入,guò mén bù rù
过目不忘,guò mù bù wàng
过目成诵,guò mù chéng sòng
过桥拆桥,guò qiáo chāi qiáo
过桥抽板,guò qiáo chōu bǎn
过甚其词,guò shèn qí cí
过甚其辞,guò shèn qí cí
过时黄花,guò shí huáng huā
过市招摇,guò shì zhāo yáo
过庭之训,guò tíng zhī xùn
过屠大嚼,guò tú dà jué
过为已甚,guò wéi yǐ shèn
过隙白驹,guò xī bái jū
过眼烟云,guò yǎn yān yún
过眼云烟,guò yǎn yún yān
过犹不及,guò yóu bù jí
海北天南,hǎi běi tiān nán
海不波溢,hǎi bù bō yì
海不扬波,hǎi bù yáng bō
海底捞月,hǎi dǐ lāo yuè
海底捞针,hǎi dǐ lāo zhēn
海沸波翻,hǎi fèi bō fān
海沸河翻,hǎi fèi hé fān
海沸江翻,hǎi fèi jiāng fān
海沸山崩,hǎi fèi shān bēng
海沸山裂,hǎi fèi shān liè
海沸山摇,hǎi fèi shān yáo
海怀霞想,hǎi huái xiá xiǎng
海角天涯,hǎi jiǎo tiān yá
海角天隅,hǎi jiǎo tiān yú
海枯见底,hǎi kū jiàn dǐ
海枯石烂,hǎi kū shí làn
海阔天高,hǎi kuò tiān gāo
海阔天空,hǎi kuò tiān kōng
海立云垂,hǎi lì yún chuí
海盟山咒,hǎi méng shān zhòu
海内鼎沸,hǎi nèi dǐng fèi
海内无双,hǎi nèi wú shuāng
海纳百川,hǎi nà bǎi chuān
海桑陵谷,hǎi sāng líng gǔ
海市蜃楼,hǎi shì shèn lóu
海誓山盟,hǎi shì shān méng
海水难量,hǎi shuǐ nán liáng
海水群飞,hǎi shuǐ qún fēi
海水桑田,hǎi shuǐ sāng tián
海外奇谈,hǎi wài qí tán
海屋筹添,hǎi wū chóu tiān
海屋添筹,hǎi wū tiān chóu
海啸山崩,hǎi xiào shān bēng
海涯天角,hǎi yá tiān jiǎo
海晏河清,hǎi yàn hé qīng
海约山盟,hǎi yuē shān méng
海中捞月,hǎi zhōng lāo yuè
亥豕相望,hài shǐ xiāng wàng
骇浪惊涛,hài làng jīng tāo
骇龙走蛇,hài lóng zǒu shé
骇目惊心,hài mù jīng xīn
骇目振心,hài mù zhèn xīn
骇人视听,hài rén shì tīng
骇人听闻,hài rén tīng wén
骇人闻见,hài rén wén jiàn
骇人闻听,hài rén wén tīng
骇心动目,hài xīn dòng mù
骇状殊形,hài zhuàng shū xíng
害群之马,hài qún zhī mǎ
害人不浅,hài rén bù qiǎn
酣畅淋漓,hān chàng lín lí
酣歌恒舞,hān gē héng wǔ
酣歌醉舞,hān gē zuì wǔ
酣然入梦,hān rán rù mèng
酣痛淋漓,hān tòng lín lí
酣嬉淋漓,hān xī lín lí
憨状可掬,hān zhuàng kě jū
鼾声如雷,hān shēng rú léi
含苞待放,hán bāo dài fàng
含苞欲放,hán bāo yù fàng
含冰茹檗,hán bīng rú bò
含哺鼓腹,hán bǔ gǔ fù
含齿戴发,hán chǐ dài fā
含宫咀征,hán gōng jǔ zhēng
含宫咀徵,hán gōng jǔ zhēng
含垢包羞,hán gòu bāo xiū
含垢藏疾,hán gǒu cáng jí
含垢藏瑕,hán gòu cáng xiá
含垢纳污,hán gòu nà wū
含垢匿瑕,hán gòu nì xiá
含垢弃瑕,hán gòu qì xiá
含垢忍耻,hán gòu rěn chǐ
含垢忍辱,hán gòu rěn rǔ
含垢忍污,hán gòu rěn wū
含糊不明,hán hú bù míng
含糊其词,hán hú qí cí
含糊其辞,hán hú qí cí
含菁咀华,hán jīng jǔ huá
含蓼问疾,hán liǎo wèn jí
含明隐迹,hán míng yǐn jì
含情脉脉,hán qíng mò mò
含仁怀义,hán rén huái yì
含沙射影,hán shā shè yǐng
含商咀征,hán shāng jǔ zhēng
含商咀徵,hán shāng jǔ zhēng
含霜履雪,hán shuāng lǚ xuě
含污忍垢,hán wū rěn gòu
含瑕积垢,hán xiá jī gòu
含笑九泉,hán xiào jiǔ quán
含笑入地,hán xiào rù dì
含辛忍苦,hán xīn rěn kǔ
含辛茹苦,hán xīn rú kǔ
含血喷人,hán xuè pēn rén
含血潠人,hán xuè xùn rén
含血噀人,hán xuè xùn rén
含牙带角,hán yá dài jiǎo
含牙戴角,hán yá dài jiǎo
含饴弄孙,hán yí nòng sūn
含英咀华,hán yīng jǔ huá
含冤负屈,hán yuān fù qū
含冤莫白,hán yuān mò bái
含冤受屈,hán yuān shòu qū
含章天挺,hán zhāng tiān tǐng
含章挺生,hán zhāng tǐng shēng
邯郸匍匐,hán dān pú fú
邯郸学步,hán dān xué bù
邯郸重步,hán dān zhóng bù
函盖充周,hán gài chōng zhōu
函盖乾坤,hán gài qián kūn
函矢相攻,hán shǐ xiāng gōng
寒蝉僵鸟,hán chán jiāng niǎo
寒蝉凄切,hán chán qī qiè
寒蝉仗马,hán chán zhàng mǎ
寒冬腊月,hán dōng là yuè
寒风侵肌,hán fēng qīn jī
寒腹短识,hán fù duǎn shí
寒耕热耘,hán gēng rè yùn
寒耕暑耘,hán gēng shǔ yùn
寒花晚节,hán huā wǎn jié
寒灰更然,hán huī gèng rán
寒来暑往,hán lái shǔ wǎng
寒毛卓竖,hán máo zhuó shù
寒木春华,hán mù chūn huá
寒泉之思,hán quán zhī sī
寒酸落魄,hán suān luò pò
寒心酸鼻,hán xīn suān bí
寒心消志,hán xīn xiāo zhì
寒心销志,hán xīn xiāo zhì
韩潮苏海,hán cháo sū hǎi
韩海苏潮,hán hǎi sū cháo
韩卢逐块,hán lú zhú kuài
韩卢逐逡,hán lú zhú qūn
韩寿分香,hán shòu fēn xiāng
韩寿偷香,hán shòu tōu xiāng
罕譬而喻,hǎn pì ér yù
罕言寡语,hǎn yán guǎ yǔ
喊冤叫屈,hǎn yuān jiào qū
汉官威仪,hàn guān wēi yí
汉人煮箦,hàn rén zhǔ zé
汗不敢出,hàn bù gǎn chū
汗出浃背,hàn chū jiā bèi
汗出洽背,hàn chū qià bèi
汗流夹背,hàn liú jiā bèi
汗流浃背,hàn liú jiā bèi
汗流浃肤,hàn liú jiā fū
汗流浃体,hàn liú jiā tǐ
汗流浃踵,hàn liú jiā zhǒng
汗流接踵,hàn liú jiē zhǒng
汗流满面,hàn liú mǎn miàn
汗流洽背,hàn liú qià bèi
汗流洽衣,hàn liú qià yī
汗流至踵,hàn liú zhì zhǒng
汗马功劳,hàn mǎ gōng láo
汗马之功,hàn mǎ zhī gōng
汗马之劳,hàn mǎ zhī láo
汗牛充栋,hàn niú chōng dòng
汗牛充屋,hàn niú chōng wū
汗牛塞栋,hàn niú sāi dòng
汗洽股栗,hàn qià gǔ lì
汗青头白,hàn qīng tóu bái
汗如雨下,hàn rú yǔ xià
汗血盐车,hàn xuè yán chē
汗颜无地,hàn yán wú dì
旱魃为虐,hàn bá wèi nüè
旱苗得雨,hàn miáo dé yǔ
悍然不顾,hàn rán bù gù
熯天炽地,hàn tiān chì dì
撼地摇天,hàn dì yáo tiān
撼树蚍蜉,hàn shù bí fú
撼天震地,hàn tiān zhèn dì
航海梯山,háng hǎi tī shān
沆瀣一气,hàng xiè yī qì
蒿目时艰,hàng mù shí jiān
毫不讳言,háo bù huì yán
毫不介意,háo bù jiè yì
毫发不爽,háo fà bù shuǎng
毫发丝粟,háo fā sī sù
毫分缕析,háo fēn lǚ xī
毫厘不爽,háo lí bù shuǎng
毫厘千里,háo lí qiān lǐ
毫厘丝忽,háo lí sī hū
毫毛不犯,háo máo bù fàn
毫无二致,háo wú èr zhì
毫无逊色,háo wú xùn sè
毫无疑义,háo wú yí yì
豪夺巧取,háo duó qiǎo qǔ
豪放不羁,háo fàng bù jī
豪干暴取,háo gàn bào qǔ
豪管哀弦,háo guǎn āi xián
豪横跋扈,háo héng bá hù
豪迈不群,háo mài bù qún
豪门贵胄,háo mén guì zhòu
豪门巨室,háo mén jù shì
豪情逸致,háo qíng yì zhì
豪情壮志,háo qíng zhuàng zhì
豪取智笼,háo qǔ zhì lóng
豪商巨贾,háo shāng jù jiǎ
豪奢放逸,háo shē fàng yì
豪言壮语,háo yán zhuàng yǔ
豪竹哀丝,háo zhú āi sī
嚎天动地,háo tiān dòng dì
嚎天喊地,háo tiān hǎn dì
濠梁之上,háo liáng zhī shàng
好吃懒做,hào chī lǎn zuò
好大喜功,hào dà xǐ gōng
好戴高帽,hǎo dài gāo mào
好丹非素,hào dān fēi sù
好恶不同,hǎo è bù tóng
好高骛远,hào gāo wù yuǎn
好高鹜远,hǎo gāo wù yuǎn
好好先生,hǎo hǎo xiān shēng
好景不长,hǎo jǐng bù cháng
好景不常,hǎo jǐng bù cháng
好酒贪杯,hào jiǔ tān bēi
好梦不长,hǎo mèng bù cháng
好梦难成,hǎo mèng nán chéng
好梦难圆,hǎo mèng nán yuán
好谋善断,hào móu shàn duàn
好奇尚异,hǎo qí shàng yì
好骑者堕,hào qí zhě duò
好肉剜疮,hǎo ròu wān chuāng
好色之徒,hào sè zhī tú
好善恶恶,hǎo shàn wù è
好善嫉恶,hǎo shàn jí è
好善乐施,hào shàn lè shī
好生之德,hào shēng zhī dé
好声好气,hǎo shēng hǎo qì
好事多磨,hǎo shì duō mó
好事多悭,hǎo shì duō qiān
好事天悭,hǎo shì tiān qiān
好事之徒,hào shì zhī tú
好说歹说,hǎo shuō dǎi shuō
好天良夜,hǎo tiān liáng yè
好为人师,hào wéi rén shī
好为事端,hào wéi shì duān
好问决疑,hào wèn jué yí
好问则裕,hào wèn zé yù
好心好意,hǎo xīn hǎo yì
好行小惠,hào xíng xiǎo huì
好行小慧,hǎo xíng xiǎo huì
好学不倦,hào xué bù juàn
好言好语,hǎo yán hǎo yǔ
好佚恶劳,hǎo yì wù láo
好逸恶劳,hào yì wù láo
好勇斗狠,hào yǒng dòu hěn
好语如珠,hǎo yǔ rú zhū
好语似珠,hǎo yǔ sì zhū
好整以暇,hào zhěng yǐ xiá
好自为之,hào zì wéi zhī
号唃大哭,háo táo dà kū
号寒啼饥,háo hán tí jī
号令如山,hào lìng rú shān
号啕大哭,háo táo dà kū
号天扣地,hào tiān kòu dì
昊天不吊,hào tiān bù diào
昊天罔极,hào tiān wǎng jí
浩浩荡荡,hào hào dàng dàng
浩浩汤汤,hào hào shāng shāng
浩气长存,hào qì cháng cún
浩气凛然,hào qì lǐn rán
浩然之气,hào rán zhī qì
浩如烟海,hào rú yān hǎi
皓齿蛾眉,hào chǐ é méi
皓齿明眸,hào chǐ míng móu
皓首苍颜,hào shǒu cāng yán
皓首穷经,hào shǒu qióng jīng
皓月千里,hào yuè qiān lǐ
诃佛诋巫,hē fó dǐ wū
诃佛骂祖,hē fó mà zǔ
呵壁问天,hē bì wèn tiān
呵佛骂祖,hē fó mà zǔ
呵欠连天,hē qiàn lián tiān
喝西北风,hē xī běi fēng
禾黍故宫,hé shǔ gù gōng
合从连衡,hé zòng lián héng
合胆同心,hé dǎn tóng xīn
合而为一,hé ér wéi yī
合二为一,hé èr wéi yī
合两为一,hé liǎng wéi yī
合盘托出,hé pán tuō chū
合浦还珠,hé pǔ huán zhū
合浦珠还,hé pǔ zhū huán
合情合理,hé qíng hé lǐ
合眼摸象,hé yǎn mō xiàng
合衷共济,hé zhōng gòng jì
何必当初,hé bì dāng chū
何患无辞,hé huàn wú cí
何乐不为,hé lè bù wéi
何其毒也,hé qí dú yě
何去何从,hé qù hé cóng
何所不为,hé suǒ bù wéi
何所不有,hé suǒ bù yǒu
何所不至,hé suǒ bù zhì
何足道哉,hé zú dào zāi
何足挂齿,hé zú guà chǐ
何足介意,hé zú jiè yì
何足为奇,hé zú wéi qí
何罪之有,hé zuì zhī yǒu
和蔼近人,hé ǎi jìn rén
和蔼可亲,hé ǎi kě qīn
和璧隋珠,hé bì suí zhū
和而不唱,hé ér bù chàng
和而不同,hé ér bù tóng
和风丽日,hé fēng lì rì
和风细雨,hé fēng xì yǔ
和光同尘,hé guāng tóng chén
和睦相处,hé mù xiāng chǔ
和盘托出,hé pán tuō chū
和气生财,hé qì shēng cái
和气致祥,hé qì zhì xiáng
和容悦色,hé róng yuè sè
和如琴瑟,hé rú qín sè
和颜说色,hé yán yuè sè
和颜悦色,hé yán yuè sè
和衣而卧,hé yī ér wò
和衷共济,hé zhōng gòng jì
河奔海聚,hé bēn hǎi jù
河伯为患,hé bó wéi huàn
河不出图,hé bù chū tú
河出伏流,hé chū fú liú
河东三箧,hé dōng sān qiè
河东狮吼,hé dōng shī hǒu
河东狮子,hé dōng shī zi
河汾门下,hé fén mén xià
河海清宴,hé hǎi qīng yàn
河汉江淮,hé hàn jiāng huái
河汉无极,hé hàn wú jí
河涸海干,hé hé hǎi qián
河决鱼烂,hé jué yú làn
河溓海晏,hé lián hǎi yàn
河溓海夷,hé lián hǎi yí
河梁携手,hé liáng xié shǒu
河梁之谊,hé liáng zhì yí
河落海干,hé luò hǎi gān
河门海口,hé mén hǎi kǒu
河目海口,hé mù hǎi kǒu
河倾月落,hé qīng yuè luò
河清海竭,hé qīng hǎi jié
河清海宴,hé qīng hǎi yàn
河清海晏,hé qīng hǎi yàn
河清难俟,hé qīng nán sì
河清人寿,hé qīng rén shòu
河清三日,hé qīng sān rì
河清社鸣,hé qīng shè míng
河清云庆,hé qīng yún qìng
河沙世界,hé shā shì jiè
河山带砺,hé shān dài lì
河山之德,hé shān zhī dé
河同水密,hé tóng shuǐ mì
河斜月落,hé xié yuè luò
河鱼腹疾,hé yú fù jí
河鱼天雁,hé yú tiān yàn
河鱼之疾,hé yú zhī jí
荷枪实弹,hé qiāng shí dàn
涸鲋得水,hé fù dé shuǐ
涸思干虑,hé sī qián lǜ
涸鱼得水,hé yú dé shuǐ
涸泽而渔,hé zé ér yú
涸辙枯鱼,hé zhé kū yú
涸辙之鲋,hé zhé zhī fù
阖门百口,hé mén bǎi kǒu
褐衣不完,hè yī bù wán
褐衣蔬食,hè yī shū shí
赫赫巍巍,hè hè wēi wēi
赫赫炎炎,hè hè yán yán
赫赫扬扬,hè hè yáng yáng
赫赫有名,hè hè yǒu míng
赫赫之功,hè hè zhì gōng
赫赫之光,hè hè zhì guāng
赫然而怒,hè rán ér nù
赫斯之威,hè sī zhī wēi
鹤背扬州,hè bèi yáng zhōu
鹤长凫短,hè cháng fú duǎn
鹤处鸡群,hè chǔ jī qún
鹤短凫长,hè duǎn fú cháng
鹤发鸡皮,hè fà jī pí
鹤发松姿,hè fà sōng zī
鹤发童颜,hè fà tóng yán
鹤骨鸡肤,hè gǔ jī fū
鹤骨龙筋,hè gǔ lóng jīn
鹤骨霜髯,hè gǔ shuāng rán
鹤骨松筋,hè gǔ sōng jīn
鹤骨松姿,hè gǔ sōng zī
鹤归华表,hè guī huá biǎo
鹤困鸡群,hè kùn jī qún
鹤立鸡群,hè lì jī qún
鹤唳风声,hè lì fēng shēng
鹤唳华亭,hè lì huá tíng
鹤唳猿声,hè lì yuán shēng
鹤鸣九皋,hè míng jiǔ gāo
鹤鸣之士,hè míng zhī shì
鹤势螂形,hè shì láng xíng
鹤膝蜂腰,hè xī fēng yāo
鹤行鸡群,hè xíng jī qún
鹤怨猿惊,hè yuàn yuán jīng
鹤知夜半,hè zhī yè bàn
鹤子梅妻,hè zǐ méi qī
黑白分明,hēi bái fēn míng
黑白混淆,hēi bái hùn xiáo
黑灯瞎火,hēi dēng xiā huǒ
黑灯下火,hēi dēng xià huǒ
黑地昏天,hēi dì hūn tiān
黑风孽海,hēi fēng niè hǎi
黑更半夜,hēi gēng bàn yè
黑家白日,hēi jiā bái rì
黑价白日,hēi jià bái rì
黑漆皮灯,hēi qī pí dēng
黑漆一团,hēi qī yī tuán
黑天白日,hēi tiān bái rì
黑天半夜,hēi tiān bàn yè
黑天摸地,hēi tiān mō dì
黑天墨地,hēi tiān mò dì
黑言诳语,hēi yán kuáng yǔ
狠心辣手,hěn xīn là shǒu
恨海难填,hèn hǎi nán tián
恨如头醋,hèn rú tóu cù
恨入骨髓,hèn rù gǔ suǐ
恨相见晚,hèn xiāng jiàn wǎn
恨相知晚,hèn xiāng zhī wǎn
恨之入骨,hèn zhī rù gǔ
亨嘉之会,hēng jiā zhī huì
哼哼唧唧,hēng hēng jī jī
恒河沙数,héng hé shā shù
恒河一沙,héng hé yī shā
横草之功,héng cǎo zhī gōng
横冲直闯,héng chōng zhí chuǎng
横冲直撞,héng chōng zhí zhuàng
横从穿贯,héng cóng chuān guàn
横刀揭斧,héng dāo jiē fǔ
横刀跃马,héng dāo yuè mǎ
横倒竖卧,héng dǎo shù wò
横恩滥赏,hèng ēn làn shǎng
横峰侧岭,héng fēng cè lǐng
横赋暴敛,héng fù bào liǎn
横戈盘马,héng gē pán mǎ
横戈跃马,héng gē yuè mǎ
横祸飞灾,hèng huò fēi zāi
横祸非灾,hèng huò fēi zāi
横见侧出,héng jiàn cè chū
横金拖玉,héng jīn tuō yù
横科暴敛,hèng kē bào liǎn
横拦竖挡,héng lán shù dǎng
横蛮无理,hèng mán wú lǐ
横眉瞪目,héng méi dèng mù
横眉瞪眼,héng méi dèng yǎn
横眉冷目,héng méi lěng mù
横眉冷眼,héng méi lěng yǎn
横眉立目,héng méi lì mù
横眉立眼,héng méi lì yǎn
横眉努目,héng méi nǔ mù
横眉怒目,héng méi nù mù
横眉怒视,héng méi nù shì
横眉竖眼,héng méi shù yǎn
横眉吐气,héng méi tǔ qì
横七竖八,héng qī shù bā
横枪跃马,héng qiāng yuè mǎ
横抢武夺,hèng qiǎng wǔ duó
横抢硬夺,hèng qiǎng yìng duó
横驱别骛,héng qū bié wù
横僿不文,héng sài bù wén
横三竖四,héng sān shù sì
横三顺四,héng sān shùn sì
横扫千军,héng sǎo qiān jūn
横生枝节,héng shēng zhī jié
横说竖说,héng shuō shù shuō
横槊赋诗,héng shuò fù shī
横躺竖卧,héng tǎng shù wò
横拖倒扯,héng tuō dào chě
横拖倒拽,héng tuō dào zhuāi
横拖竖拉,héng tuō shù lā
横无忌惮,hèng wú jì dàn
横翔捷出,héng xiáng jié chū
横行霸道,héng xíng bà dào
横行不法,héng xíng bù fǎ
横行逆施,héng xíng nì shī
横行天下,héng xíng tiān xià
横行无忌,héng xíng wú jì
横行直撞,héng xíng zhí zhuàng
横行直走,héng xíng zhí zǒu
横殃飞祸,hèng yāng fēi huò
横灾飞祸,hèng zāi fēi huò
横遮竖挡,héng zhē shù dǎng
横针竖线,héng zhēn shù xiàn
横征暴赋,hèng zhēng bào fù
横征暴敛,héng zhēng bào liǎn
横征苛敛,hèng zhēng kē liǎn
横征苛役,hèng zhēng kē yì
衡短论长,héng duǎn lùn cháng
衡虑困心,héng lǜ kùn xīn
衡门深巷,héng mén shēn xiàng
衡情酌理,héng qíng zhuó lǐ
衡石程书,héng shí chéng shū
衡石量书,héng shí liàng shū
衡阳雁断,héng yáng yàn duàn
轰动一时,hōng dòng yī shí
轰轰烈烈,hōng hōng liè liè
轰雷掣电,hōng léi chè diàn
轰雷贯耳,hōng léi guàn ěr
轰堂大笑,hōng táng dà xiào
轰天烈地,hōng tiān liè dì
轰天裂地,hōng tiān liè dì
哄动一时,hōng dòng yī shí
哄堂大笑,hōng táng dà xiào
烘堂大笑,hōng táng dà xiào
烘托渲染,hōng tuō xuàn rǎn
烘云讬月,hōng yún zhì yuè
烘云托月,hōng yún tuō yuè
弘奖风流,hóng jiǎng fēng liú
弘毅宽厚,hóng yì kuān hòu
红白喜事,hóng bái xǐ shì
红愁绿惨,hóng chóu lǜ cǎn
红豆相思,hóng dòu xiāng sī
红飞翠舞,hóng fēi cuì wǔ
红粉青楼,hóng fěn qīng lóu
红腐贯朽,hóng fǔ guàn xiǔ
红男绿女,hóng nán lǜ nǚ
红旗报捷,hóng qí bào jié
红情绿意,hóng qíng lǜ yì
红日三竿,hóng rì sān gān
红绳系足,hóng shéng jì zú
红衰翠减,hóng shuāi cuì jiǎn
红杏出墙,hóng xìng chū qiáng
红颜薄命,hóng yán bó mìng
红叶题诗,hóng yè tí shī
红装素裹,hóng zhuāng sù guǒ
红紫乱朱,hóng zǐ luàn zhū
宏才大略,hóng cái dà lüè
宏材大略,hóng cái dà lüè
宏儒硕学,hóng rú shuò xué
宏图大志,hóng tú dà zhì
闳侈不经,hóng chǐ bù jīng
闳大不经,hóng dà bù jīng
闳识孤怀,hóng shí gū huái
闳言崇议,hóng yán chóng yì
闳言高论,hóng yán gāo lùn
闳意眇指,hóng yì miǎo zhǐ
闳意妙指,hóng yì miào zhǐ
闳宇崇楼,hóng yǔ chóng lóu
闳中肆外,hóng zhōng sì wài
泓峥萧瑟,hóng zhēng xiāo sè
洪福齐天,hóng fú qí tiān
洪炉点雪,hóng lú diǎn xuě
洪炉燎发,hóng lú liáo fà
洪乔捎书,hóng qiáo shāo shū
洪水横流,hóng shuǐ héng liú
洪水猛兽,hóng shuǐ měng shòu
虹销雨霁,hóng xiāo yǔ jì
鸿案鹿车,hóng àn lù chē
鸿案相庄,hóng àn xiāng zhuāng
鸿笔丽藻,hóng bǐ lì zǎo
鸿俦鹤侣,hóng chóu hè lǚ
鸿毳沉舟,hóng cuì chén zhōu
鸿都买第,hóng dōu mǎi dì
鸿断鱼沉,hóng duàn yú chén
鸿飞冥冥,hóng fēi míng míng
鸿飞霜降,hóng fēi shuāng jiàng
鸿飞雪爪,hóng fēi xuě zhǎo
鸿鹄将至,hóng hú jiāng zhì
鸿鹄之志,hóng hú zhī zhì
鸿函钜椟,hóng hán jù dú
鸿鷑凤立,hóng xiān fèng lì
鸿鷑凤逝,hóng xiān fèng shì
鸿渐于干,hóng jiàn yú gàn
鸿渐之仪,hóng jiàn zhī yí
鸿渐之翼,hóng jiàn zhī yì
鸿毛泰岱,hóng máo tài dài
鸿毛泰山,hóng máo tài shān
鸿蒙初辟,hóng méng chū pì
鸿泥雪爪,hóng ní xuě zhǎo
鸿篇巨制,hóng piān jù zhì
鸿篇巨著,hóng piān jù zhù
鸿篇巨着,hóng piān jù zhe
鸿篇钜制,hóng piān jù zhì
鸿儒硕学,hóng rú shuò xué
鸿商富贾,hóng shāng fù jiǎ
鸿图华构,hóng tú huá gòu
鸿稀鳞绝,hóng xī lín jué
鸿翔鸾起,hóng xiáng luán qǐ
鸿消鲤息,hóng xiāo lǐ xī
鸿轩凤翥,hóng xuān fèng zhù
鸿雁哀鸣,hóng yàn āi míng
鸿业远图,hóng yè yuǎn tú
鸿衣羽裳,hóng yī yǔ shang
鸿隐凤伏,hóng yǐn fèng fú
鸿章钜字,hóng zhāng jù zì
鸿鴆满纸,hóng yǐ mǎn zhǐ
鸿爪春泥,hóng zhǎo chūn ní
鸿爪留泥,hóng zhǎo liú ní
鸿爪雪泥,hóng zhǎo xuě ní
侯服玉食,hóu fú yù shí
侯门如海,hóu mén rú hǎi
侯门似海,hóu mén sì hǎi
喉长气短,hóu cháng qì duǎn
猴年马月,hóu nián mǎ yuè
猴头猴脑,hóu tóu hóu nǎo
后车之戒,hòu chē zhī jiè
后发制人,hòu fā zhì rén
后福无量,hòu fú wú liàng
后顾之忧,hòu gù zhī yōu
后海先河,hòu hǎi xiān hé
后患无穷,hòu huàn wú qióng
后悔不及,hòu huǐ bù jí
后悔莫及,hòu huǐ mò jí
后悔无及,hòu huǐ wú jí
后会无期,hòu huì wú qī
后会有期,hòu huì yǒu qī
后继无人,hòu jì wú rén
后继有人,hòu jì yǒu rén
后进领袖,hòu jìn lǐng xiù
后进之秀,hòu jìn zhī xiù
后来居上,hòu lái jū shàng
后来之秀,hòu lái zhī xiù
后起之秀,hòu qǐ zhī xiù
后生可畏,hòu shēng kě wèi
后生小子,hòu shēng xiǎo zǐ
后手不接,hòu shǒu bù jiē
后台老板,hòu tái lǎo bǎn
后拥前呼,hòu yōng qián hū
厚此薄彼,hòu cǐ bó bǐ
厚德载福,hòu dé zǎi fú
厚德载物,hòu dé zài wù
厚古薄今,hòu gǔ bó jīn
厚积薄发,hòu jī bó fā
厚今薄古,hòu jīn bó gǔ
厚禄高官,hòu lù gāo guān
厚貌深辞,hòu mào shēn cí
厚貌深情,hòu mào shēn qíng
厚貌深文,hòu mào shēn wén
厚生利用,hòu shēng lì yòng
厚往薄来,hòu wǎng báo lái
厚味腊毒,hòu wèi xī dú
厚颜无耻,hòu yán wú chǐ
呼不给吸,hū bù jǐ xī
呼风唤雨,hū fēng huàn yǔ
呼庚呼癸,hū gēng hū guǐ
呼来喝去,hū lái hè qù
呼卢喝雉,hū lú hè zhì
呼牛作马,hū niú zuò mǎ
呼朋唤友,hū péng huàn yǒu
呼朋引类,hū péng yǐn lèi
呼群结党,hū qún jié dǎng
呼天号地,hū tiān hào dì
呼天唤地,hū tiān huàn dì
呼天叫地,hū tiān jiào dì
呼天叩地,hū tiān kòu dì
呼天抢地,hū tiān qiāng dì
呼天吁地,hū tiān yù dì
呼天钥地,hū tiān yào dì
呼吸相通,hū xī xiāng tōng
呼吸之间,hū xī zhī jiān
呼幺喝六,hū yāo hè liù
呼之欲出,hū zhī yù chū
忽忽不乐,hū hū bù lè
忽冷忽热,hū lěng hū rè
囫囵半片,hú lún bàn piàn
囫囵吞枣,hú lún tūn zǎo
狐奔鼠窜,hú bēn shǔ cuàn
狐不二雄,hú bù èr xióng
狐唱枭和,hú chàng xiāo hé
狐虎之威,hú hǔ zhī wēi
狐假鸱张,hú jiǎ chī zhāng
狐假虎威,hú jiǎ hǔ wēi
狐藉虎威,hú jiè hǔ wēi
狐狸尾巴,hú li wěi ba
狐埋狐搰,hú mái hú hú
狐埋狐扬,hú mái hú yáng
狐媚魇道,hú mèi yǎn dào
狐媚猿攀,hú mèi yuán pān
狐鸣篝火,hú míng gōu huǒ
狐鸣篝中,hú míng gōu zhōng
狐鸣狗盗,hú míng gǒu dào
狐鸣枭噪,hú míng xiāo zào
狐鸣鱼书,hú míng yú shū
狐朋狗党,hú péng gǒu dǎng
狐朋狗友,hú péng gǒu yǒu
狐凭鼠伏,hú píng shǔ fú
狐潜鼠伏,hú qián shǔ fú
狐裘羔袖,hú qiú gāo xiù
狐裘尨茸,hú qiú méng róng
狐裘蒙戎,hú qiú méng róng
狐裘蒙茸,hú qiú méng róng
狐群狗党,hú qún gǒu dǎng
狐鼠之徒,hú shǔ zhī tú
狐死首丘,hú sǐ shǒu qiū
狐死兔泣,hú sǐ tù qì
狐听之声,hú tīng zhī shēng
狐兔之悲,hú tù zhī bēi
狐疑不决,hú yí bù jué
胡猜乱想,hú cāi luàn xiǎng
胡打海摔,hú dǎ hǎi shuāi
胡肥锺瘦,hú féi zhōng shòu
胡服骑射,hú fú qí shè
胡搅蛮缠,hú jiǎo mán chán
胡拉乱扯,hú lā luàn chě
胡里胡涂,hú lǐ hú tú
胡说八道,hú shuō bā dào
胡说白道,hú shuō bái dào
胡说乱道,hú shuō luàn dào
胡思乱量,hú sī luàn liàng
胡思乱想,hú sī luàn xiǎng
胡天胡地,hú tiān hú dì
胡天胡帝,hú tiān hú dì
胡行乱为,hú xíng luàn wéi
胡言汉语,hú yán hàn yǔ
胡言乱道,hú yán luàn dào
胡言乱语,hú yán luàn yǔ
胡越同舟,hú yuè tóng zhōu
胡越一家,hú yuè yī jiā
胡越之祸,hú yuè zhī huò
胡支扯叶,hú zhī chě yè
胡枝扯叶,hú zhī chě yè
胡诌八扯,hú zhōu bā chě
胡诌乱扯,hú zhōu luàn chě
胡诌乱道,hú zhōu luàn dào
胡诌乱说,hú zhōu luàn shuō
胡作非为,hú zuò fēi wéi
胡作胡为,hú zuò hú wéi
胡作乱为,hú zuò luàn wéi
壶浆塞道,hú jiāng sāi dào
壶里乾坤,hú lǐ qián kūn
壶天日月,hú tiān rì yuè
壶中日月,hú zhōng rì yuè
壶中天地,hú zhōng tiān dì
湖光山色,hú guāng shān sè
葫芦依样,hú lu yī yàng
瑚琏之器,hú liǎn zhī qì
糊口度日,hú kǒu dù rì
糊里糊涂,hú lǐ hú tú
虎背熊腰,hǔ bèi xióng yāo
虎变龙蒸,hǔ biàn lóng zhēng
虎不食儿,hǔ bù shí ér
虎步龙行,hǔ bù lóng xíng
虎超龙骧,hǔ chāo lóng xiāng
虎党狐侪,hǔ dǎng hú chái
虎荡羊群,hǔ dàng yáng qún
虎斗龙争,hǔ dòu lóng zhēng
虎据龙蟠,hǔ jù lóng pán
虎踞鲸吞,hǔ jù jīng tūn
虎踞龙盘,hǔ jù lóng pán
虎踞龙蟠,hǔ jù lóng pán
虎口拔牙,hǔ kǒu bá yá
虎口逃生,hǔ kǒu táo shēng
虎口余生,hǔ kǒu yú shēng
虎窟龙潭,hǔ kū lóng tán
虎狼之势,hǔ láng zhī shì
虎略龙韬,hǔ lüè lóng tāo
虎落平川,hǔ luò píng chuān
虎落平阳,hǔ luò píng yáng
虎珀拾芥,hǔ pò shí jiè
虎入羊群,hǔ rù yáng qún
虎视眈眈,hǔ shì dān dān
虎视耽耽,hǔ shì dān dān
虎兕出柙,hǔ sì chū xiá
虎体熊腰,hǔ tǐ xióng yāo
虎头虎脑,hǔ tóu hǔ nǎo
虎头蛇尾,hǔ tóu shé wěi
虎头燕颔,hǔ tóu yàn hàn
虎尾春冰,hǔ wěi chūn bīng
虎卧龙跳,hǔ wò lóng tiào
虎啸风生,hǔ xiào fēng shēng
虎穴狼巢,hǔ xué láng cháo
虎穴龙潭,hǔ xué lóng tán
虎掷龙拿,hǔ zhì lóng ná
互剥痛疮,hù bō tòng chuāng
互通有无,hù tōng yǒu wú
互为表里,hù wéi biǎo lǐ
互为因果,hù wéi yīn guò
互相标榜,hù xiāng biāo bǎng
互相推诿,hù xiāng tuī wěi
户曹参军,hù cáo cān jūn
户告人晓,hù gào rén xiǎo
户枢不蠹,hù shū bù dù
户枢不蝼,hù shū bù lóu
户枢不朽,hù shū bù xiǔ
户限为穿,hù xiàn wéi chuān
护国佑民,hù guó yòu mín
护过饰非,hù guò shì fēi
怙才骄物,hù cái jiāo wù
怙恶不悛,hù è bù quān
怙恩恃宠,hù ēn shì chǒng
怙过不悛,hù guò bù quān
怙顽不悛,hù wán bù quān
怙终不悔,hù zhōng bù huǐ
怙终不悛,hù zhōng bù quān
花残月缺,huā cán yuè quē
花朝月夕,huā zhāo yuè xī
花朝月夜,huā zhāo yuè yè
花辰月夕,huā chén yuè xī
花晨月夕,huā chén yuè xī
花簇锦攒,huā cù jǐn cuán
花堆锦簇,huā duī jǐn cù
花好月圆,huā hǎo yuè yuán
花红柳绿,huā hóng liǔ lǜ
花花公子,huā huā gōng zǐ
花花绿绿,huā huā lǜ lǜ
花花世界,huā huā shì jiè
花花太岁,huā huā tài suì
花甲之年,huā jiǎ zhī nián
花阶柳市,huā jiē liǔ shì
花街柳陌,huā jiē liǔ mò
花街柳市,huā jiē liǔ shì
花街柳巷,huā jiē liǔ xiàng
花锦世界,huā jǐn shì jiè
花里胡哨,huā lǐ hú shào
花明柳暗,huā míng liǔ àn
花明柳媚,huā míng liǔ mèi
花貎蓬心,huā ní péng xīn
花前月下,huā qián yuè xià
花衢柳陌,huā qú liǔ mò
花容月貌,huā róng yuè mào
花说柳说,huā shuō liǔ shuō
花天锦地,huā tiān jǐn dì
花天酒地,huā tiān jiǔ dì
花团锦簇,huā tuán jǐn cù
花下晒裻,huā xià shài kūn
花香鸟语,huā xiāng niǎo yǔ
花信年华,huā xìn nián huá
花言巧语,huā yán qiǎo yǔ
花颜月貌,huā yán yuè mào
花样翻新,huā yàng fān xīn
花样新翻,huā yàng xīn fān
花攒锦簇,huā cuán jǐn cù
花攒锦聚,huā cuán jǐn jù
花遮柳掩,huā zhē liǔ yǎn
花遮柳隐,huā zhē liǔ yǐn
花枝招颤,huā zhī zhāo chàn
花枝招飍,huā zhī zhāo zhǎn
花枝招展,huā zhī zhāo zhǎn
华不再扬,huá bù zài yáng
华而不实,huá ér bù shí
华封三祝,huá fēng sān zhù
华冠丽服,huá guān lì fú
华亭鹤唳,huà tíng hè lì
华屋丘墟,huá wū qiū xū
华屋秋墟,huá wū qiū xū
华屋山丘,huá wū shān qiū
华星秋月,huá xīng qiū yuè
哗世动俗,huá shì dòng sú
哗世取宠,huá shì qǔ chǒng
哗世取名,huá shì qǔ míng
哗众取宠,huá zhòng qǔ chǒng
滑泥扬波,huá ní yáng bō
滑头滑脑,huá tóu huá nǎo
化鸱为凤,huà chī wéi fèng
化腐成奇,huà fǔ chéng qí
化腐为奇,huà fǔ wéi qí
化及豚鱼,huà jí tún yú
化零为整,huà líng wéi zhěng
化民成俗,huà mín chéng sú
化民易俗,huà mín yì sú
化日光天,huà rì guāng tiān
化若偃草,huà ruò yǎn cǎo
化外之民,huà wài zhī mín
化为泡影,huà wéi pāo yǐng
化为乌有,huà wéi wū yǒu
化险为夷,huà xiǎn wéi yí
化枭为鸠,huà xiāo wéi jiū
化性起伪,huà xìng qǐ wěi
化整为零,huà zhěng wéi líng
划地为牢,huá dì wéi láo
划一不二,huà yī bù èr
划粥割齑,huà zhōu gē jīu
画饼充饥,huà bǐng chōng jī
画荻和丸,huà dí huò wán
画荻教子,huà dí jiào zǐ
画荻丸熊,huà dí wán xióng
画地成牢,huà dì chéng láo
画地成图,huà dì chéng tú
画地而趋,huà dì ér qū
画地刻木,huà dì kè mù
画地为牢,huà dì wéi láo
画地为狱,huà dì wéi yù
画地作狱,huà dì zuò yù
画栋雕梁,huà dòng diāo liáng
画栋飞甍,huà dòng fēi méng
画符念咒,huà fú niàn zhòu
画虎不成,huà hǔ bù chéng
画虎成狗,huà hǔ chéng gǒu
画虎刻鹄,huà hǔ kè hú
画虎类狗,huà hǔ lèi gǒu
画虎类犬,huà hǔ lèi quǎn
画疆墨守,huà jiāng mò shǒu
画梁雕栋,huà liáng diāo dòng
画龙点睛,huà lóng diǎn jīng
画龙点晴,huà lóng diǎn jīng
画龙刻鹄,huà lóng kè hú
画卵雕薪,huà luǎn diāo xīn
画眉举案,huà méi jǔ àn
画沙聚米,huà shā jù mǐ
画沙印泥,huà shā yìn ní
画蛇添足,huà shé tiān zú
画蛇著足,huà shé zhuó zú
画水镂冰,huà shuǐ lòu bīng
画土分疆,huà tǔ fēn jiāng
画野分疆,huà yě fēn jiāng
画一之法,huà yī zhī fǎ
画意诗情,huà yì shī qíng
画蚓涂鸦,huà yǐn tú yā
画脂镂冰,huà zhī lòu bīng
画中有诗,huà zhōng yǒu shī
话不投机,huà bù tóu jī
话不相投,huà bù xiāng tóu
话不虚传,huà bù xū chuán
话长说短,huà cháng shuō duǎn
话里藏阄,huà lǐ cáng jiū
话里带刺,huà lǐ dài cì
话里有刺,huà lǐ yǒu cì
话里有话,huà lǐ yǒu huà
话言话语,huà yán huà yǔ
话中带刺,huà zhōng dài cì
话中有话,huà zhōng yǒu huà
怀宝迷邦,huái bǎo mí bāng
怀璧其罪,huái bì qí zuì
怀才抱器,huái cái bào qì
怀才不遇,huái cái bū yù
怀材抱器,huái cái bào qì
怀道迷邦,huái dào mí bāng
怀敌附远,huái dí fù yuǎn
怀觚握椠,huái gū wò qiàn
怀恨在心,huái hèn zài xīn
怀黄佩紫,huái huáng pèi zǐ
怀黄握白,huái huáng wò bái
怀金垂紫,huái jīn chuí zǐ
怀金拖紫,huái jīn tuō zǐ
怀瑾握瑜,huái jǐn wò yú
怀铅提椠,huái qiān tí qiàn
怀铅握椠,huái qiān wò qiàn
怀柔天下,huai rou tian xia
怀山襄陵,huái shān xiāng líng
怀土之情,huái tǔ zhī qíng
怀银纡紫,huái yín yū zǐ
怀冤抱屈,huái yuān bào qū
怀真抱素,huái zhēn bào sù
怀质抱真,huái zhì bào zhēn
怀珠抱玉,huái zhū bào yù
怀珠韫玉,huái zhū yùn yù
怀着鬼胎,huái zhe guǐ tāi
徊肠伤气,huí cháng shāng qì
淮橘为枳,huái jú wéi zhǐ
淮南鸡犬,huái nán jī quǎn
淮王鸡狗,huái wáng jī gǒu
槐南一梦,huái nán yī mēng
坏法乱纪,huài fǎ luàn jì
坏人心术,huài rén xīn shù
坏裳为裤,huài shang wéi kù
坏植散群,huài zhí sàn qún
欢迸乱跳,huān bèng luàn tiào
欢蹦乱跳,huān bèng luàn tiào
欢忭鼓舞,huān biàn gǔ wǔ
欢呼鼓舞,huān hū gǔ wǔ
欢呼雀跃,huān hū qué yué
欢聚一堂,huān jù yī táng
欢若平生,huān ruò píng shēng
欢声雷动,huān shēng léi dòng
欢天喜地,huān tiān xǐ dì
欢喜若狂,huān xǐ ruò kuáng
欢喜冤家,huān xǐ yuān jiā
欢忻鼓舞,huān xīn gǔ wǔ
欢欣鼓舞,huān xīn gǔ wǔ
欢欣若狂,huān xīn ruò kuáng
还淳反古,huán chún fǎn gǔ
还淳反朴,huán chún fǎn pǔ
还淳反素,huán chún fǎn sù
还淳返朴,huán chún fǎn pǔ
还醇返朴,huán chún fǎn pǔ
还年却老,huán nián què lǎo
还年卻老,huán nián què lǎo
还年驻色,huán nián zhù sè
还朴反古,huán pǔ fǎn gǔ
还我河山,huán wǒ hé shān
还乡昼锦,huán xiāng zhòu jǐn
还元返本,huán yuán fǎn běn
还原反本,huán yuán fǎn běn
还珠返璧,huán zhū fǎn bì
还珠合浦,huán zhū hé pǔ
还珠买椟,huán zhū mǎi dú
环堵萧然,huán dǔ xiāo rán
环肥燕瘦,huán féi yàn shòu
缓兵之计,huǎn bīng zhī jì
缓不济急,huǎn bù jì jí
缓步代车,huǎn bù dài chē
缓急轻重,huǎn jí qīng zhòng
缓急相济,huǎn jí xiāng jì
宦海风波,huàn hǎi fēng bō
宦海浮沉,huàn hǎi fú chén
换斗移星,huàn dǒu yí xīng
换骨夺胎,huàn gǔ duó tāi
换骨脱胎,huàn gǔ tuō tāi
换日偷天,huàn rì tōu tiān
换羽移宫,huàn yǔ yí gōng
涣尔冰开,huàn ěr bīng kāi
涣发大号,huàn fā dà hào
涣汗大号,huàn hàn dà hào
涣然冰释,huàn rán bīng shì
涣如冰释,huàn rú bīng shì
涣若冰释,huàn ruò bīng shì
涣若冰消,huàn ruò bīng xiāo
患得患失,huàn dé huàn shī
患难夫妻,huàn nàn fū qī
患难与共,huàn nàn yǔ gòng
患难之交,huàn nàn zhī jiāo
患至呼天,huàn zhì hū tiān
焕然如新,huàn rán rú xīn
焕然一新,huàn rán yī xīn
擐甲挥戈,huàn jiǎ huī gē
擐甲执兵,huàn jiǎ zhí bīng
荒诞不经,huāng dàn bù jīng
荒诞无稽,huāng dàn wú jī
荒谬绝伦,huāng miù jué lún
荒时暴月,huāng shí bào yuè
荒唐无稽,huāng táng wú jī
荒无人烟,huāng wú rén yān
荒淫无耻,huāng yín wú chǐ
荒淫无道,huāng yín wú dào
荒淫无度,huāng yín wú dù
慌不择路,huāng bù zé lù
慌慌张张,huāng huāng zhāng zhāng
慌手慌脚,huāng shǒu huāng jiǎo
慌手忙脚,huāng shǒu máng jiǎo
慌作一团,huāng zuò yī tuán
慌做一团,huāng zuò yī tuán
皇亲国戚,huáng qīn guó qī
皇天后土,huáng tiān hòu tǔ
黄尘清水,huáng chén qīng shuǐ
黄道吉日,huáng dào jí rì
黄耳传书,huáng ěr chuán shū
黄发垂髫,huáng fà chuí tiáo
黄发儿齿,huáng fà ér chǐ
黄发骀背,huáng fā dài bèi
黄发台背,huáng fā tái bèi
黄发鲐背,huáng fā tái bèi
黄风雾罩,huáng fēng wù zhào
黄干黑廲,huáng gān hēi sōu
黄公酒垆,huáng gōng jiǔ lú
黄冠草服,huáng guàn cǎo fú
黄冠草履,huáng guàn cǎo lǚ
黄冠野服,huáng guàn yě fú
黄河水清,huáng hé shuǐ qīng
黄花晚节,huáng huā wǎn jié
黄齑白饭,huáng jī bái fàn
黄齑淡饭,huáng jī dàn fàn
黄金时代,huáng jīn shí dài
黄金时间,huáng jīn shí jiān
黄金世界,huáng jīn shì jiè
黄金铸象,huáng jīn zhù xiàng
黄卷青灯,huáng juàn qīng dēng
黄卷幼妇,huáng juàn yòu fù
黄绢幼妇,huáng juàn yòu fù
黄口孺子,huáng kǒu rú zǐ
黄口小儿,huáng kǒu xiǎo ér
黄梁美梦,huáng liáng měi mèng
黄梁一梦,huáng liáng yī mèng
黄粱美梦,huáng liáng měi mèng
黄粱一梦,huáng liáng yī mèng
黄龙痛饮,huáng lóng tòng yǐn
黄垆之痛,huáng lú zhī tòng
黄麻紫泥,huáng má zǐ ní
黄麻紫书,huáng má zǐ shū
黄茅白苇,huáng máo bái wěi
黄绵袄子,huáng mián ǎo zǐ
黄袍加身,huáng páo jiā shēn
黄袍加体,huáng páo jiā tǐ
黄皮刮廲,huáng pí guā sōu
黄皮寡廲,huáng pí guǎ sōu
黄旗紫盖,huáng qí zǐ gài
黄泉之下,huáng quán zhī xià
黄雀伺蝉,huáng què sì chán
黄雀衔环,huáng què xián huán
黄雀在后,huáng què zài hòu
黄人捧日,huáng rén pěng rì
黄人守日,huáng rén shǒu rì
黄台之瓜,huáng tái zhī guā
黄汤淡水,huáng tāng dàn shuǐ
黄汤辣水,huáng tāng là shuǐ
黄天焦日,huáng tiān jiāo rì
黄童白颠,huáng tóng bái diān
黄童白叟,huáng tóng bái sǒu
黄童皓首,huáng tóng hào shǒu
黄杨厄闰,huáng yáng è rùn
黄钟长弃,huáng zhōng cháng qì
黄钟大吕,huáng zhōng dà lǚ
黄钟毁弃,huáng zhōng huǐ qì
黄钟瓦釜,huáng zhōng wǎ fǔ
黄锺毁弃,huáng zhōng huǐ qì
黄锺瓦缶,huáng zhōng wǎ fǒu
惶惶不安,huáng huáng bù ān
惶恐不安,huáng kǒng bù ān
潢池盗弄,huáng shi dào nòng
潢池弄兵,huáng chí nòng bīng
恍恍荡荡,huǎng huǎng dàng dàng
恍然大悟,huǎng rán dà wù
恍然若失,huǎng rán ruò shī
恍如隔世,huǎng rú gé shì
恍如梦境,huǎng rú mèng jìng
恍如梦寐,huǎng rú mèng mèi
灰飞烟灭,huī fēi yān miè
灰躯糜骨,huī qū mí gǔ
灰容土貌,huī róng tǔ mào
灰身粉骨,huī shēn fěn gǔ
灰身灭智,huī shēn miè zhì
灰身泯智,huī shēn mǐn zhì
灰头土脸,huī tóu tǔ liǎn
灰头土面,huī tóu tǔ miàn
灰心短气,huī xīn duǎn qì
灰心槁形,huī xīn gǎo xíng
灰心丧气,huī xīn sàng qì
灰心丧意,huī xīn sàng yì
灰烟瘴气,huī yān zhàng qì
恢诡谲怪,huī guǐ jué guài
恢恑憰怪,huī guǐ lián guài
恢宏大度,huī hóng dà dù
恢恢有余,huī huī yǒu yú
恢廓大度,huī kuò dà dù
挥斥八极,huī chì bā jí
挥戈反日,huī gē fǎn rì
挥戈返日,huī gē fǎn rì
挥戈回日,huī gē huí rì
挥戈退日,huī gē tuì rì
挥汗成雨,huī hàn chéng yǔ
挥汗如雨,huī hàn rú yǔ
挥翰临池,huī hàn lín chí
挥毫落纸,huī háo luò zhǐ
挥霍无度,huī huò wú dù
挥剑成河,huī jiàn chéng hé
挥金如土,huī jīn rú tǔ
挥沐吐餐,huī mù tǔ cān
挥日阳戈,huī rì yáng gē
挥洒自如,huī sǎ zì rú
晖光日新,huī guāng rì xīn
辉光日新,huī guāng rì xīn
辉煌金碧,huī huáng jīn bì
麾之即去,huī zhī jì qù
隳胆抽肠,huī dǎn chōu cháng
隳肝尝胆,huī gān cháng dǎn
隳肝沥胆,huī gān lì dǎn
隳节败名,huī jié bài míng
回肠百转,huí cháng bǎi zhuǎn
回肠寸断,huí cháng cùn duàn
回肠荡气,huí cháng dàng qì
回肠九转,huí cháng jiǔ zhuǎn
回肠伤气,huí cháng shāng qì
回嗔作喜,huí chēn zuò xǐ
回筹转策,huí chóu zhuǎn cè
回船转舵,huí chuán zhǎn duò
回春妙手,huí chūn miào shǒu
回春之术,huí chūn zhī shù
回干就湿,huí gān jiù shī
回光反照,huí guāng fǎn zhào
回光返照,huí guāng fǎn zhào
回黄转绿,huí huáng zhuǎn lǜ
回眸一笑,huí móu yī xiào
回山倒海,huí shān dǎo hǎi
回山转海,huí shān zhuǎn hǎi
回生起死,huí shēng qǐ sǐ
回天倒日,huí tiān dǎo rì
回天乏术,huí tiān fá shù
回天挽日,huí tiān wǎn rì
回天无力,huí tiān wú lì
回天运斗,huí tiān yùn dǒu
回天之力,huí tiān zhī lì
回天转地,huí tiān zhuǎn dì
回头是岸,huí tóu shì àn
回味无穷,huí wèi wú qióng
回文织锦,huí wén zhī jǐn
回邪入正,huí xié rù zhèng
回心转意,huí xīn zhuǎn yì
悔不当初,huǐ bù dāng chū
悔读南华,huǐ dú nán huá
悔过自新,huǐ guò zì xīn
悔过自责,huǐ guò zì zè
悔恨交加,huǐ hèn jiāo jiā
悔其少作,huǐ qí shǎo zuò
悔之不及,huǐ zhī bù jí
悔之晚矣,huǐ zhī wǎn yǐ
悔之无及,huǐ zhī wú jí
悔罪自新,huǐ zuì zì xīn
会道能说,huì dào néng shuō
会逢其适,huì féng qí shì
会家不忙,huì jiā bù máng
会少离多,huì shǎo lí duō
会者不忙,huì zhě bù máng
讳兵畏刑,huì bīng wèi xíng
讳恶不悛,huì è bù quān
讳疾忌医,huì jí jì yī
讳莫高深,huì mò gāo shēn
讳莫如深,huì mò rú shēn
讳树数马,huì shù shù mǎ
绘声绘色,huì shēng huì sè
绘声绘影,huì shēng huì yǐng
绘影绘声,huì yǐng huì shēng
荟萃一堂,huì cuì yī táng
诲盗诲淫,huì dào huì yín
诲奸导淫,huì jiān dǎo yín
诲人不倦,huì rén bù juàn
诲人不惓,huì rén bù tiě
诲淫诲盗,huì yín huì dào
贿货公行,huì huò gōng xíng
贿赂并行,huì lù bìng xíng
贿赂公行,huì lù gōng xíng
彗泛画涂,huì fàn huà tú
彗汜画涂,huì sì huà tú
晦迹韬光,huì jì tāo guāng
晦盲否塞,huì máng pǐ sè
秽德垢行,huì dé gòu xíng
秽言污语,huì yán wū yǔ
喙长三尺,huì cháng sān chǐ
惠而不费,huì ér bù fèi
惠风和畅,huì fēng hé chàng
惠然肯来,huì rán kěn lái
惠然之顾,huì rán zhī gù
惠子知我,huì zǐ zhī wǒ
毁不灭性,huǐ bù miè xìng
毁不危身,huǐ bù wēi shēn
毁车杀马,huǐ chē shā mǎ
毁方投圆,huǐ fāng tóu yuán
毁方瓦合,huǐ fāng wǎ hé
毁风败俗,huǐ fēng bài sú
毁冠裂裳,huǐ guān liè cháng
毁家纾国,huǐ jiā shū guó
毁家纾难,huǐ jiā shū nàn
毁瓦画墁,huǐ wǎ huà màn
毁形灭性,huǐ xíng miè xìng
毁于一旦,huǐ yú yī dàn
毁誉不一,huǐ yù bù yī
毁誉参半,huǐ yù cān bàn
毁钟为铎,huǐ zhōng wéi duó
毁舟为杕,huǐ zhōu wéi duò
毁宗夷族,huǐ zōng yí zú
慧心妙舌,huì xīn miào shé
慧心巧思,huì xīn qiǎo sī
慧业才人,huì yè cái rén
慧业文人,huì yè wén rén
蕙心兰质,huì xīn lán zhì
蕙心纨质,huì xīn wán zhì
昏定晨省,hūn dìng chén xǐng
昏昏沉沉,hūn hūn chén chén
昏昏噩噩,hūn hūn è è
昏昏浩浩,hūn hūn hào hào
昏昏默默,hūn hūn mò mò
昏昏欲睡,hūn hūn yù shuì
昏镜重明,hūn jìng chóng míng
昏镜重磨,hūn jìng chóng mó
昏聩无能,hūn kuì wú néng
昏迷不省,hūn mí bù xǐng
昏迷不醒,hūn mí bù xǐng
昏天暗地,hūn tiān àn dì
昏天黑地,hūn tiān hēi dì
昏头搭脑,hūn tóu dā nǎo
昏头打脑,hūn tóu dǎ nǎo
昏头昏脑,hūn tóu hūn nǎo
昏头晕脑,hūn tóu yūn nǎo
昏头转向,hūn tóu zhuǎn xiàng
昏庸无道,hūn yōng wú dào
浑浑沉沉,hún hún shěn chén
浑浑沌沌,hún hún dùn dùn
浑浑噩噩,hún hún è è
浑金白玉,hún jīn bái yù
浑金璞玉,hún jīn pú yù
浑沦吞枣,hún lún tūn zǎo
浑然天成,hún rán tiān chéng
浑然无知,hún rán wú zhī
浑然一体,hún rán yī tǐ
浑然自成,hún rán zì chéng
浑身解数,hún shēn xiè shù
浑身是胆,hún shēn shì dǎn
浑水摸鱼,hún shuǐ mō yú
浑俗和光,hún sú hé guāng
魂不负体,hún bù fù tǐ
魂不附体,hún bù fù tǐ
魂不赴体,hún bù fù tǐ
魂不守舍,hún bù shǒu shè
魂不守宅,hún bù shǒu zhái
魂不著体,hún bù zhuó tǐ
魂不着体,hún bù zhuó tǐ
魂惭色褫,hún cán sè chǐ
魂驰梦想,hún chí mèng xiǎng
魂颠梦倒,hún diān mèng dǎo
魂飞胆颤,hún fēi dǎn chàn
魂飞胆裂,hún fēi dǎn liè
魂飞胆落,hún fēi dǎn luò
魂飞胆破,hún fēi dǎn pò
魂飞胆丧,hún fēi dǎn sàng
魂飞胆战,hún fēi dǎn zhàn
魂飞目断,hún fēi mù duàn
魂飞魄荡,hún fēi pò dàng
魂飞魄散,hún fēi pò sàn
魂飞魄丧,hún fēi pò sāng
魂飞魄飏,hún fēi pò shān
魂飞魄越,hún fēi pò yuè
魂飞神丧,hún fēi shén sàng
魂飞天外,hún fēi tiān wài
魂耗魄丧,hún hào pò sàng
魂惊胆颤,hún jīng dǎn chàn
魂惊胆落,hún jīng dǎn luò
魂惊魄落,hún jīng pò luò
魂惊魄惕,hún jīng pò tì
魂劳梦断,hún láo mèng duàn
魂飘魄散,hún piāo pò sàn
魂飘神荡,hún piāo shén dàng
魂牵梦萦,hún qiān mèng yíng
魂丧神夺,hún sàng shén duó
魂慑色沮,hún shè sè jǔ
魂慴色沮,hún shè sè jǔ
魂亡胆落,hún wáng dǎn luò
魂亡魄失,hún wáng pò shī
魂消胆丧,hún xiāo dǎn sàng
魂消魄夺,hún xiāo pò duó
魂消魄丧,hún xiāo pò sàng
魂销肠断,hún xiāo cháng duàn
魂销目断,hún xiāo mù duàn
魂摇魄乱,hún yáo pò luàn
混沌不分,hùn dùn bù fēn
混混沌沌,hùn hùn dùn dùn
混混噩噩,hún hún è è
混混泇泇,hùn hùn chā kē
混然天成,hùn rán tiān chéng
混然一体,hún rán yī tǐ
混世魔王,hùn shì mó wáng
混水捞鱼,hùn shuǐ lāo yú
混水摸鱼,hùn shuǐ mō yú
混俗和光,hùn sú hé guāng
混为一谈,hùn wéi yī tán
混淆黑白,hùn xiáo hēi bái
混淆视听,hùn xiáo shì tīng
混淆是非,hùn xiáo shì fēi
混应滥应,hùn yīng làn yīng
混作一谈,hùn zuò yī tán
豁达大度,huò dá dà dù
豁口截舌,huō kǒu jié shé
豁然大悟,huò rán dà wù
豁然顿悟,huò rán dùn wù
豁然贯通,huò rán guàn tōng
豁然开朗,huò rán kāi lǎng
豁然开悟,huò rán kāi wù
豁然确斯,huò rán què sī
豁然省悟,huò rán xǐng wù
豁人耳目,huò rén ěr mù
活蹦活跳,huó bèng huó tiào
活蹦乱跳,huó bèng luàn tiào
活剥生吞,huó bāo shēng tūn
活灵活现,huó líng huó xiàn
活龙活现,huó lóng huó xiàn
活龙鲜健,huó lóng xiān jiàn
活神活现,huó shén huó xiàn
活天冤枉,huó tiān yuān wǎng
活形活现,huó xíng huó xiàn
活眼活现,huó yǎn huó xiàn
活眼现报,huó yǎn xiàn bào
火耕流种,huǒ gēng liú zhǒng
火耕水耨,huǒ gēng shuǐ nòu
火耕水种,huǒ gēng shuǐ zhòng
火光烛天,huǒ guāng zhú tiān
火海刀山,huǒ hǎi dāo shān
火急火燎,huǒ jí huǒ liǎo
火尽灰冷,huǒ jìn huī lěng
火尽薪传,huǒ jìn xīn chuán
火龙黼黻,huǒ lóng fǔ fú
火冒三尺,huǒ mào sān chǐ
火冒三丈,huǒ mào sān zhàng
火灭烟消,huǒ miè yān xiāo
火耨刀耕,huǒ nòu dāo gēng
火妻灰子,huǒ qī huī zǐ
火然泉达,huǒ rán quán dá
火热水深,huǒ rè shuǐ shēn
火伞高张,huǒ sǎn gāo zhāng
火山汤海,huǒ shān tāng hǎi
火上加油,huǒ shàng jiā yóu
火上浇油,huǒ shàng jiāo yóu
火上弄冰,huǒ shàng nòng bīng
火上添油,huǒ shàng tiān yóu
火烧火燎,huǒ shāo huǒ liǎo
火烧眉毛,huǒ shāo méi máo
火树琪花,huǒ shù qí huā
火树银花,huǒ shù yín huā
火眼金睛,huǒ yǎn jīn jīng
火中取栗,huǒ zhōng qǔ lì
火烛小心,huǒ zhú xiǎo xīn
火烛银花,huǒ zhú yín huā
货而不售,huo er bu shou
货贿公行,huò huì gōng xíng
货赂大行,huò lù dà xíng
货赂公行,huò lù gōng xíng
货真价实,huò zhēn jià shí
获隽公车,huò jūn gōng chē
获陇望蜀,huò lǒng wāng shǔ
获兔烹狗,huò tù pēng gǒu
祸不单行,huò bù dān xíng
祸不旋踵,huò bù xuán zhǒng
祸从口出,huò cóng kǒu chū
祸从口生,huò cóng kǒu shēng
祸从天降,huò cóng tiān jiàng
祸福同门,huò fú tóng mén
祸福惟人,huò fú wéi rén
祸福无常,huò fú wú cháng
祸福无门,huò fú wú mén
祸福相生,huò fú xiāng shēng
祸福相依,huò fú xiāng yī
祸福相倚,huò fú xiāng yī
祸福倚伏,huò fú yǐ fú
祸福由人,huò fú yóu rén
祸福有命,huò fú yǒu mìng
祸福之门,huò fú zhī mén
祸国殃民,huò guó yāng mín
祸及池鱼,huò jí shi yú
祸结兵连,huò jié bīng lián
祸近池鱼,huò jìn shi yú
祸绝福连,huò jué fú lián
祸乱滔天,huò luàn tāo tiān
祸迫眉睫,huò pò méi jié
祸起萧墙,huò qǐ xiāo qiáng
祸稔恶积,huò rěn è jī
祸生肘腋,huò shēng zhǒu yè
祸首罪魁,huò shǒu zuì kuí
祸为福先,huò wéi fú xiān
祸盈恶稔,huò yíng è rěn
祸在旦夕,huò zài dàn xī
祸枣灾梨,huò zǎo zāi lí
祸中有福,huò zhōng yǒu fú
惑世盗名,huò shì dào míng
惑世诬民,huò shì wū mín
霍然而愈,huò rán ér yù
蠖屈不伸,huò qū bù shēn
蠖屈求伸,huò qū qiú shēn
击鞭锤镫,jī biān chuí dèng
击钵催诗,jī bō cuī shī
击搏挽裂,jī bó wǎn liè
击电奔星,jī diàn bēn xīng
击毂摩肩,jī gǔ mó jiān
击鼓鸣金,jī gǔ míng jīn
击楫中流,jī jí zhōng liú
击节称赏,jī jié chēng shǎng
击节叹赏,jī jié tàn shǎng
击排冒没,jī pái mào mò
击其不意,jī qí bù yì
击壤鼓腹,jī rǎng gǔ fù
击石弹丝,jī shí tán sī
击碎唾壶,jī suì tuò hú
击玉敲金,jī yù qiāo jīn
击中要害,jī zhòng yào hài
击钟陈鼎,jī zhōng chén dǐng
击钟鼎食,jī zhōng dǐng shí
击筑悲歌,jī zhù bēi gē
饥饱劳役,jī bǎo láo yì
饥不遑食,jī bù huáng shí
饥不暇食,jī bù xiá shí
饥不择食,jī bù zé shí
饥飡渴饮,jī cān kě yǐn
饥餐渴饮,jī cān kě yǐn
饥肠辘辘,jī cháng lù lù
饥冻交切,jī dòng jiāo qiē
饥附饱飏,jī fù bǎo yáng
饥寒交凑,jī hán jiāo còu
饥寒交迫,jī hán jiāo pò
饥寒交切,jī hán jiāo qiē
饥寒交至,jī hán jiāo zhì
饥火烧肠,jī huǒ shāo cháng
饥馑荐臻,jī jǐn jiàn zhēn
饥渴交攻,jī kě jiāo gōng
饥驱叩门,jī qū kòu mén
饥焰中烧,jī yàn zhōng shāo
饥鹰饿虎,jī yīng è hǔ
机变如神,jī biàn rú shén
机不可失,jī bù kě shī
机不容发,jī bù róng fā
机不旋踵,jī bù xuán zhǒng
机关算尽,jī guān suàn jìn
机关用尽,jī guān yòng jìn
机难轻失,jī nán qīng shī
机事不密,jī shì bù mì
机心械肠,jī xīn xiè cháng
机杼一家,jī zhù yī jiā
肌劈理解,jī pī lǐ jiě
鸡不及凤,jī bù jí fèng
鸡肠狗肚,jī cháng gǒu dù
鸡虫得丧,jī chóng dé sàng
鸡虫得失,jī chóng dé shī
鸡飞蛋打,jī fēi dàn dǎ
鸡飞狗叫,jī fēi gǒu jiào
鸡飞狗跳,jī fēi gǒu tiào
鸡飞狗走,jī fēi gǒu zǒu
鸡肤鹤发,jī fū hè fā
鸡骨支床,jī gǔ zhī chuáng
鸡零狗碎,jī líng gǒu suì
鸡毛蒜皮,jī máo suàn pí
鸡鸣而起,jī míng ér qǐ
鸡鸣狗盗,jī míng gǒu dào
鸡鸣狗吠,jī míng gǒu fèi
鸡鸣候旦,jī míng hòu dàn
鸡鸣戒旦,jī míng jiè dàn
鸡鸣起舞,jī míng qǐ wǔ
鸡鸣犬吠,jī míng quǎn fèi
鸡鸣馌耕,jī míng gǒu gēng
鸡皮鹤发,jī pí hè fà
鸡栖凤巢,jī qī fèng cháo
鸡犬不安,jī quǎn bù ān
鸡犬不惊,jī quǎn bù jīng
鸡犬不留,jī quǎn bù liú
鸡犬不宁,jī quǎn bù níng
鸡犬不闻,jī quǎn bù wén
鸡犬皆仙,jī quǎn jiē xiān
鸡犬桑麻,jī quǎn sāng má
鸡犬升天,jī quǎn shēng tiān
鸡犬无惊,jī quǎn wú jīng
鸡犬相闻,jī quǎn xiāng wén
鸡声鹅斗,jī shēng é dòu
鸡尸牛从,jī shī niú cóng
鸡头鱼刺,jī tóu yú cì
鸡豚之息,jī tún zhī xī
鸡鹜相争,jī wù xiāng zhēng
鸡鹜争食,jī wù zhēng shí
鸡胸龟背,jī xiōng guī bèi
鸡争鹅斗,jī zhēng é dòu
屐齿之折,jī chǐ zhī zhé
积案盈箱,jī àn yíng xiāng
积本求原,jī běn qiú yuán
积不相能,jī bù xiāng néng
积草屯粮,jī cǎo tún liáng
积谗糜骨,jī chán méi gǔ
积谗磨骨,jī chán mó gǔ
积德累功,jī dé lěi gōng
积德累仁,jī dé lěi rén
积德累善,jī dé lěi shàn
积讹成蠹,jī é chéng dù
积恶余殃,jī è yú yāng
积非成是,jī fēi chéng shì
积非习贯,jī fēi xí guàn
积功兴业,jī gōng xīng yè
积谷防饥,jī gǔ fáng jī
积厚成器,jī hòu chéng qì
积厚流光,jī hòu liú guāng
积毁消骨,jī huǐ xiāo gǔ
积毁销骨,jī huǐ xiāo gǔ
积毁销金,jī huǐ xiāo jīn
积基树本,jī jī shù běn
积甲如山,jī jiǎ rú shān
积甲山齐,jī jiǎ shān qí
积简充栋,jī jiǎn chōng dòng
积金累玉,jī jīn lèi yù
积劳成病,jī láo chéng bìng
积劳成疾,jī láo chéng jí
积露为波,jī lù wéi bō
积年累岁,jī nián lěi suì
积年累月,jī nián lěi yuè
积日累久,jī rì lěi jiǔ
积日累岁,jī rì lěi suì
积日累月,jī rì lěi yuè
积沙成塔,jī shā chéng tǎ
积沙成滩,jī shā chéng tān
积善成德,jī shàn chéng dé
积善余庆,jī shàn yú qìng
积少成多,jī shǎo chéng duō
积时累日,jī shí lěi rì
积水成渊,jī shuǐ chéng yuān
积思广益,jī sī guǎng yì
积素累旧,jī sù lěi jiù
积岁累月,jī suì lěi yuè
积土成山,jī shuǐ wéi shān
积微成著,jī wēi chéng zhù
积习成俗,jī xí chéng sú
积习难除,jī xí nán chú
积习难改,jī xí nán gǎi
积习生常,jī xí shēng cháng
积小成大,jī xiǎo chéng dà
积薪厝火,jī xīn cuò huǒ
积薪候燎,jī xīn hòu liáo
积羞成怒,jī xiū chéng nù
积雪封霜,jī xuě fēng shuāng
积雪囊萤,jī xuě náng yíng
积以为常,jī yǐ wéi cháng
积忧成疾,jī yōu chéng jí
积羽沉舟,jī yǔ chén zhōu
积玉堆金,jī yù duī jīn
积重不反,jī zhòng bù fǎn
积重不返,jī zhòng bù fǎn
积重难反,jī zhòng nán fǎn
积重难返,jī zhòng nán fǎn
积铢累寸,jī zhū lěi cùn
绩学之士,jì xué zhī shì
赍粮藉寇,jī liáng jiè kòu
赍志而没,jī zhì ér mò
赍志而殁,jī zhì ér mò
赍志以没,jī zhì yǐ méi
赍志以殁,jī zhì yǐ mò
畸流洽客,jī liú qià kè
畸流逸客,jī liú yì kè
畸轻畸重,jī qīng jī zhòng
畸重畸轻,jī zhòng jī qīng
跻峰造极,jī fēng zào jí
箕风毕雨,jī fēng bì yǔ
箕裘相继,jī qiú xiāng jì
箕山挂瓢,jī shān guà piáo
箕山之操,jī shān zhī cāo
箕山之风,jī shān zhī fēng
箕山之节,jī shān zhī jié
箕山之志,jī shān zhī zhì
箕引裘随,jī yǐn qiú suí
箕帚之使,jī zhǒu zhī shǐ
稽古揆今,jī gǔ zhèn jīn
稽古振今,jī gǔ zhèn jīn
稽疑送难,jī yí sòng nán
齑身粉骨,jī shēn fěn gǔ
激昂慷慨,jī áng kāng kǎi
激薄停浇,jī bó tíng jiāo
激忿填膺,jī fèn tián yīng
激贪厉俗,jī tān lì sú
激扬清浊,jī yáng qīng zhuó
激浊扬清,jī zhuó yáng qīng
及宾有鱼,jí bīn yoǔ yú
及第成名,jí dì chéng míng
及锋而试,jí fēng ér shì
及瓜而代,jí guā ér dài
及笄年华,jí jī nián huá
及溺呼船,jí nì hū chuán
及时行乐,jí shí xíng lè
吉光凤羽,jí guāng fèng yǔ
吉光片裘,jí guāng piàn qiú
吉光片羽,jí guāng piàn yǔ
吉人天相,jí rén tiān xiàng
吉日良辰,jí rì liáng chén
吉日良时,jí rì liáng shí
吉网罗钳,jí wǎng luó qián
吉祥如意,jí xiáng rú yì
吉祥止止,jí xiáng zhǐ zhǐ
吉星高照,jí xīng gāo zhào
吉凶祸福,jí xiōng huò fú
吉凶未卜,jí xiōng wèi bǔ
岌岌可危,jí jí kě wēi
汲古阁本,jí gǔ gé běn
汲汲顾影,jí jí gù yǐng
汲汲皇皇,jí jí huáng huáng
汲汲忙忙,ji ji mang mang
汲深绠短,jí shēn gěng duǎn
汲引忘疲,jí yǐn wàng pí
即景生情,jí jǐng shēng qíng
即鹿无虞,jí lù wú yú
即事穷理,jí shì qióng lǐ
即温听厉,jí wēn tīng lì
即物穷理,jí wù qióng lǐ
即小见大,jí xiǎo jiàn dà
即兴之作,jí xìng zhī zuò
极本穷源,jí běn qióng yuán
极恶不赦,jí è bù shè
极恶穷凶,jí è qióng xiōng
极而言之,jí ér yán zhī
极古穷今,jí gǔ qióng jīn
极口项斯,jí kǒu xiàng sī
极乐世界,jí lè shì jiè
极目迥望,jí mù jiǒng wàng
极目远眺,jí mù yuǎn tiào
极目远望,jí mù yuǎn wàng
极情尽致,jí qíng jìn zhì
极情纵欲,jí qíng zòng yù
极深研几,jí shēn yán jī
极深研幾,jí shēn yán jī
极寿无疆,jí shòu wú jiāng
极天际地,jí tiān jì dì
极天蟠地,jí tiān pán dì
极天罔地,jí tiān wǎng dì
极往知来,jí wǎng zhī lái
极武穷兵,jí wǔ qióng bīng
极则必反,jí zé bì fǎn
极智穷思,jí zhì qióng sī
极重不反,jí zhòng bù fǎn
极重难返,jí zhòng nán fǎn
亟疾苛察,jí jí kē chá
佶屈聱牙,jí qū áo yá
急病让夷,jí bìng ràng yí
急不及待,jí bù jí dài
急不可待,jí bù kě dài
急不可耐,jí bù kě nài
急不暇择,jí bù xiá zé
急不择路,jí bù zé lù
急不择途,jí bù zé tú
急不择言,jí bù zé yán
急赤白脸,jí chì bái liǎn
急杵捣心,jí chǔ dǎo xīn
急处从宽,jí chù cóng kuān
急风暴雨,jí fēng bào yǔ
急风骤雨,jí fēng zhòu yǔ
急公好施,jí gōng hào shī
急公好义,jí gōng hào yì
急公近利,jí gōng jìn lì
急功好利,jí gōng hào lì
急功近利,jí gōng jìn lì
急功近名,jí gōng jìn míng
急管繁弦,jí guǎn fán xián
急景凋年,jí yǐng diāo nián
急景流年,jí jǐng liú nián
急吏缓民,jí lì huǎn mín
急敛暴征,jí liǎn bào zhēng
急流勇进,jí liú yǒng jìn
急流勇退,jí liú yǒng tuì
急脉缓灸,jí mài huǎn jiù
急脉缓受,jí mài huǎn shòu
急拍繁弦,jí pāi fán xián
急起直追,jí qǐ zhí zhuī
急人之困,jí rén zhī kùn
急人之难,jí rén zhī nán
急如风火,jí rú fēng huǒ
急如星火,jí rú xīng huǒ
急痛攻心,jí tòng gōng xīn
急于求成,jí yú qiú chéng
急于事功,jí yú shì gōng
急于星火,jí yú xīng huǒ
急张拘诸,jí zhāng jū zhū
急中生智,jí zhōng shēng zhì
急竹繁丝,jí zhú fán sī
急转直下,jí zhuǎn zhí xià
疾病相扶,jí bìng xiāng fú
疾不可为,jí bù kě wéi
疾恶如仇,jí è rú chóu
疾恶如雠,jí è rú chóu
疾恶如风,jí è rú fēng
疾恶若雠,jí è ruò chóu
疾风暴雨,jí fēng bào yǔ
疾风劲草,jí fēng jìn cǎo
疾风甚雨,jí fēng shèn yǔ
疾风迅雷,jí fēng xùn léi
疾风骤雨,jí fēng zhòu yǔ
疾如雷电,jí rú léi diàn
疾如旋踵,jí rú xuán zhǒng
疾声厉色,jí shēng lì sè
疾首蹙额,jí shǒu cù é
疾首痛心,jí shǒu tòng xīn
疾言倨色,jí yán jù sè
疾言遽色,jí yán jù sè
疾言厉气,jí yán lì qì
疾言厉色,jí yán lì sè
疾言怒色,jí yán nù sè
疾雨暴风,jí yǔ bào fēng
疾走先得,jí zǒu xiān dé
疾足先得,jí zú xiān dé
戢鳞潜翼,jí lín qián yì
戢鳞委翼,jí lín wěi yì
棘地荆天,jí dì jīng tiān
集矢之的,jí shǐ zhī de
集思广议,jí sī guǎng yì
集思广益,jí sī guǎng yì
集腋成裘,jí yè chéng qiú
集腋为裘,jí yè wéi qiú
集萤映雪,jí yíng yìng xuě
集苑集枯,jí yuàn jí kū
嫉恶如仇,jí è rú chóu
嫉恶若仇,jí è ruò chóu
嫉贪如雠,jí tān rú chóu
嫉闲妒能,jí xián dù néng
嫉贤傲士,jí xián ào shì
嫉贤妒能,jí xián dù néng
辑志协力,jí zhì xié lì
瘠己肥人,jí jǐ féi rén
瘠牛羸豚,jí niú léi tún
瘠人肥己,jí rén féi jǐ
瘠义肥辞,jí yì féi cí
鹡鸰在原,xià líng zài yuán
蹐地局天,jí dì jú tiān
蹐地踨天,jí dì jú tiān
几不欲生,jī bù yù shēng
几次三番,jǐ cì sān fān
己饥己溺,jǐ jī jǐ nì
己溺己饥,jǐ nì jǐ jī
虮虱相吊,jǐ shī xiāng diào
挤眉溜眼,jǐ méi liū yǎn
挤眉弄眼,jǐ méi nòng yǎn
挤手捏脚,jǐ shǒ niē jiǎo
掎角之势,jǐ jiǎo zhī shì
掎挈伺诈,jǐ qiè sì zhà
掎裳连袂,jǐ cháng lián mèi
掎裳连襼,jǐ shang lián zhēng
戟指嚼舌,jǐ zhǐ jiáo shé
戟指怒目,jǐ zhǐ nǔ zhāng
计不反顾,jì bù fǎn gù
计不返顾,jì bù fǎn gù
计不旋跬,jì bù xuán kuǐ
计不旋踵,jì bù xuán zhǒng
计出万全,jì chū wàn quán
计出万死,jì chū wàn sǐ
计出无聊,jì chū wú liáo
计出无奈,jì chū wú nai
计绌方匮,jì chù fāng kuì
计斗负才,jì dòu fù cái
计伐称勋,jì fá chēng xūn
计功补过,jì gōng bǔ guò
计功程劳,jì gōng chéng láo
计功量罪,jì gōng liàng zuì
计功谋利,jì gōng móu lì
计功受爵,jì gōng shòu jué
计功受赏,jì gōng shòu shǎng
计功行封,jì gōng xíng fēng
计功行赏,jì gōng xíng shǎng
计过自讼,jì guò zì sòng
计合谋从,jì hé móu cóng
计获事足,jì huò shì zú
计将安出,jì jiāng ān chū
计较锱铢,jì jiào zī zhū
计尽力穷,jì jìn lì qióng
计穷力极,jì qióng lì jí
计穷力竭,jì qióng lì jié
计穷力尽,jì qióng lì jìn
计穷力诎,jì qióng lì qū
计穷力屈,jì qióng lì qū
计穷虑极,jì qióng lǜ jí
计穷虑尽,jì qióng lǜ jìn
计穷势蹙,jì qióng shì cù
计穷势迫,jì qióng shì pò
计穷途拙,jì qióng tú zhuō
计穷智短,jì qióng zhì duǎn
计穷智极,jì qióng zhì jí
计然之策,jì rán zhī cè
计然之术,jì rán zhī shù
计日程功,jì rì chéng gōng
计日而待,jì rì ér dài
计日而俟,jì rì ér sì
计日可待,jì rì kě dài
计日可期,jì rì kě qī
计日以待,jì rì yǐ dài
计日以期,jì rì yǐ qī
计日以俟,jì rì yǐ sì
计日指期,jì rì zhǐ qī
计日奏功,jì rì zòu gōng
计上心来,jì shàng xīn lái
计上心头,jì shàng xīn tóu
计深虑远,jì shēng lǜ yuǎn
计无返顾,jì wú fǎn gù
计无付之,jì wú fǔ zhī
计无复之,jì wú fù zhī
计无所出,jì wú suǒ chū
计无所施,jì wú suǒ shī
计无所之,jì wú suǒ zhī
计无由出,jì wú yóu chū
计行虑义,jì xíng lǜ yì
计行言听,jì xíng yán tīng
计勋行赏,jì xūn xíng shǎng
计研心算,jì yán xīn suàn
记功忘过,jì gōng wàng guò
记功忘失,jì gōng wàng shī
记问之学,jì wèn zhī xué
记忆犹新,jì yì yóu xīn
纪纲人论,jì gāng rén lún
纪群之交,jì qún zhī jiāo
际地蟠天,jì dì pán tiān
际会风云,jì huì fēng yún
际遇风云,jì yù fēng yún
季布一诺,jì bù yī nuò
季常之惧,jì cháng zhī jù
季常之癖,jì cháng zhī pǐ
季路一言,jì lù yī yán
季孟之间,jì mèng zhī jiān
季孙之忧,jì sūn zhī yōu
季友伯兄,jì yǒu bó xiōng
既成事实,jì chéng shì shí
既得利益,jì dé lì yì
既往不咎,jì wǎng bù jiù
济寒赈贫,jì hán zhèn pín
济河焚舟,jì hé fén zhōu
济济一堂,jǐ jǐ yī táng
济苦怜贫,jì kǔ lián pín
济困扶危,jì kùn fú wēi
济贫拔苦,jì pín bá kǔ
济窍飘风,jì qiào piāo fēng
济人利物,jì rén lì wù
济弱锄强,jì ruò chú qiáng
济弱扶倾,jì ruò fú qīng
济世安邦,jì shì ān bāng
济世安民,jì shì ān mín
济世安人,jì shì ān rén
济世救人,jì shì jiù rén
济世匡时,jì shì kuāng shí
济世之才,jì shì zhī cái
继古开今,jì gǔ kāi jīn
继晷焚膏,jì guǐ fén gāo
继继承承,jì jì chéng chéng
继继存存,jì jì cún cún
继继绳绳,jì jì mǐn mǐn
继绝存亡,jì jué cún wáng
继往开来,jì wǎng kāi lái
寂寂无闻,jì jì wú wén
寂然不动,jì rán bù dòng
寂然无声,jì rán wú shēng
寂若无人,jì ruò wú rén
寂天寞地,jì tiān mò dì
寄迹山林,jì jì shān lín
寄人篱下,jì rén lí xià
寄人檐下,jì rén yán xià
寄兴寓情,jì xìng yù qíng
寄颜无所,jì yán wú suǒ
寄雁传书,jì yàn chuán shū
霁风朗月,jī fēng lǎng yuè
霁月光风,jī yuè guāng fēng
稷蜂社鼠,jì fēng shè shǔ
骥伏盐车,jì fú yán chē
骥服盐车,jì fú yán chē
骥子龙文,jì zǐ lóng wén
加官进爵,jiā guān jìn jué
加官进禄,jiā guān jìn lù
加官晋爵,jiā guān jìn jué
加减乘除,jiā jiǎn chéng chú
加人一等,jiā rén yī děng
加膝坠泉,jiā xī zhuì quán
加膝坠渊,jiā xī zhuì yuān
加油加醋,jiā yóu jiā cù
加油添醋,jiā yóu tiān cù
加油添酱,jiā yóu tiān jiàng
加枝添叶,jiā zhī tiān yè
夹袋人物,jiā dài rén wù
夹七夹八,jiā qī jiā bā
夹枪带棒,jiā qiāng dài bàng
夹枪带棍,jiā qiāng dài gùn
佳兵不祥,jiā bīng bù xiáng
佳儿佳妇,jiā ér jiā fù
佳人薄命,jiā rén bó mìng
佳人才子,jiā rén cái zǐ
枷脰械手,jiā dòu xiè shǒu
浃背汗流,jiā bèi hàn liú
浃沦肌髓,jiā lún jī suǐ
浃髓沦肤,jiā suǐ lún fū
浃髓沦肌,jiā suǐ lún jī
家败人亡,jiā bài rén wáng
家藏户有,jiā cáng hù yǒu
家长礼短,jiā cháng lǐ duǎn
家长里短,jiā cháng lǐ duǎn
家常便饭,jiā cháng biàn fàn
家常茶饭,jiā cháng chá fàn
家常里短,jiā cháng lǐ duǎn
家成业就,jiā chéng yè jiù
家传户诵,jiā chuán hù sòng
家传户颂,jiā chuán hù sòng
家传人诵,jiā chuán rén sòng
家道从容,jiā dào cōng róng
家道消乏,jiā dào xiāo fá
家道小康,jiā dào xiǎo kāng
家道中落,jiā dào zhōng luò
家翻宅乱,jiā fān zhái luàn
家烦宅乱,jiā fán zhái luàn
家反宅乱,jiā fǎn zhái luàn
家给民足,jiā jǐ mín zú
家给人足,jiā jǐ rén zú
家鸡野鹜,jiā jī yě wù
家鸡野雉,jiā jī yě zhì
家骥人璧,jiā jì rén bì
家家户户,jiā jiā hù hù
家见户说,jiā jiàn hù shuō
家累千金,jiā lèi qiān jīn
家贫亲老,jiā pín qīn lǎo
家贫如洗,jiā pín rú xǐ
家破人离,jiā pò rén lí
家破人亡,jiā pò rén wáng
家破身亡,jiā pò shēn wáng
家散人亡,jiā sàn rén wáng
家徒壁立,jiā tú bì lì
家徒四壁,jiā tú sì bì
家亡国破,jiā wáng guó pò
家无常礼,jiā wú cháng lǐ
家无担石,jiā wú dàn shí
家无儋石,jiā wú dàn shí
家无斗储,jiā wú dòu chǔ
家无二主,jiā wú èr zhǔ
家弦户诵,jiā xián hù sòng
家学渊源,jiā xué yuān yuán
家殷人足,jiā yīn rén zú
家谕户晓,jiā yù hù xiǎo
家喻户习,jiā yù hù xí
家喻户晓,jiā yù hù xiǎo
家贼难防,jiā zéi nán fáng
家至户察,jiā zhì hù chá
家至户到,jiā zhì hù dào
家至户晓,jiā zhì hù xiǎo
家至人说,jiā zhì rén shuō
葭莩之亲,jiā fú zhī qīn
嘉言善行,jiā yán shàn xíng
嘉言善状,jiā yán shàn zhuàng
嘉言懿行,jiā yán yì xíng
戛釜撞瓮,jiá fǔ zhuàng wèng
戛戛独造,jiá jiá dú zào
戛然而止,jiá rán ér zhǐ
戛玉鸣金,jiá yù míng jīn
戛玉锵金,jiá yù qiāng jīn
戛玉敲冰,jiá yù qiāo bīng
戛玉敲金,jiá yù qiāo jīn
颊上三毫,jiá shàng sān háo
颊上三毛,jiá shàng sān máo
颊上添毫,jiá shàng tiān háo
甲第连天,jiǎ dì lián tiān
甲第连云,jiǎ dì lián yún
甲冠天下,jiǎ guàn tiān xià
价等连城,jià děng lián chéng
价廉物美,jià lián wù měi
价增一顾,jià zēng yī gù
价值连城,jià zhí lián chéng
驾鹤成仙,jià hè chéng xiān
驾鹤西游,jià hè xī yóu
驾肩接迹,jià jiān jiē jì
驾肩接武,jià jiān jiē wǔ
驾轻就熟,jià qīng jiù shú
驾雾腾云,jià wù téng yún
架海金梁,jià hǎi jīn liáng
架谎凿空,jià huǎng záo kōng
架肩击毂,jià jiān jī gū
架肩接踵,jià jiān jiē zhǒng
架屋迭床,jià wū dié chuáng
架屋叠床,jià wū dié chuáng
假痴不癫,jiǎ chī bù diān
假痴假呆,jiǎ chī jiǎ dāi
假道灭虢,jiǎ dào miè guó
假公济私,jiǎ gōng jì sī
假公营私,jiǎ gōng yíng sī
假虎张威,jiǎ hǔ zhāng wēi
假力于人,jiǎ lì yú rén
假眉三道,jiǎ méi sān dào
假门假氏,jiǎ mén jiǎ shì
假门假事,jiǎ mén jiǎ shì
假名托姓,jiǎ míng tuō xìng
假人辞色,jiǎ rén cí sè
假人假义,jiǎ rén jiǎ yì
假仁假义,jiǎ rén jiǎ yì
假仁假意,jiǎ rén jiǎ yì
假手于人,jiǎ shǒu yú rén
假途灭虢,jiǎ tú miè guó
假戏真做,jiǎ xì zhēn zuò
假以辞色,jiǎ yǐ cí sè
假誉驰声,jiǎ yù chí shēng
嫁狗随狗,jià gǒu suí gǒu
嫁狗逐狗,jià gǒu zhú gǒu
嫁祸于人,jià huò yú rén
嫁鸡逐鸡,jià jī zhú jī
嫁犬逐犬,jià quǎn zhú quǎn
稼穑艰难,jià sè jiān nán
奸掳烧杀,jiān lǔ shāo shā
奸淫掳掠,jiān yín lǔ lüè
尖酸刻薄,jiān suān kè bó
尖言尖语,jiān yán jiān yǔ
尖言冷语,jiān yán lěng yǔ
尖嘴薄舌,jiān zuǐ bó shé
尖嘴猴腮,jiān zuǐ hóu sāi
坚壁清野,jiān bì qīng yiě
坚不可摧,jiān bù kě cuī
坚持不懈,jiān chí bù xiè
坚持不渝,jiān chí bù yú
坚定不移,jiān dìng bù yí
坚额健舌,jiān é jiàn shé
坚甲厉兵,jiān jiǎ lì bīng
坚甲利兵,jiān jiǎ lì bīng
坚甲利刃,jiān jiǎ lì rèn
坚苦卓绝,jiān kǔ zhuó jué
坚强不屈,jiān qiáng bù qū
坚忍不拔,jiān rěn bù bá
坚韧不拔,jiān rèn bù bá
坚如盘石,jiān rú pán shí
坚如磐石,jiān rú pán shí
坚守不渝,jiān shǒu bù yú
坚贞不屈,jiān zhēn bù qū
坚贞不渝,jiān zhēn bù yú
坚执不从,jiān zhí bù cóng
歼一警百,jiān yī jǐng bǎi
间不容发,jiàn bù róng fà
间不容缓,jiān bù róng huǎn
间不容砺,jiān bù róng lì
间不容缕,jiān bù róng lǚ
间不容瞚,jiān bù róng xǐ
间不容瞬,jiān bù róng shùn
间不容息,jiàn bù róng xī
间见层出,jiàn xiàn céng chū
肩背难望,jiān bèi nán wàng
肩背相望,jiān bèi xiāng wàng
肩从齿序,jiān cóng chǐ xù
肩劳任怨,jiān láo rèn yuàn
肩摩毂击,jiān mó gǔ jī
肩摩毂接,jiān mó gū jiē
肩摩袂接,jiān mó mèi jiē
肩摩踵接,jiān mó zhǒng jiē
艰苦创业,jiān kǔ chuàng yè
艰苦奋斗,jiān kǔ fèn dòu
艰苦朴素,jiān kǔ pǔ sù
艰苦卓绝,jiān kǔ zhuó jué
艰难竭蹶,jiān nán jié jué
艰难困苦,jiān nán kùn kǔ
艰难曲折,jiān nán qū zhé
艰难险阻,jiān nán xiǎn zǔ
艰难玉成,jiān nán yù chéng
艰深晦涩,jiān shēn huì sè
兼爱无私,jiān ài wú sī
兼包并容,jiān bāo bìng róng
兼包并畜,jiān bāo bìng chù
兼程并进,jiān chéng bìng jìn
兼程前进,jiān chéng qián jìn
兼而有之,jiān ér yǒu zhī
兼官重绂,jiān guān zhòng fú
兼葭秋水,jiān jiā qiū shuǐ
兼葭倚玉,jiān jiā yǐ yù
兼览博照,jiān lǎn bó zhào
兼权尚计,jiān quán shàng jì
兼权熟计,jiān quán shú jì
兼人之勇,jiān rén zhī yǒng
兼容并包,jiān róng bìng bāo
兼容并蓄,jiān róng bìng xù
兼弱攻昧,jiān ruò gōng mèi
兼善天下,jiān shàn tiān xià
兼收并采,jiān shōu bìng cǎi
兼收并录,jiān shōu bìng lù
兼收并畜,jiān shōu bìng chù
兼收并蓄,jiān shōu bìng xù
兼收博采,jiān shōu bó cǎi
兼朱重紫,jiān zhū zhòng zǐ
监临自盗,jiān lín zì dào
监市履猯,jiān shì lǚ xī
监守自盗,jiān shǒu zì dào
监主自盗,jiān zhǔ zì dào
缄口不言,jiān kǒu bù yán
缄口结舌,jiān kǒu jié shé
缄口无言,jiān kǒu wú yán
煎豆摘瓜,jiān dòu zhāi guā
煎胶续弦,jiān jiāo xù xián
煎水作冰,jiān shuǐ zuò bīng
蒹葭伊人,jiān jiā yī rén
蒹葭倚玉,jiān jiā yǐ yù
蒹葭之思,jiān jiā zhī sī
拣佛烧香,jiǎn fó shāo xiāng
拣精拣肥,jiǎn jīng jiǎn féi
拣精择肥,jiǎn jīng zé féi
俭不中礼,jiǎn bù zhòng lǐ
俭存奢失,jiǎn cún shē shī
俭腹高谈,jiǎn fù gāo tán
俭故能广,jiǎn gù néng guǎng
俭可养廉,jiǎn kě yǎng lián
俭以养德,jiǎn yǐ yǎng dé
俭以养廉,jiǎn yǐ yǎng lián
茧丝牛毛,jiǎn sī niú máo
减师半德,jiǎn shī bàn dé
剪草除根,jiǎn cǎo chú gēn
剪恶除奸,jiǎn è chú jiān
剪发被褐,jiǎn fā bèi hè
剪发杜门,jiǎn fà dù mén
剪发披缁,jiǎn fā pī zī
剪烛西窗,jiǎn zhú xī chuāng
简傲绝俗,jiǎn ào jué sú
简捷了当,jiǎn jié liǎo dàng
简截了当,jiǎn jié liǎo dàng
简落狐狸,jiǎn luò hú lí
简明扼要,jiǎn míng é yào
简能而任,jiǎn néng ér rèn
简切了当,jiǎn qiè liǎo dàng
简丝数米,jiǎn sī shǔ mǐ
简贤附势,jiǎn xián fù shì
简贤任能,jiǎn xián rèn néng
简要不烦,jiǎn yào bù fán
简要清通,jiǎn yào qīng tōng
简约详核,jiǎn yuē xiáng hé
简在帝心,jiǎn zài dì xīn
翦草除根,jiǎn cǎo chú gēn
蹇谔匪躬,jiǎn è fěi gōng
蹇蹇匪躬,jiǎn jiǎn fěi gōng
蹇人上天,jiǎn rén shàng tiān
蹇人升天,jiǎn rén shēng tiān
蹇视高步,jiǎn shì gāo bù
蹇之匪躬,jiǎn zhī fěi gōng
见鞍思马,jiàn ān sī mǎ
见财起意,jiàn cái qǐ yì
见弹求鹗,jiàn dàn qiú è
见弹求鸮,jiàn dàn qiú háo
见德思齐,jiàn dé sī qí
见多识广,jiàn duō shí guǎng
见风使船,jiàn fēng shǐ chuán
见风使舵,jiàn fēng shǐ duò
见风使帆,jiàn fēng shǐ fān
见风是雨,jiàn fēng shì yǔ
见风转舵,jiàn fēng zhuǎn duò
见风转篷,jiàn fēng zhuǎn péng
见缝插针,jiàn fèng chā zhēn
见羹见墙,jiàn gēng jiàn qiáng
见怪不怪,jiàn guài bù guài
见怪非怪,jiàn guài fēi guài
见惯不惊,jiàn guàn bù jīng
见惯司空,jiàn guàn sī kōng
见机而行,jiàn jī ér xíng
见机而作,jiàn jī ér zuò
见机行事,jiàn jī xíng shì
见几而作,jiàn jī ér zuò
见幾而作,jiàn jī ér zuò
见经识经,jiàn jīng shí jīng
见精识精,jiàn jīng shí jīng
见景生情,jiàn jǐng shēng qíng
见可而进,jiàn kě ér jìn
见哭兴悲,jiàn kū xīng bēi
见利思义,jiàn lì sī yì
见利忘义,jiàn lì wàng yì
见猎心喜,jiàn liè xīn xǐ
见卵求鸡,jiàn luǎn qiú jī
见貌辨色,jiàn mào biàn sè
见溺不救,jiàn nì bù jiù
见弃于人,jiàn qì yǔ rén
见钱眼红,jiàn qián yǎn hóng
见钱眼开,jiàn qián yǎn kāi
见墙见羹,jiàn qiáng jiàn gēng
见诮大方,jiàn qiào dà fāng
见雀张罗,jiàn què zhāng luó
见仁见智,jiàn rén jiàn zhì
见善必迁,jiàn shàn bì qiān
见神见鬼,jiàn shén jiàn guǐ
见时知几,jiàn shí zhī jǐ
见豕负涂,jiàn shǐ fù tú
见始知终,jiàn shǐ zhī zhōng
见世生苗,jiàn shì shēng miáo
见事风生,jiàn shì fēng shēng
见事生风,jiàn shì shēng fēng
见势不妙,jiàn shì bù miào
见死不救,jiàn sǐ bù jiù
见素抱朴,xiàn sù bào pǔ
见所不见,jiàn suǒ bù jiàn
见所未见,jiàn suǒ wèi jiàn
见兔放鹰,jiàn tù fàng yīng
见兔顾犬,jiàn tù gù quǎn
见危授命,jiàn wēi shòu mìng
见危致命,jiàn wēi zhì mìng
见微知萌,jiàn wēi zhī méng
见微知著,jiàn wēi zhī zhù
见贤思齐,jiàn xián sī qí
见笑大方,jiàn xiào dà fāng
见性成佛,jiàn xìng chéng fó
见噎废食,jiàn yē fèi shí
见义必为,jiàn yì bì wéi
见义当为,jiàn yì dāng wéi
见义敢为,jiàn yì gǎn wéi
见义勇为,jiàn yì yǒng wéi
见异思迁,jiàn yì sī qiān
见智见仁,jiàn zhì jiàn rén
建功立事,jiàn gōng lì shì
建功立业,jiàn gōng lì yè
建瓴高屋,jiàn líng gāo wū
剑拔弩张,jiàn bá nǔ zhāng
剑胆琴心,jiàn dǎn qín xīn
剑及屦及,jiàn jí jù jí
剑及履及,jiàn jí lǚ jí
剑戟森森,jiàn jǐ sēn sēn
剑气箫心,jiàn qì xiāo xīn
剑首一吷,jiàn shǒu yī guī
剑树刀山,jiàn shù dāo shān
剑态箫心,jiàn tai xiāo xīn
剑头一吷,jiàn tóu yī xuè
贱敛贵出,jiàn liǎn guì chū
贱敛贵发,jiàn liǎn guì fā
贱买贵卖,jiàn mǎi guì mài
贱目贵耳,jiàn mù guì ěr
贱入贵出,jiàn rù guì chū
健步如飞,jiàn bù rú fēi
渐不可长,jiàn bù kě zhǎng
渐入佳境,jiàn rù jiā jìng
渐至佳境,jiàn zhì jiā jìng
谏尸谤屠,jiàn shī bàng tú
谏争如流,jiàn zhēng rú liú
践规踏矩,jiàn gūi tà jǔ
践律蹈礼,jiàn lǜ dǎo lǐ
践土食毛,jiàn tǔ shí máo
閒古铸今,róng gǔ zhù jīn
閒今铸古,róng jīn zhù gǔ
鉴机识变,jiàn jī shí biàn
鉴空衡平,jiàn kōng héng píng
鉴毛辨色,jiàn máo biàn sè
鉴貌辨色,jiàn mào biàn sè
鉴前毖后,jiàn qián bì hòu
鉴往知来,jiàn wǎng zhī lái
鉴影度形,jiàn yǐng duó xíng
僭赏滥刑,jiàn shǎng làn xíng
槛花笼鹤,jiàn huā lóng hè
箭拔弩张,jiàn bá nǔ zhāng
箭不虚发,jiàn bù xū fā
箭穿雁嘴,jiàn chuān yàn zuǐ
箭在弦上,jiàn zài xián shàng
江东父老,jiāng dōng fù lǎo
江翻海倒,jiāng fān hǎi dǎo
江翻海沸,jiāng fān hǎi fèi
江翻海搅,jiāng fān hǎi jiǎo
江翻海扰,jiāng fān hǎi rǎo
江汉朝宗,jiāng hàn cháo zōng
江河日下,jiāng hé rì xià
江河行地,jiāng hé xíng dì
江湖骗子,jiāng hú piàn zi
江郎才尽,jiāng láng cái jìn
江郎才掩,jiāng láng cái yǎn
江流日下,jiāng liú rì xià
江南海北,jiāng nán hǎi běi
江山如故,jiāng shān rú gù
江山如画,jiāng shān rú huà
江天一色,jiāng tiān yī sè
江心补漏,jiāng xīn bǔ lòu
江淹才尽,jiāng yān cái jìn
江淹梦笔,jiāng yān mèng bǐ
江洋大盗,jiāng yáng dà dào
江云渭树,jiāng yún wèi shù
江左夷吾,jiāng zuǒ yí wú
姜桂之性,jiāng guì zhī xìng
将本求财,jiāng běn qiú cái
将本求利,jiāng běn qiú lì
将伯之呼,qiāng bó zhī hū
将伯之助,qiāng bó zhī zhù
将错就错,jiāng cuò jiù cuò
将夺固与,jiāng duó gū yǔ
将飞翼伏,jiāng fēi yì fú
将功补过,jiāng gōng bǔ guò
将功抵罪,jiāng gōng dǐ zuì
将功赎罪,jiāng gōng shú zuì
将功折过,jiāng gōng shé guò
将功折罪,jiāng gōng zhé zuì
将机就机,jiāng jī jiù jī
将机就计,jiāng jī jiù jì
将计就计,jiāng jì jiù jì
将李代桃,jiāng lǐ dài táo
将门虎子,jiàng mén hǔ zǐ
将门有将,jiàng mén yǒu jiàng
将勤补拙,jiāng qín bǔ zhuō
将取固予,jiāng qǔ gū yǔ
将顺其美,jiāng shùn qí měi
将天就地,jiāng tiān jiù dì
将无作有,jiāng wú zuò yǒu
将无做有,jiāng wú zuò yǒu
将虾钓鳖,jiāng xiā diào biē
将相之器,jiàng xiàng zhī qì
将心比心,jiāng xīn bǐ xīn
将信将疑,jiāng xìn jiāng yí
将胸比肚,jiāng xiōng bǐ dù
将遇良才,jiàng yù liáng cái
将遇良材,jiàng yù liáng cái
浆酒霍肉,jiāng jiǔ huò ròu
浆酒藿肉,jiāng jiǔ huò ròu
浆水不交,jiāng shuǐ bù jiāo
僵李代桃,jiāng lǐ dài táo
僵桃代李,jiāng táo dài lǐ
讲古论今,jiǎng gǔ lùn jīn
讲经说法,jiǎng jīng shuō fǎ
讲是说非,jiǎng shì shuō fēi
讲文张字,jiǎng wén zhāng zì
讲信修睦,jiǎng xìn xiū mù
奖罚分明,jiǎng fá fēn míng
匠门弃材,jiàng mén qì cái
匠石运金,jiàng shí yùn jīn
匠心独具,jiàng xīn dú jù
匠心独妙,jiàng xīn dú miào
匠心独运,jiàng xīn dú yùn
降本流末,jiàng běn liú mò
降格以求,jiàng gé yǐ qiú
降贵纡尊,jiàng guì yū zūn
降龙伏虎,xiáng lóng fú hǔ
降心俯首,jiàng xīn fǔ shǒu
降心顺俗,jiàng xīn shùn sú
降心下气,jiàng xīn xià qì
降心相从,jiàng xīn xiāng cóng
降颜屈体,jiàng yán qū tǐ
降妖捉怪,xiáng yāo zhuō guài
降志辱身,jiàng zhì rǔ shēn
降尊临卑,jiàng zūn lín bēi
降尊纡贵,jiàng zūn yū guì
交臂历指,jiāo bì lì zhǐ
交臂失之,jiāo bì shī zhī
交臂相失,jiāo bì xiāng shī
交淡若水,jiāo dàn ruò shuǐ
交颈并头,jiāo jǐng bìng tóu
交口称誉,jiāo kǒu chēng yù
交口称赞,jiāo kǒu chēng zàn
交口同声,jiāo kǒu tóng shēng
交口赞誉,jiāo kǒu zàn yù
交梨火枣,jiāo lí huǒ zǎo
交詈聚唾,jiāo lì jù tuò
交能易作,jiāo néng yì zuò
交浅言深,jiāo qiǎn yán shēn
交头互耳,jiāo tóu hù ěr
交头接耳,jiāo tóu jiē ěr
交相辉映,jiāo xiāng huī yìng
郊寒岛瘦,jiāo hán dǎo shòu
娇鸾雏凤,jiāo luán chú fèng
娇皮嫩肉,jiāo pí nèn ròu
娇生惯养,jiāo shēng guàn yǎng
娇声娇气,jiāo shēng jiāo qì
娇小玲珑,jiāo xiǎo líng lóng
浇淳散朴,jiāo chún sàn pǔ
浇醇散朴,jiāo chún sàn pǔ
浇风薄俗,jiāo fēng bó sú
浇瓜之惠,jiāo guā zhī huì
骄傲自满,jiāo ào zì mǎn
骄兵必败,jiāo bīng bì bài
骄兵之计,jiāo bīng zhī jì
骄侈暴佚,jiāo chǐ bào yì
骄侈淫虐,jiāo chǐ yín nüè
骄儿騣女,jiāo ér bā nǚ
骄奢放逸,jiāo shē fàng yì
骄奢淫佚,jiāo shē yín yì
骄奢淫泆,jiāo shē yín yí
骄奢淫逸,jiāo shē yín yì
骄生惯养,jiāo shēng guàn yǎng
骄泰淫泆,jiāo tai yín zhuàng
骄佚奢淫,jiāo yì shē yín
胶鬲之困,jiāo gé zhī kùn
胶柱调瑟,jiāo zhù tiáo sè
胶柱鼓瑟,jiāo zhù gǔ sè
椒焚桂折,jiāo fén guì zhé
焦熬投石,jiāo áo tóu shí
焦唇敝舌,jiāo chún bì shé
焦唇干肺,jiāo chún gān fèi
焦唇干舌,jiāo chún gàn shé
焦金流石,jiāo jīn liú shí
焦金烁石,jiāo jīn shuò shí
焦眉愁眼,jiāo méi chóu yǎn
焦眉苦脸,jiāo méi kǔ liǎn
焦眉皱眼,jiāo méi zhòu yǎn
焦沙烂石,jiāo shā shí làn
焦思苦虑,jiāo sī kǔ lǜ
焦头烂额,jiāo tóu làn é
焦心劳思,jiāo xīn láo sī
焦心热中,jiāo xīn rè zhōng
蛟龙得水,jiāo lóng dé shuǐ
蛟龙戏水,jiāo lóng xì shuǐ
燋金烁石,jiāo jīn shuò shí
燋头烂额,jiāo tóu làn é
鹪巢蚊睫,jiāo cháo wén jié
鹪鹩一枝,jiāo liáo yī zhī
角户分门,jiǎo hù fēn mén
角巾东路,jiǎo jīn dōng lù
角巾私第,jiǎo jīn sī dì
角立杰出,jiao li jie chu
挢抂过正,jiǎo kuāng guò zhèng
挢揉造作,jiǎo róu zào zuò
挢枉过正,jiǎo wǎng guò zhèng
狡兔三窟,jiǎo tù sān kū
狡兔三穴,jiǎo tù sān xué
狡焉思逞,jiǎo yān sī chěng
狡焉思启,jiǎo yān sī qǐ
狡焉思肆,jiǎo yān sī sì
绞尽脑汁,jiǎo jìn nǎo zhī
皎如日星,jiǎo rú rì xīng
皎阳似火,jiǎo yáng shì huǒ
矫国革俗,jiǎo guó gé sú
矫国更俗,jiǎo guó gēng sú
矫矫不群,jiǎo jiǎo bù qùn
矫情干誉,jiǎo qíng gān yù
矫情饰貌,jiǎo qíng shì mào
矫情饰行,jiǎo qíng shì xíng
矫情饰诈,jiǎo qíng shì zhà
矫情镇物,jiǎo qíng zhèn wù
矫揉造作,jiǎo róu zào zuò
矫若惊龙,jiǎo ruò jīng lóng
矫若游龙,jiǎo ruò yóu lóng
矫时慢物,jiǎo shí màn wù
矫世变俗,jiǎo shì biàn sú
矫世厉俗,jiǎo shì lì sú
矫世励俗,jiǎo shì lì sú
矫枉过当,jiǎo wǎng guò dāng
矫枉过正,jiǎo wǎng guò zhèng
矫枉过直,jiǎo wǎng guò zhí
矫枉过中,jiǎo wǎng guò zhōng
矫尾厉角,jiǎo wěi lì jiǎo
矫邪归正,jiǎo xié guī zhèng
矫言伪行,jiǎo yán wěi xíng
脚不点地,jiǎo bù diǎn dì
脚不沾地,jiǎo bù zhān dì
脚高步低,jiǎo gāo bù dī
脚忙手乱,jiǎo máng shǒu luàn
脚踏实地,jiǎo tà shí dì
脚心朝天,jiǎo xīn cháo tiān
搅海翻江,jiǎo hǎi fān jiāng
叫苦不迭,jiào kǔ bù dié
叫苦连天,jiào kǔ lián tiān
较长絜短,jiào cháng xié duǎn
较德焯勤,jiào dé zhuō qín
较短比长,jiào duǎn bǐ cháng
较短量长,jiào duǎn liáng cháng
较短絜长,jiào duǎn xié cháng
较若画一,jiào ruò huà yī
较瘦量肥,jiào shòu liàng féi
较武论文,jiào wǔ lùn wén
教导有方,jiào dǎo yǒu fāng
教猱升木,jiāo náo shēng mù
教无常师,jiào wú cháng shī
教学相长,jiào xué xiāng zhǎng
教一识百,jiāo yī shí bǎi
教亦多术,jiào yì duō shù
斠然一概,jiào rán yī gài
斠若画一,jiào ruò huà yī
阶前万里,jiē qián wàn lǐ
皆大欢喜,jiē dà huān xǐ
接二连三,jiē èr lián sān
接风洗尘,jiē fēng xǐ chén
接连不断,jiē lián bù duàn
接袂成帷,jiē mèi chéng wéi
接三连四,jiē sān lián sì
接踵比肩,jiē zhǒng bǐ jiān
接踵而来,jiē zhǒng ér lái
接踵而至,jiē zhǒng ér zhì
嗟悔无及,jiē huǐ wú jí
嗟来之食,jiē lái zhī shí
揭地掀天,jiē dì xiān tiān
揭竿而起,jiē gān ér qǐ
揭箧担囊,jiē qiè dān náng
揭箧探囊,jiē qiè tàn náng
街坊邻里,jiē fāng lín lǐ
街坊四邻,jiē fāng sì lín
街号巷哭,jiē hào xiàng kū
街谈巷说,jiē tán xiàng shuō
街谈巷谚,jiē tán xiàng yàn
街谈巷议,jiē tán xiàng yì
街谈巷语,jiē tán xiàng yǔ
街谭巷议,jiē tán xiàng yì
街头巷底,jiē tóu xiàng dǐ
街头巷尾,jiē tóu xiàng wěi
街巷阡陌,jiē xiàng qiān mò
孑然一身,jié rán yī shēn
节哀顺变,jié āi shùn biàn
节外生枝,jié wài shēng zhī
节衣缩食,jié yī suō shí
节用爱民,jié yòng ài mín
节用裕民,jié yòng yù mín
劫富济贫,jié fù jì pín
劫后余生,jié hòu yú shēng
劫数难逃,jié shù nán táo
诘曲聱牙,jié qǔ áo yá
诘诎聱牙,jié qū áo yá
诘屈磝碻,jié qū bìng zhòu
诘屈聱牙,jié qū áo yá
诘屈謷牙,jié qū dà yá
诘戎治兵,jié róng zhì bīng
洁己从公,jié jǐ cóng gōng
洁己奉公,jié jǐ fèng gōng
洁清自矢,jié qīng zì shǐ
洁身累行,jié shēn lèi xíng
洁身自爱,jié shēn zì ài
洁身自好,jié shēn zì hào
洁身自守,jié shēn zì shǒu
洁浊扬清,jié zhuó yáng qīng
结不解缘,jié bù jiě yuán
结草衔环,jié cǎo xián huán
结党营私,jié dǎng yíng sī
结发夫妻,jié fà fū qī
结结巴巴,jiē jiē bā bā
结舌杜口,jié shé dù kǒu
结绳而治,jié shéng ér zhì
结驷连骑,jié sì lián qí
桀敖不驯,jié áo bù xùn
桀傲不恭,jié ào bù gōng
桀傲不驯,jié ào bù xùn
桀骜不恭,jié ào bù gōng
桀骜不驯,jié ào bù xùn
桀骜不逊,jié ào bù xùn
桀骜难驯,jié ào nán xùn
桀骜自恃,jié ào zì shì
桀犬吠尧,jié quǎn fèi yáo
桀贪骜诈,jié tān ào zhà
捷报频传,jié bào pín chuán
捷足先得,jié zú xiān dé
捷足先登,jié zú xiān dēng
截长补短,jié cháng bǔ duǎn
截镫留鞭,jié dèng liú biān
截断众流,jié duàn zhòng liú
截发剉穢,jié fā cuò gǎo
截发留宾,jié fā liú bīn
截鹤续凫,jié hè xù fú
截胫剖心,jié jìng pōu xīn
截然不同,jié rán bù tóng
截铁斩钉,jié tiě zhǎn dìng
截辕杜辔,jié yuán dù pèi
截趾适屦,jié zhǐ shì jù
截趾适履,jié zhǐ shì lǚ
截趾適履,jié zhǐ shì lǚ
竭诚尽节,jié chéng jìn jié
竭诚相待,jié chéng xiāng dài
竭尽全力,jié jìn quán lì
竭尽心力,jié jìn xīn lì
竭力虔心,jíe lì qián xīn
竭泽而渔,jié zé ér yú
竭泽焚薮,jié zé fén sǒu
竭智尽力,jié zhì jìn lì
竭智尽忠,jié zhì jìn zhōng
竭忠尽智,jié zhōng jìn zhì
羯鼓催花,jié gǔ cuī huā
解兵释甲,jiě bīng shì jiǎ
解骖推食,jiě cān tuī shí
解发佯狂,jiě fà yáng kuáng
解纷排难,jiě fēn pái nán
解甲倒戈,jiě jiǎ dǎo gē
解甲归田,jiě jiǎ guī tián
解甲投戈,jiě jiǎ tóu gē
解甲休兵,jiě jiǎ xiū bīng
解甲休士,jiě jiǎ xiū shì
解剑拜仇,jiě jiàn bài chóu
解铃系铃,jiě líng jì líng
解民倒悬,jiě mín dào xuán
解囊相助,jiě náng xiāng zhù
解黏去缚,jiě nián qù fù
解人难得,jiě rén nán dé
解弦更张,jiě xián gēng zhāng
解衣般礴,jiě yī bān bó
解衣磅礴,jiě yī páng bó
解衣包火,jiě yī bāo huǒ
解衣抱火,jiě yī bào huǒ
解衣盘磅,jiě yī pán páng
解衣盘礴,jiě yī pán bó
解衣槃磅,jiě yī pán páng
解衣推食,jiě yī tuī shí
解衣卸甲,jiě yī xiè jiǎ
解衣衣人,jiè yī yī rén
解疑释惑,jiě yí shì huò
戒备森严,jiè bèi sēn yán
戒骄戒躁,jiè jiāo jiè zào
戒奢宁俭,jiè shē nìng jiān
疥癣之疾,jiè xuǎn zhī jí
借贷无门,jiè dài wú mén
借刀杀人,jiè dāo shā rén
借风使船,jiè fēng shǐ chuán
借公行私,jiè gōng xíng sī
借古讽今,jiè gǔ fěng jīn
借古喻今,jiè gǔ yù jīn
借花献佛,jiè huā xiàn fó
借剑杀人,jiè jiàn shā rén
借交报仇,jiè jiāo bào chóu
借景生情,jiè jǐng shēng qíng
借镜观形,jiè jìng guān xíng
借酒浇愁,jiè jiǔ jiāo chóu
借客报仇,jiè kè bào chóu
借面吊丧,jiè miàn diào sāng
借篷使风,jiè péng shǐ fēng
借坡下驴,jiè pō xià lǘ
借身报仇,jiè shēn bào chóu
借尸还魂,jiè shī huán hún
借尸还阳,jiè shī huán yáng
借书留真,jiè shū liú zhēn
借水推船,jiè shuǐ tuī chuán
借水行舟,jiè shuǐ xíng zhōu
借题发挥,jiè tí fā huī
借箸代筹,jiè zhù dài chóu
藉草枕块,jiè cǎo zhěn kuài
巾国英雄,jīn guó yīng xióng
巾帼豪杰,jīn guó háo jié
巾帼奇才,jīn guó qí cái
巾帼须眉,jīn guó xū méi
巾帼英雄,jīn guó yīng xióng
巾帼丈夫,jīn guó zhàng fū
今不如昔,jīn bù rú xī
今蝉蜕壳,jīn chán tuì ké
今愁古恨,jīn chóu gǔ hèn
今非昔比,jīn fēi xī bǐ
今来古往,jīn lái gǔ wǎng
今生今世,jīn shēng jīn shì
今是昔非,jīn shì xī fēi
今是昨非,jīn shì zuó fēi
今夕何夕,jīn xī hé xī
今昔之感,jīn xī zhī gǎn
今雨新知,jīn yǔ xīn zhī
今月古月,jīn yuè gǔ yuè
斤斤计较,jīn jīn jì jiào
斤斤较量,jīn jīn jiào liàng
斤斤自守,jīn jīn zì shǒu
金榜挂名,jīn bǎng guà míng
金榜题名,jīn bǎng tí míng
金碧辉煌,jīn bì huī huáng
金碧辉映,jīn bì huī yìng
金碧荧煌,jīn bì yíng huáng
金篦刮目,jīn bì guā mù
金璧辉煌,jīn bì huī huáng
金镳玉络,jīn biāo yù luò
金镳玉辔,jīn biāo yù pèi
金波玉液,jīn bō yù yè
金钗换酒,jīn chāi huàn jiǔ
金钗十二,jīn chāi shí èr
金钗细合,jīn chāi xì hé
金蝉脱壳,jīn chán tuō qiào
金城千里,jīn chéng qiān lǐ
金城石室,jīn chéng shí shì
金城汤池,jīn chéng tāng chí
金翅擘海,jīn chì bāi hǎi
金丹换骨,jīn dān huàn gǔ
金貂换酒,jīn diāo huàn jiǔ
金貂取酒,jīn diāo qǔ jiǔ
金貂贳酒,jīn diāo shì jiǔ
金断觿决,jīn duàn xī jué
金风送爽,jīn fēng sòng shuǎng
金风玉露,jīn fēng yù lù
金刚努目,jīn gāng nǔ mù
金刚怒目,jīn gāng nù mù
金刚眼睛,jīn gāng yǎn jīng
金戈铁甲,jīn gē tiě jiǎ
金戈铁马,jīn gē tiě mǎ
金戈铁骑,jīn gē tiě qí
金谷酒数,jīn gǔ jiǔ shù
金鼓连天,jīn gǔ lián tiān
金鼓齐鸣,jīn gǔ qí míng
金鼓喧阗,jīn gǔ xuān tián
金光盖地,jīn guāng gài dì
金龟换酒,jīn guī huàn jiǔ
金闺国士,jīn guī guó shì
金闺玉堂,jīn guī yù táng
金壶墨汁,jīn hú mò zhī
金辉玉洁,jīn huī yù jié
金鸡独立,jīn jī dú lì
金鸡消息,jīn jī xiāo xī
金枷玉锁,jīn jiā yù suǒ
金浆玉醴,jīn jiāng yù lǐ
金浆玉液,jīn jiāng yù yè
金尽裘敝,jīn jìn qiú bì
金尽裘弊,jīn jìn qiú bì
金精玉液,jīn jīng yù yè
金科玉律,jīn kē yù lǜ
金科玉臬,jīn kē yù niè
金科玉条,jīn kē yù tiáo
金口木舌,jīn kǒu mù shé
金口玉牙,jīn kǒu yù yá
金口玉言,jīn kǒu yù yán
金口玉音,jīn kǒu yù yīn
金口御言,jīn kǒu yù yán
金匮石室,jīn guì shí shì
金兰之交,jīn lán zhī jiāo
金兰之契,jīn lán zhī qì
金兰之友,jīn lán zhī yǒu
金鴗擘海,jīn zhī bò hǎi
金马玉堂,jīn mǎ yù táng
金门绣户,jīn mén xiù hù
金迷纸碎,jīn mí zhǐ suì
金迷纸醉,jīn mí zhǐ zuì
金瓯无缺,jīn ōu wú quē
金瓶落井,jīn píng luò jǐng
金人缄口,jīn rén jiān kǒu
金人三缄,jīn rén sān jiān
金人之缄,jīn rén zhī jiān
金人之箴,jīn rén zhī zhēn
金舌弊口,jīn shé bì kǒu
金舌蔽口,jīn shé bì kǒu
金声玉服,jīn shēng yù fú
金声玉润,jīn shēng yù rùn
金声玉色,jīn shēng yù sè
金声玉振,jīn shēng yù zhèn
金声掷地,jīn shēng zhì dì
金石不渝,jīn shí bù yú
金石交情,jīn shí jiāo qíng
金石可开,jīn shí kě kāi
金石良言,jīn shí liáng yán
金石丝竹,jīn shí sī zhú
金石为开,jīn shí wèi kāi
金石之策,jīn shí zhī cè
金石之功,jīn shí zhī gōng
金石之计,jīn shí zhī jì
金石之坚,jīn shí zhī jiān
金石之交,jīn shí zhī jiāo
金石之言,jīn shí zhī yán
金石至交,jīn shí zhì jiāo
金台市骏,jīn tái shì jùn
金汤之固,jīn tāng zhī gù
金淘沙拣,jīn táo shā jiǎn
金题玉躞,jīn tí yù xiè
金童玉女,jīn tóng yù nǚ
金屋藏娇,jīn wū cáng jiāo
金屋娇娘,jīn wū jiāo niáng
金屋之选,jīn wū zhī xuǎn
金屋贮娇,jīn wū zhù jiāo
金无足赤,jīn wú zú chì
金吾不禁,jīn wú bù jìn
金相玉式,jīn xiāng yù shì
金相玉映,jīn xiāng yù yìng
金相玉振,jīn xiāng yù zhèn
金相玉质,jīn xiàng yù zhì
金镶玉裹,jīn xiāng yù guǒ
金印紫绶,jīn yìn zǐ shòu
金友玉昆,jīn yǒu yù kūn
金玉锦绣,jīn yù jǐn xiù
金玉良言,jīn yù liáng yán
金玉良缘,jīn yù liáng yuán
金玉满堂,jīn yù mǎn táng
金玉其质,jīn yù qí zhì
金玉之言,jīn yù zhī yán
金章玉句,jīn zhāng yù jù
金章紫绶,jīn zhāng zǐ shòu
金昭玉粹,jīn zhāo yù cuì
金针度人,jīn zhēn dù rén
金针见血,jīn zhēn jiàn xuè
金枝玉叶,jīn zhī yù yè
金紫银青,jīn zǐ yín qīng
金字招牌,jīn zì zhāo pái
津关险塞,jīn guān xiǎn sài
津津乐道,jīn jīn lè dào
津津有味,jīn jīn yǒu wèi
矜才使气,jīn cái shǐ qì
矜功不立,jīn gōng bù lì
矜功伐能,jīn gōng fá néng
矜功伐善,jīn gōng fá shàn
矜功负气,jīn gōng fǔ qì
矜功恃宠,jīn gōng shì chǒng
矜功自伐,jīn gōng zì fá
矜己自饰,jīn jǐ zhì shì
矜纠收缭,jīn jiū shōu liáo
矜名妒能,jīn míng dù néng
矜名嫉能,jīn míng jì néng
矜能负才,jīn néng fù cái
矜贫救厄,jīn pín jiù è
矜贫恤独,jīn pín xù dú
矜平躁释,jīn píng zào shì
矜愚饰智,jīn yú shì zhì
矜智负能,jīn zhì fù néng
筋疲力竭,jīn pí lì jié
筋疲力尽,jīn pí lì jìn
筋疲力倦,jīn pí lì juàn
襟怀磊落,jīn huái lěi luò
襟怀洒落,jīn huái sǎ luò
襟怀坦白,jīn huái tǎn bái
襟江带湖,jīn jiāng dài hú
襟裾马牛,jīn jú mǎ niú
仅容旋马,jǐn róng xuán mǎ
仅以身免,jǐn yǐ shēn miǎn
紧打慢敲,jǐn dǎ màn qiāo
紧锣密鼓,jǐn luó mì gǔ
谨本详始,jǐn běn xiáng shǐ
谨毛失貌,jǐn máo shī mào
谨身节用,jǐn shēn jié yòng
谨始虑终,jǐn shǐ lǜ zhōng
谨小慎微,jǐn xiǎo shèn wēi
谨谢不敏,jǐn xiè bù mǐn
谨行俭用,jǐn xíng jiǎn yòng
谨言慎行,jǐn yán shèn xíng
谨终如始,jǐn zhōng rú shǐ
谨终慎始,jǐn zhōng shèn shǐ
锦簇花团,jǐn cù huā tuán
锦囊还矢,jǐn náng huán shǐ
锦囊佳句,jǐn náng jiā jù
锦囊佳制,jǐn náng jiā zhì
锦囊妙计,jǐn náng miào jì
锦囊玉轴,jǐn náng yù zhóu
锦片前程,jǐn piàn qián chéng
锦篇绣帙,jǐn piān xiù zhì
锦瑟华年,jǐn sè huá nián
锦瑟年华,jǐn sè nián huá
锦上添花,jǐn shàng tiān huā
锦天绣地,jǐn tiān xiù dì
锦团花簇,jǐn tuán huā cù
锦心绣肠,jǐn xīn xiù cháng
锦心绣腹,jǐn xīn xiù fù
锦心绣口,jǐn xīn xiù kǒu
锦胸绣口,jǐn xiōng xiù kǒu
锦绣肝肠,jǐn xiù gān cháng
锦绣河山,jǐn xiù hé shān
锦绣江山,jǐn xiù jiāng shān
锦绣前程,jǐn xiù qián chéng
锦绣山河,jǐn xiù shān hé
锦绣心肠,jǐn xiù xīn cháng
锦衣肉食,jǐn yī ròu shí
锦衣行昼,jǐn yī xíng zhòu
锦衣玉食,jǐn yī yù shí
锦营花阵,jǐn yíng huā zhèn
锦阵花营,jǐn zhèn huā yíng
尽诚竭节,jìn chéng jié jié
尽多尽少,jǐn duō jǐn shǎo
尽付东流,jìn fù dōng liú
尽欢而散,jìn huān ér sàn
尽力而为,jìn lì ér wéi
尽美尽善,jìn měi jìn shàn
尽其所长,jìn qí suǒ cháng
尽人皆知,jìn rén jiē zhī
尽如人意,jìn rú rén yì
尽入彀中,jìn rù gòu zhōng
尽善尽美,jìn shàn jìn měi
尽释前嫌,jìn shì qián xián
尽态极妍,jìn tài jí yán
尽心竭力,jìn xīn jié lì
尽心尽力,jìn xīn jìn lì
尽忠报国,jìn zhōng bào guó
尽忠竭力,jìn zhōng jié lì
近火先焦,jìn huǒ xiān jiāo
近交远攻,jìn jiāo yuǎn gōng
近亲繁殖,jìn qīn fán zhí
近水楼台,jìn shuǐ lóu tái
近乡情怯,jìn xiāng qíng qiè
近悦远来,jìn yuè yuǎn lái
近在眉睫,jìn zài méi jié
近在咫尺,jìn zài zhǐ chǐ
进本退末,jìn běn tuì mò
进谗害贤,jìn chán hài xián
进寸退尺,jǐn cùn tuì chǐ
进道若蜷,jìn dào ruò quán
进道若踡,jìn dào ruò quán
进道若退,jìn dào ruò tuì
进德修业,jìn dè xiū yè
进德脩业,jìn dé xiū yè
进俯退俯,jìn fǔ tuì fǔ
进可替不,jìn kě tì bù
进可替否,jìn kě tì fǒu
进利除害,jìn lì chú hài
进禄加官,jìn lù jiā guān
进旅退旅,jìn lǚ tuì lǚ
进壤广地,jìn rǎng guǎng dì
进荣退辱,jìn róng tuì rǔ
进锐退速,jǐn ruì tuì sù
进善惩恶,jìn shàn chéng è
进善惩奸,jìn shàn chéng jiān
进善黜恶,jìn shàn chù è
进善退恶,jìn shàn tuì è
进身之阶,jìn shēn zhī jiē
进退跋痜,jìn tuì bá zǔ
进退出处,jìn tuì chū chǔ
进退触籵,jìn tuì chù zǔ
进退触篱,jìn tuì chù lí
进退存亡,jìn tuì cún wáng
进退狐疑,jìn tuì hú yí
进退可度,jìn tuì kě dù
进退可否,jìn tuì kě fǒu
进退狼狈,jìn tuì láng bèi
进退两端,jìn tuì liǎng duān
进退两难,jǐn tuì liǎng nán
进退路穷,jìn tuì lù qióng
进退履绳,jìn tuì lǚ shéng
进退荣辱,jìn tuì róng rǔ
进退失措,jìn tuì shī cuò
进退失据,jìn tuì shī jù
进退失踞,jìn tuì shī jù
进退失所,jìn tuì shī suǒ
进退失图,jìn tuì shī tú
进退首鼠,jìn tuì shǒu shǔ
进退双难,jìn tuì shuāng nán
进退损益,jìn tuì sǔn yì
进退亡据,jìn tuì wáng jù
进退为难,jìn tuì wéi nán
进退唯谷,jìn tuì wéi gǔ
进退惟谷,jìn tuì wéi gǔ
进退惟咎,jìn tuì wéi jiù
进退维谷,jìn tuì wéi gǔ
进退维亟,jìn tuì wéi jí
进退维艰,jìn tuì wéi jiān
进退无措,jìn tuì wú cuò
进退无据,jìn tuì wú jù
进退无路,jìn tuì wú lù
进退无门,jìn tuì wú mén
进退无所,jìn tuì wú suǒ
进退无途,jìn tuì wú tú
进退无依,jìn tuì wú yī
进退消长,jìn tuì xiāo cháng
进退消息,jìn tuì xiāo xī
进退应矩,jìn tuì yīng jǔ
进退有常,jìn tuì yǒu cháng
进退有度,jìn tuì yǒu dù
进退有节,jìn tuì yǒu jié
进退裕如,jìn tuì yù rú
进退中度,jìn tuì zhòng dù
进退中绳,jìn tuì zhōng shéng
进退迍邅,jìn tuì chù zǔ
进贤拔能,jìn xián bá néng
进贤黜恶,jìn xián chù è
进贤黜奸,jìn xián chù jiān
进贤黜佞,jìn xián chù nìng
进贤达能,jìn xián dá néng
进贤进能,jìn xián jìn néng
进贤屏恶,jìn xián píng è
进贤任能,jìn xián rèn néng
进贤退奸,jìn xián tuì jiān
进贤退佞,jìn xián tuì nìng
进贤退愚,jìn xián tuì yú
进贤兴功,jìn xián xīng gōng
进贤用能,jìn xián yòng néng
进种善群,jìn zhǒng shàn qún
晋惠闻蛙,jìn huì wén wā
晋阳之甲,jìn yáng zhī jiǎ
晋用楚材,jìn yòng chǔ cái
浸润之谮,jìn rùn zhī zèn
祲威盛容,lóng wēi shèng róng
禁暴正乱,jìn bào zhèng luàn
禁暴诛乱,jìn bào zhū luàn
禁鼎一脔,jìn dǐng yī luán
禁攻寝兵,jìn gōng qǐn bīng
禁情割欲,jìn qíng gē yù
禁舍开塞,jìn shě kāi sāi
禁网疏阔,jìn wǎng shū kuò
禁止令行,jìn zhǐ lìng xíng
禁中颇牧,jìn zhōng pō mù
噤口卷舌,jìn kǒu juǎn shé
噤口捲舌,jìn kǒu juǎn shé
噤若寒蝉,jìn ruò hán chán
京兆画眉,jīng zhào huà méi
京兆眉妩,jīng zhào méi wǔ
泾清渭浊,jīng qīng wèi zhuó
泾渭不分,jīng wèi bù fēn
泾渭分明,jīng wèi fēn míng
泾渭自分,jīng wèi zì fēn
泾渭自明,jīng wèi zì míng
泾浊渭清,jīng zhuó wèi qīng
经邦论道,jīng bāng lùn dào
经邦纬国,jīng bāng wěi guó
经帮纬国,jīng bāng wěi guó
经国大业,jīng guó dà yè
经国之才,jīng guó zhī cái
经济之才,jīng jì zhī cái
经久不息,jīng jiǔ bù xī
经纶济世,jing lun ji shi
经纶满腹,jīng lún mǎn fù
经明行修,jīng míng xíng xiū
经年累月,jīng nián lěi yuè
经丘寻壑,jīng qiū xún hè
经史百子,jīng shǐ bǎi zǐ
经世之才,jīng shì zhī cái
经天纬地,jīng tiān wěi dì
经纬天下,jīng wěi tiān xià
经纬万端,jīng wěi wàn duān
经文纬武,jīng wén wěi wǔ
经验之谈,jīng yàn zhī tán
荆钗布裙,jīng chāi bù qún
荆棘丛生,jīng jí cóng shēng
荆棘满途,jīng jí mǎn tú
荆棘塞途,jīng jí sè tú
荆棘铜驼,jīng jí tóng tuó
荆棘载途,jīng jí zài tú
荆人涉澭,jīng rén shè yōng
荆山之玉,jīng shān zhī yù
荆天棘地,jīng tiān jí dì
荆榛满目,jīng zhēn mǎn mù
惊才风逸,jīng cái fēng yì
惊才绝艳,jīng cái jué yàn
惊采绝艳,jīng cǎi jué yàn
惊愕失色,jīng è shī sè
惊耳骇目,jīng ěr hài mù
惊风骇浪,jīng fēng hài làng
惊风怒涛,jīng fēng nù tāo
惊弓之鸟,jīng gōng zhī niǎo
惊鸿艳影,jīng hóng yàn yǐng
惊慌失措,jīng huāng shī cuò
惊慌失色,jīng huāng shī sè
惊慌无措,jīng huāng wú cuò
惊皇失措,jīng huáng shī cuò
惊惶失措,jīng huáng shī cuò
惊惶失色,jīng huáng shī sè
惊惶万状,jīng huáng wàn zhuàng
惊惶无措,jīng huáng wú cuò
惊魂动魄,jīng hún dòng pò
惊魂夺魄,jīng hún duó pò
惊魂落魄,jīng hún luò pò
惊魂丧魄,jīng hún sàng pò
惊魂摄魄,jīng hún shè pò
惊魂失魄,jīng hún shī pò
惊魂未定,jīng hún wèi dìng
惊见骇闻,jīng jiàn hài wén
惊恐失色,jīng kǒng shī sè
惊恐万状,jīng kǒng wàn zhuàng
惊起梁尘,jīng qǐ liáng chén
惊群动众,jīng qún dòng zhòng
惊肉生髀,jīng ròu shēng bì
惊蛇入草,jīng shé rù cǎo
惊神破胆,jīng shén pò dǎn
惊神泣鬼,jīng shén qì guǐ
惊师动众,jīng shī dòng zhòng
惊世骇目,jīng shì hài mù
惊世骇俗,jīng shì hài sú
惊世绝俗,jīng shì jué sú
惊世震俗,jīng shì zhèn sú
惊涛骇浪,jīng tāo hài làng
惊涛巨浪,jīng tāo jù làng
惊涛怒浪,jīng tāo nù làng
惊天动地,jīng tiān dòng dì
惊喜交集,jīng xǐ jiāo jí
惊喜交加,jīng xǐ jiāo jiā
惊喜若狂,jīng xǐ ruò kuáng
惊喜欲狂,jīng xǐ ruò kuáng
惊弦之鸟,jīng xián zhī niǎo
惊心悲魄,jīng xīn bēi pò
惊心惨目,jīng xīn cǎn mù
惊心褫魄,jīng xīn chǐ pò
惊心怵目,jīng xīn chù mù
惊心悼胆,jīng xīn dào dǎn
惊心吊胆,jīng xīn diào dǎn
惊心吊魄,jīng xīn diào pò
惊心动魄,jīng xīng dòng pò
惊心夺目,jīng xīn duó mù
惊心骇目,jīng xīn hài mù
惊心骇神,jīng xīn hài shén
惊心骇瞩,jīng xīn hài zhǔ
惊心裂胆,jīng xīn liè dǎn
惊心破胆,jīng xīn pò dǎn
惊心丧魄,jīng xīn sàng pò
惊心眩目,jīng xīn xuàn mù
惊愚骇俗,jīng yú hài sú
惊猿脱兔,jīng yuán tuō tù
旌旗蔽日,jīng qí bì rì
旌旗卷舒,jīng qí juǎn shū
兢兢干干,jīng jīng gàn gàn
兢兢乾乾,jīng jīng qián qián
兢兢业业,jīng jīng yè yè
兢兢翼翼,jīng jīng yì yì
兢兢战战,jīng jīng zhàn zhàn
精兵简政,jīng bīng jiǎn zhèng
精兵强将,jīng bīng qiáng jiàng
精采秀发,jīng cǎi xiù fā
精彩逼人,jīng cǎi bī rén
精诚所至,jīng chéng suǒ zhì
精诚团结,jīng chéng tuán jié
精打细算,jīng dǎ xì suàn
精雕细刻,jīng diāo xì kè
精耕细作,jīng gēng xì zuò
精贯白日,jīng guàn bái rì
精金百炼,jīng jīn bǎi liàn
精金良玉,jīng jīn liáng yù
精金美玉,jīng jīn měi yù
精进勇猛,jīng jìn yǒng měng
精力充沛,jīng lì chōng pèi
精美绝伦,jīng měi jué lún
精妙绝伦,jīng miào jué lún
精明能干,jīng míng néng gàn
精明强干,jīng míng qiáng gàn
精疲力竭,jīng pí lì jié
精疲力尽,jīng pí lì jìn
精疲力倦,jīng pí lì juàn
精锐之师,jīng ruì zhī shī
精神百倍,jīng shén bǎi bèi
精神抖擞,jīng shén dǒu sǒu
精神焕发,jīng shén huàn fā
精神恍惚,jīng shén huǎng hū
精神满腹,jīng shén mǎn fù
精卫填海,jīng wèi tián hǎi
精义入神,jing yi ru shen
精益求精,jīng yì qiú jīng
精忠报国,jīng zhōng bào guó
鲸波怒浪,jīng bō nù làng
鲸波鼍浪,jīng bō tuó làng
鲸涛鼍浪,jīng tāo tuó làng
鲸吞蚕食,jīng tūn cán shí
鲸吞虎噬,jīng tūn hǔ shì
鲸吞蛇噬,jīng tūn shé shì
鲸吸牛饮,jīng xī niú yǐn
井底蛤蟆,jǐng dǐ há má
井底鸣蛙,jǐng dǐ míng wā
井底虾蟆,jǐng dǐ xiā má
井底之蛙,jǐng dǐ zhī wā
井管拘墟,jǐng guǎn jū xū
井井有法,jǐng jǐng yǒu fǎ
井井有方,jǐng jǐng yǒu fāng
井井有条,jǐng jǐng yǒu tiáo
井井有序,jǐng jǐng yǒu xù
井井有绪,jǐng jǐng yǒu xù
井臼亲操,jǐng jiù qīn cāo
井然有条,jǐng rán yǒu tiáo
井然有序,jǐng rán yǒu xù
井蛙醯鸡,jǐng wā xī jī
井蛙之见,jǐng wā zhī jiàn
井渫不食,jǐng xiè bù shí
井渫莫食,jǐng xiè mò shí
井中求火,jǐng zhōng qiú huǒ
井中视星,jǐng zhōng shì xīng
景入桑榆,jǐng rù sāng yú
景升豚犬,jǐng shēng tún quǎn
景星凤皇,jǐng xīng fèng huáng
景星凤凰,jǐng xīng fèng huáng
景星麟凤,jǐng xīng lín fèng
景星庆云,jǐng xīng qìng yún
憬然有悟,jǐng rán yǒu wù
警愦觉聋,jǐng kuì jué lóng
径情直遂,jìng qíng zhí suì
径情直行,jìng qíng zhí xíng
径行直遂,jìng xíng zhí suí
径一周三,jìng yī zhōu sān
胫大于股,jìng dà yú gǔ
竞短争长,jìng duǎn zhēng cháng
竞今疏古,jìng jīng shū gǔ
敬陈管见,jìng chén guǎn jiàn
敬而远之,jìng ér yuǎn zhī
敬恭桑梓,jìng gōng sāng zǐ
敬姜犹绩,jìng jiāng yóu jì
敬老慈少,jìng lǎo cí shǎo
敬老慈幼,jìng lǎo cí yòu
敬老慈穉,jìng lǎo cí zhì
敬老怜贫,jìng lǎo lián pín
敬老恤贫,jìng lǎo xù pín
敬老尊贤,jìng lǎo zūn xián
敬如上宾,jìng rú shàng bīn
敬若神明,jìng ruò shén míng
敬上爱下,jìng shàng ài xià
敬上接下,jìng shàng jiē xià
敬时爱日,jìng shí ài rì
敬事不暇,jìng shì bù xiá
敬事后食,jìng shì hòu shí
敬授民时,jìng shòu mín shí
敬授人时,jìng shòu rén shí
敬天爱民,jìng tiān ài mín
敬贤爱士,jìng xián ài shì
敬贤礼士,jìng xián lǐ shì
敬贤下士,jìng xián xià shì
敬贤重士,jìng xián zhòng shì
敬小慎微,jìng xiǎo shèn wēi
敬谢不敏,jìng xiè bù mǐn
敬业乐群,jìng yè yào qún
敬终慎始,jìng zhōng shèn shǐ
靖言庸回,jìng yán yōng huí
靖言庸违,jìng yán yōng wéi
靖谮庸回,jìng zèn yōng huí
静观默察,jìng guān mò chá
静极思动,jìng jí sī dòng
静言令色,jìng yán lìng sè
静言庸违,jìng yán yōng wéi
静影沉璧,jing ying chen bi
镜分鸾凤,jìng fēn luán fèng
镜花水月,jìng huā shuǐ yuè
镜里采花,jìng lǐ cǎi huā
镜里观花,jìng lǐ guān huā
镜破钗分,jìng pò chāi fēn
镜圆璧合,jìng yuán bì hé
迥不犹人,jiǒng bù yóu rén
迥乎不同,jiǒng hū bù tóng
迥然不群,jiǒng rán bù qún
迥然不同,jiǒng rán bù tóng
炯炯有神,jiǒng jiǒng yǒu shén
纠缠不清,jiū chán bù qīng
纠合之众,jiū hé zhī zhòng
鸠车竹马,jiū chē zhú mǎ
鸠夺鹊巢,jiū duó què cháo
鸠工庀材,jiū gōng pǐ cái
鸠集凤池,jiū jí fèng chí
鸠僭鹊巢,jiū jiàn què cháo
鸠居鹊巢,jiū jú què cháo
鸠形鹄面,jiū xíng hú miàn
鸠占鹊巢,jiū zhàn què cháo
赳赳武夫,jiū jiū wǔ fū
九变十化,jiǔ biàn shí huà
九鼎大吕,jiǔ dǐng dà lǚ
九鼎一丝,jiǔ dǐng yī sī
九垓八埏,jiǔ gāi bā yán
九故十亲,jiǔ gù shí qīn
九关虎豹,jiǔ guān hǔ bào
九合一匡,jiǔ hé yī kuāng
九回肠断,jiǔ huí cháng duàn
九阍虎豹,jiǔ hūn hǔ bào
九间朝殿,jiǔ jiān cháo diàn
九间大殿,jiǔ jiān dà diàn
九江八河,jiǔ jiāng bā hé
九九归一,jiǔ jiǔ guī yī
九九归原,jiǔ jiǔ guī yuán
九烈三贞,jiǔ liè sān zhēn
九流百家,jiǔ liú bǎi jiā
九流宾客,jiǔ liú bīn kè
九流人物,jiǔ liú rén wù
九流三教,jiǔ liú sān jiào
九流十家,jiǔ liú shí jiā
九年之储,jiǔ nián zhī chǔ
九年之蓄,jiǔ nián zhī xù
九牛一毫,jiǔ niú yī háo
九牛一毛,jiǔ niú yī máo
九曲回肠,jiǔ qū huí cháng
九衢三市,jiǔ qú sān shì
九泉之下,jiǔ quán zhī xià
九仞一篑,jiǔ rèn yī kuì
九儒十丐,jiǔ rú shí gài
九世之仇,jiǔ shì zhī chóu
九死不悔,jiǔ sǐ bù huǐ
九死未悔,jiǔ sǐ wèi huǐ
九死一生,jiǔ sǐ yī shēng
九天九地,jiǔ tiān jiǔ dì
九天揽月,jiǔ tiān lǎn yuè
九天仙女,jiǔ tiān xiān nǚ
九五之尊,jiǔ wǔ zhī zūn
九霄云外,jiǔ xiāo yún wài
九行八业,jiǔ háng bā yè
九原可作,jiǔ yuán kě zuò
九蒸三熯,jiǔ zhēng sān shēng
九州四海,jiǔ zhōu sì hǎi
九洲四海,jiǔ zhōu sì hǎi
九转功成,jiǔ zhuàn gōng chéng
九宗七祖,jiǔ zōng qī zǔ
久安长治,jiǔ ān cháng zhì
久别重逢,jiǔ bié chóng féng
久病成医,jiǔ bìng chéng yī
久而久之,jiǔ ér jiǔ zhī
久负盛名,jiǔ fù shèng míng
久惯牢成,jiǔ guàn láo chéng
久惯老诚,jiǔ guàn lǎo chéng
久归道山,jiǔ guī dào shān
久怀慕蔺,jiǔ huái mù lìn
久假不归,jiǔ jiǎ bù guī
久经风霜,jiǔ jīng fēng shuāng
久久不忘,jiǔ jiǔ bù wàng
久居人下,jiǔ jū rén xià
久历风尘,jiǔ lì fēng chén
久束湿薪,jiǔ shù shī xīn
久闻大名,jiǔ wén dà míng
久悬不决,jiǔ xuán bù jué
久要不忘,jiǔ yāo bù wàng
灸艾分痛,jiù ài fēn tòng
酒病花愁,jiǔ bìng huā chóu
酒池肉林,jiǔ chí ròu lín
酒地花天,jiǔ dì huā tiān
酒酣耳热,jiǔ hān ěr rè
酒酣耳熟,jiǔ hān ěr shú
酒后茶余,jiǔ hòu chá yú
酒后失言,jiǔ hòu shī yán
酒后无德,jiǔ hòu wú dé
酒虎诗龙,jiǔ hǔ shī lóng
酒阑人散,jiǔ lán rén sàn
酒龙诗虎,jiǔ lóng shī hǔ
酒绿灯红,jiǔ lǜ dēng hóng
酒囊饭包,jiǔ náng fàn bāo
酒囊饭袋,jiǔ náng fàn dài
酒肉朋友,jiǔ ròu péng yǒu
酒肉兄弟,jiǔ ròu xiōng dì
酒入舌出,jiǔ rù shé chū
酒色财气,jiǔ sè cái qì
酒色之徒,jiǔ sè zhī tú
酒食地狱,jiǔ shí dì yù
酒食征逐,jiǔ shí zhēng zhú
酒酸不售,jiǔ suān bù shòu
酒瓮饭囊,jiǔ wèng fàn náng
酒有别肠,jiǔ yǒu bié cháng
酒余茶后,jiǔ yú chá hòu
酒足饭饱,jiǔ zú fàn bǎo
酒醉饭饱,jiǔ zuì fàn bǎo
旧病复发,jiù bìng fù fā
旧病难医,jiù bìng nán yī
旧仇宿怨,jiù chóu sù yuàn
旧愁新恨,jiù chóu xīn hèn
旧地重游,jiù dì chóng yóu
旧调重弹,jiù diào chóng tán
旧恨新仇,jiù hèn xīn chóu
旧恨新愁,jiù hèn xīn chóu
旧话重提,jiù huà chóng tí
旧念复萌,jiù niàn fù máng
旧瓶新酒,jiù píng xīn jiǔ
旧事重提,jiù shì zhòng tí
旧态复萌,jiù tài fù méng
旧燕归巢,jiù yàn guī cháo
旧雨今雨,jiù yǔ jīn yǔ
旧雨新知,jiù yǔ xīn zhī
旧雨重逢,jiù yǔ chóng féng
臼杵之交,jiù chǔ zhī jiāo
臼头深目,jiù tóu shēn mù
臼灶生蛙,jiù zào shēng wā
咎由自取,jiù yóu zì qǔ
咎有应得,jiù yǒu yīng dé
疚心疾首,jiù xīn jí shòu
救焚投薪,jiù fén tóu xīn
救焚益薪,jiù fén yì xīn
救焚拯溺,jiù fén zhěng nì
救过补阙,jiù guò bǔ quē
救过不给,jiù guò bù gěi
救过不赡,jiù guò bù shàn
救过不暇,jiù guò bù xiá
救火投薪,jiù huò tóu xīn
救火扬沸,jiù huǒ yáng fèi
救火拯溺,jiù huǒ zhěng nì
救饥拯溺,jiù jī zhěng nì
救急扶伤,jiù jí fú shāng
救经引足,jiù jīng yǐn zú
救苦救难,jiù kǔ jiù nàn
救苦弭灾,jiù kǔ mǐ zāi
救困扶危,jiù kùn fú wēi
救燎助薪,jiù liáo zhù xīn
救民水火,jiù mín shuǐ huǒ
救难解危,jiù nán jiě wēi
救偏补弊,jiù piān bǔ bì
救黥医劓,jiù qíng yī yì
救时厉俗,jiù shí lì sú
救世济民,jiù shì jì mín
救死扶伤,jiù sǐ fú shāng
救死扶危,jiù sǐ fú wēi
救亡图存,jiù wáng tú cún
救灾恤患,jiù zāi xù huàn
就地取材,jiù dì qǔ cái
就地正法,jiù dì zhèng fǎ
就棍打腿,jiù gùn dǎ tuǐ
就事论事,jiù shì lùn shì
就汤下面,jiù tāng xià miàn
就虚避实,jiù xū bì shí
就正有道,jiù zhèng yǒu dào
居安虑危,jū ān lǜ wēi
居安思危,jū ān sī wēi
居安资深,jū ān zī shēn
居不重席,jū bù chóng xí
居不重茵,jū bù chóng yīn
居大不易,jū dà bù yì
居高临下,jū gāo lín xià
居功自傲,jū gōng zì ào
居官守法,jū guān shǒu fǎ
居利思义,jū lì sī yì
居仁由义,jū rén yóu yì
居停主人,jū tíng zhǔ rén
居无求安,jū wú qiú ān
居下讪上,jú xià shàn shàng
居心不良,jū xīn bù liáng
居心叵测,jū xīn pǒ cè
居心险恶,jū xīn xiǎn è
居之不疑,jū zhī bù yí
居重驭轻,jū zhòng yù qīng
居轴处中,jū zhóu chǔ zhōng
拘挛补衲,jū luán bǔ nà
拘奇抉异,jū qí jué yì
拘神遣将,jū shén qiǎn jiàng
拘俗守常,jū sú shǒu cháng
拘文牵义,jū wén qiān yì
驹齿未落,jū chǐ wèi luò
驹窗电逝,jū chuāng diàn shì
驹光过隙,jū guāng guò xì
驹留空谷,jū liú kōng gǔ
裾马襟牛,jū mǎ jīn niú
鞠躬尽瘁,jū gōng jìn cuì
鞠躬尽力,jū gōng jìn lì
鞠躬君子,jū gōng jūn zǐ
鞠躬屏气,jū gōng bǐng qì
鞠为茂草,jū wéi mào cǎo
鞫为茂草,jū wéi mào cǎo
局促不安,jú cù bù ān
局地扣天,jú dì kòu tiān
局地钥天,jú dì yào tiān
局高蹐厚,jú gāo guǎ hòu
局骗拐带,jú piàn guǎi dài
局天促地,jú tiān cù dì
局天蹐地,jú tiān jí dì
局天扣地,jú tiān kòu dì
局外之人,jú wài zhī rén
菊老荷枯,jú lǎo hé kū
橘化为枳,jú huà wéi zhǐ
咀嚼英华,jǔ jué yīng huá
举案齐眉,jǔ àn qí méi
举不胜举,jǔ bù shèng jǔ
举步生风,jǔ bù shēng fēng
举措不当,jǔ cuò bù dàng
举措失当,jǔ cuò shī dàng
举鼎拔山,jǔ dǐng bá shān
举鼎绝膑,jǔ dǐng jué bìn
举国若狂,jǔ guó ruò kuáng
举国上下,jǔ guó shàng xià
举国一致,jǔ guó yī zhì
举例发凡,jǔ lì fā fán
举目千里,jǔ mù qiān lǐ
举目无亲,jǔ mù wú qīn
举棋不定,jǔ qí bù dìng
举棋若定,jǔ qí ruò dìng
举善荐贤,jǔ shàn jiàn xián
举十知九,jǔ shí zhī jiǔ
举世混浊,jǔ shì hún zhuó
举世皆知,jǔ shì jiē zhī
举世闻名,jǔ shì wén míng
举世无敌,jǔ shì wú dí
举世无双,jǔ shì wú shuāng
举世瞩目,jǔ shì zhǔ mù
举手加额,jǔ shǒu jiā é
举手投足,jǔ shǒu tóu zú
举手相庆,jǔ shǒu xiāng qìng
举手之劳,jǔ shǒu zhī láo
举枉措直,jǔ wǎng cuò zhí
举无遗策,jǔ wú yí cè
举贤任能,jǔ xián rèn néng
举贤使能,jǔ xián shǐ néng
举要删芜,jǔ yào shān wú
举一反三,jǔ yī fǎn sān
举一废百,jǔ yī fèi bǎi
举直措枉,jǔ zhí cuò wǎng
举直错枉,jǔ zhí cuò wǎng
举止不凡,jǔ zhǐ bù fán
举止大方,jǔ zhǐ dà fāng
举止失措,jǔ zhǐ shī cuò
举止娴雅,jǔ zhǐ xián yǎ
举止言谈,jǔ zhǐ yán tán
举止自若,jǔ zhǐ zì ruò
举重若轻,jǔ zhòng ruò qīng
举足轻重,jǔ zú qīng zhòng
矩步方行,jǔ bù fāng xíng
龃龉不合,jǔ yǔ bù hé
踽踽独行,jǔ jǔ dú xíng
踽踽凉凉,jǔ jǔ liáng liáng
句比字栉,jù bǐ zì zhì
句斟字酌,jù zhēn zì zhuó
句栉字比,jù zhì zì bǐ
巨细无遗,jù xì wú yí
拒虎进狼,jù hǔ jìn láng
拒谏饰非,jù jiàn shì fēi
拒狼进虎,jù láng jìn hǔ
拒人千里,jù rén qiān lǐ
拒之门外,jù zhī mén wài
具体而微,jù tǐ ér wēi
钜人长德,jù rén cháng dé
钜学鸿生,jù xué hóng shēng
俱收并蓄,jù shōu bìng xù
据鞍读书,jù ān dú shū
据高临下,jù gāo lín xià
据理力争,jù lǐ lì zhēng
据图刎首,jù tú wěn shǒu
据为己有,jù wéi jǐ yǒu
据义履方,jù yì lǚ fāng
距人千里,jù rén qiān lǐ
距跃三百,jū yuè sān bǎi
锯牙钩爪,jù yá gōu zhǎo
聚精会神,jù jīng huì shén
聚敛无厌,jù liǎn wú yàn
聚米为谷,jù mǐ wéi gǔ
聚米为山,jù mǐ wéi shān
聚沙成塔,jù shā chéng tǎ
聚少成多,jù shǎo chéng duō
聚讼纷纭,jù sòng fēn yún
聚蚊成雷,jù wén chéng léi
聚众滋事,jù zhòng zī shì
屦及剑及,jù jí jiàn jí
屦贱踊贵,jù jiàn yǒng guì
踞虎盘龙,jù hǔ pán lóng
踞炉炭上,jù lú tàn shàng
娟好静秀,juān hǎo jìng xiù
捐本逐末,juān běn zhú mò
捐残去杀,juān cán qù shā
捐忿弃瑕,juān fèn qì xiá
捐金抵璧,juān jīn dǐ bì
捐弃前嫌,juān qì qián xián
捐躯报国,juān qū bào guó
捐躯赴难,juān qū fù nàn
捐躯殉国,juān qù xùn guó
捐身徇义,juān shēn xùn yì
涓埃之力,juān āi zhī lì
涓滴不漏,juān dī bù lòu
涓滴不遗,juān dī bù yí
涓滴成河,juān dī chéng hé
涓滴归公,juān dī guī gōng
涓滴微利,juān dī wēi lì
涓滴之劳,juān dī zhī láo
镌骨铭心,juān gǔ míng xīn
镌空妄实,juān kōng wàng shí
镌脾琢肾,juān pí zhuó shèn
镌心铭骨,juān xīn míng gǔ
卷甲倍道,juǎn jiǎ bèi dào
卷甲束兵,juàn jiǎ shù bīng
卷甲韬戈,juàn jiǎ tāo gē
卷甲衔枚,juàn jiǎ xián méi
卷旗息鼓,juǎn qí xī gǔ
卷土重来,juǎn tǔ chóng lái
卷席而居,juàn xí ér jū
卷席而葬,juǎn xí ér zàng
卷帙浩繁,juàn zhì hào fán
倦鸟知还,juàn niǎo zhī huán
倦尾赤色,juàn wěi chì sè
狷介之士,juàn jiě zhī shì
眷红偎翠,juàn hóng wēi cuì
眷眷之心,juàn juàn zhī xīn
撅坑撅堑,jué kēng jué qiàn
撅天扑地,juē tiān pū dì
撧耳顿足,yǎn ěr dùn zú
撧耳挠腮,juē ěr náo sāi
撧耳揉腮,yōng ěr róu sāi
决不待时,jué bù dài shí
决断如流,jué duàn rú liú
决命争首,jué mìng zhēng shǒu
决胜庙堂,jué shèng miào táng
决胜千里,jué shèng qiān lǐ
决一雌雄,jué yī cí xióng
决一胜负,jué yī shèng fù
决一死战,jué yī sǐ zhàn
决疣溃痈,jué yóu kuì yōng
抉奥阐幽,jué ào chǎn yōu
抉目东门,jué mù dōng mén
抉目吴门,jué mù wú mén
抉目胥门,jué mù xū mén
抉目悬门,jué mù xuán mén
抉瑕掩瑜,jué xiá yǎn yú
抉瑕摘衅,jué xiá zhāi xìn
绝长补短,jué cháng bǔ duǎn
绝长继短,jué cháng jì duǎn
绝长续短,jué cháng xù duǎn
绝处逢生,jué chù féng shēng
绝代佳人,jué dài jiā rén
绝顶聪明,jué dǐng cōng míng
绝甘分少,jué gān fēn shǎo
绝国殊俗,jué guó shū sú
绝后光前,jué hòu guāng qián
绝裾而去,jué jū ér qù
绝口不道,jué kǒu bù dào
绝路逢生,jué lù féng shēng
绝伦逸群,jué lún yì qún
绝妙好辞,jué miào hǎo cí
绝其本根,jué qí běn gēn
绝裙而去,jué jū ér qù
绝仁弃义,jué rén qì yì
绝色佳人,jué sè jiā rén
绝少分甘,jué shǎo fēn gān
绝圣弃智,jué shèng qì zhì
绝世超伦,jué shì chāo lún
绝世独立,jué shì dú lì
绝世佳人,jué shì jiā rén
绝世无双,jué shì wú shuāng
绝无仅有,jué wú jǐn yǒu
绝薪止火,jué xīn zhǐ huǒ
绝子绝孙,jué zǐ jué sūn
觉人觉世,jué rén jué shì
倔强倨傲,jué jiàng jù ào
倔头强脑,juè tóu jiàng nǎo
崛地而起,jué dì ér qǐ
掘井及泉,jué jǐng jǐ quán
掘室求鼠,jué shì qiú shǔ
谲而不正,jué ér bù zhèng
谲怪之谈,jué guài zhī tán
橛守成规,jué shǒu chéng guī
嚼齿穿龈,jiáo chǐ chuān yín
嚼穿龈血,jiáo chuān yín xuè
嚼腭搥床,jiáo è chuí chuáng
嚼墨喷纸,jué mò pēn zhǐ
嚼铁咀金,jiáo tiě jǔ jīn
攫戾执猛,jué lì zhí měng
攫为己有,jué wéi jǐ yǒu
军不血刃,jūn bù xuè rèn
军法从事,jūn fǎ cóng shì
军临城下,jūn lín chéng xià
军令如山,jūn lìng rú shān
君臣佐使,jūn chén zuǒ shǐ
君命无二,jūn mìng wú èr
君辱臣死,jūn rǔ chén sǐ
君圣臣贤,jūn shèng chén xián
君子固穷,jūn zǐ gù qióng
君子好逑,jūn zǐ hào qiú
君子三戒,jūn zǐ sān jiè
君子协定,jūn zǐ xié dìng
君子之交,jūn zǐ zhī jiāo
钧天广乐,jūn tiān guǎng yuè
皲手茧足,jūn shǒu jiǎn zú
麇骇雉伏,jūn hài zhì fú
麇至沓来,qún zhì tà lái
俊杰廉悍,jùn jié lián hàn
峻阪盐车,jùn bǎn yún chē
峻宇彫墙,jùn yǔ diāo qiáng
峻宇雕墙,jùn yǔ diāo qiáng
骏波虎浪,jùn bō hǔ làng
骏骨牵盐,jùn gǔ qiān yán
开诚布公,kāi chéng bù gōng
开诚相见,kāi chéng xiāng jiàn
开国承家,kāi guó chéng jiā
开国功臣,kāi guó gōng chén
开国元老,kāi guó yuán lǎo
开国元勋,kāi guó yuán xūn
开合自如,kāi hé zì rú
开花结果,kāi huā jié guǒ
开花结实,kāi huā jié shí
开华结果,kāi huā jié guǒ
开怀畅饮,kāi huán chàng yǐn
开基创业,kāi jī chuàng yè
开基立业,kāi jī lì yè
开疆辟土,kāi jiāng pì tǔ
开疆拓境,kāi jiāng tuò jìng
开疆拓土,kāi jiāng tuò tǔ
开疆拓宇,kāi jiāng tuò yǔ
开疆展土,kāi jiāng zhǎn tǔ
开阶立极,kāi jiē lì jí
开卷有益,kāi juàn yǒu yì
开科取士,kāi kē qǔ shì
开口见胆,kāi kǒu jiàn dǎn
开口见心,kāi kǒu jiàn xīn
开阔眼界,kāi kuò yǎn jiè
开来继往,kāi lái jì wǎng
开利除害,kāi lì chú hài
开路先锋,kāi lù xiān fēng
开锣喝道,kāi luó hè dào
开眉笑眼,kāi méi xiào yǎn
开眉展眼,kāi méi zhǎn yǎn
开门见山,kāi mén jiàn shān
开门延盗,kāi mén yán dào
开门揖盗,kāi mén yī dào
开山鼻祖,kāi shān bí zǔ
开山老祖,kāi shān lǎo zǔ
开山始祖,kāi shān shǐ zǔ
开山祖师,kāi shān zǔ shī
开台锣鼓,kāi tái luó gǔ
开天辟地,kāi tiān pì dì
开物成务,kāi wù chéng wù
开雾睹天,kāi wù dǔ tiān
开柙出虎,kāi xiá chū hǔ
开心见肠,kāi xīn jiàn cháng
开心见诚,kāi xīn jiàn chéng
开心见胆,kāi xīn jiàn dǎn
开源节流,kāi yuán jié liú
开云见日,kāi yún jiàn rì
开云见天,kāi yún jiàn tiān
开宗明义,kāi zōng míng yì
慨当以慷,kǎi dāng yǐ kāng
慨然应允,kǎi rán yīng yǔn
慨然允诺,kǎi rán yǔn nuò
刊心刻骨,kān xīn kè gǔ
堪以告慰,kān yǐ gào wèi
坎井之蛙,kǎn jǐng zhī wā
坎坷不平,kǎn kě bù píng
坎止流行,kǎn zhǐ liú xíng
侃侃谔谔,kǎn kǎn è è
侃侃而谈,kǎn kǎn ér tán
侃侃而言,kǎn kǎn ér yán
侃侃訚訚,kǎn kǎn yín yín
埳井之蛙,kǎn jǐng zhī wā
看菜吃饭,kàn cài chī fàn
看风使船,kàn fēng shǐ chuán
看风使舵,kàn fēng shǐ duò
看风使帆,kàn fēng shǐ fān
看风驶船,kàn fēng shǐ chuán
看家本领,kān jiā běn lǐng
看家本事,kān jiā běn shì
看景生情,kàn jǐng shēng qíng
看破红尘,kàn pò hóng chén
看人眉睫,kàn rén méi jié
看人眉眼,kàn rén méi yǎn
看人行事,kàn rén xíng shì
看杀卫玠,kàn shā wèi jiè
看朱成碧,kàn zhū chéng bì
瞰瑕伺隙,kàn xiá sì xì
康庄大道,kāng zhuāng dà dào
慷慨悲歌,kāng kǎi bēi gē
慷慨陈词,kāng kǎi chén cí
慷慨赴义,kāng kǎi fù yì
慷慨激昂,kāng kǎi jī áng
慷慨激烈,kāng kǎi jī liè
慷慨激扬,kāng kǎi jī yáng
慷慨解囊,kāng kǎi jiě náng
慷慨就义,kāng kǎi jiù yì
慷慨捐生,kāng kǎi juān shēng
慷慨淋漓,kāng kǎi lín lí
慷慨输将,kāng kǎi shū jiāng
慷慨仗义,kāng kǎi zhàng yì
糠豆不赡,kang dou bu shan
扛鼎拔山,gāng dǐng bá shān
扛鼎抃牛,káng dǐng biàn niú
亢极之悔,kàng jí zhī huǐ
亢龙有悔,kàng lóng yǒu huǐ
亢心憍气,kàng xīn xià qì
亢音高唱,gāng yīn gāo chàng
伉俪情深,kàng lì qíng shēn
抗尘走俗,kàng chén zǒu sú
抗颜为师,kàng yán wéi shī
尻轮神马,kāo lún shén mǎ
尻舆神马,kāo yú shén mǎ
考绩幽明,kǎo jì yōu míng
犒赏三军,kào shǎng sān jūn
靠天吃饭,kào tiān chī fàn
苛捐杂税,kē juān zá shuì
科班出身,kē bān chū shēn
科头箕踞,kē tóu jī jù
科头跣足,kē tóu xiǎn zú
颗粒无收,kē lì wú shōu
磕头礼拜,kē tóu lǐ bài
磕头碰脑,kē tóu pèng nǎo
磕头如捣,kē tóu rú dǎo
磕牙料嘴,kē yá liào zuǐ
咳声叹气,hāi shēng tàn qì
咳唾成珠,ké tuò chéng zhū
咳珠唾玉,ké zhū tuò yù
可操左券,kě cāo zuǒ quàn
可乘之机,kě chéng zhī jī
可乘之隙,kě chéng zhī xì
可发一噱,kě fā yī jué
可歌可泣,kě gē kě qì
可见一斑,kě jiàn yī bān
可泣可歌,kě qì kě gē
可想而知,kě xiǎng ér zhī
可心如意,kě xīn rú yì
可有可无,kě yǒu kě wú
渴尘万斛,kě chén wàn hú
渴而穿井,kě ér chuān jǐng
渴而掘井,kě ér jué jǐng
渴骥奔泉,kě jì bēn quán
渴者易饮,kě zhě yì yǐn
克爱克威,kè ài kè wēi
克传弓冶,kè chuán gōng yě
克逮克容,kè dǎi kè róng
克敌制胜,kè dí zhì shèng
克伐怨欲,kè fá yuàn yù
克己奉公,kè jǐ fèng gōng
克己复礼,kè jǐ fù lǐ
克己慎行,kè jǐ shèn xíng
克肩一心,kè jiān yī xīn
克俭克勤,kè jiǎn kè qín
克尽厥职,kè jìn jué zhí
克勤克俭,kè qín kè jiǎn
克绍箕裘,kè shào jī qiú
克嗣良裘,kè sì liáng qiú
刻薄寡思,kè bó guǎ sī
刻不待时,kè bù dài shí
刻不容缓,kè bù róng huǎn
刻不容松,kè bù róng sōng
刻翠裁红,kè cuì cái hóng
刻骨崩心,kè gǔ bēng xīn
刻骨仇恨,kè gǔ chóu hèn
刻骨镂心,kè gǔ lòu xīn
刻骨铭心,kè gǔ míng xīn
刻骨相思,kè gǔ xiāng sī
刻鹄成鹜,kè hú chéng wù
刻鹄类鹜,kè hú lèi wù
刻画入微,kè huà rù wēi
刻画无盐,kè huà wú yán
刻肌刻骨,kè jī kè gǔ
刻苦耐劳,kè kǔ nài láo
刻木为鹄,kè mù wéi hú
刻木为吏,kè mù wéi lì
刻雾裁风,kè wù cái fēng
刻意经营,kè yì jīng yíng
刻意求工,kè yì qiú gōng
刻章琢句,kè zhāng zhuó jù
刻舟求剑,kè zhōu qiú jiàn
刻足适屦,kè zú shì jù
客死他乡,kè sǐ tā xiāng
恪守不渝,kè shǒu bù yú
恪守成宪,kè shǒu chéng xiàn
课语讹言,kè yǔ é yán
课嘴撩牙,kè zuǐ liáo yá
嗑牙料嘴,kē yá liào zuǐ
溘然长逝,kè rán cháng shì
溘然长往,kè rán cháng wǎng
溘先朝露,kè xiān zhāo lù
肯构肯堂,kěn gòu kěn táng
肯堂肯构,kěn táng kěn gòu
坑绷拐骗,kēng bēng guǎi piàn
坑灰未冷,kēng huī wèi lěng
坑家败业,kēng jiā bài yè
坑蒙拐骗,kēng méng guǎi piàn
硁硁之愚,kēng kēng zhī yú
铿金霏玉,kēng jīn fēi yù
铿金戛玉,kēng jīn jiá yù
铿锵有力,kēng qiāng yǒu lì
铿镪顿挫,kēng qiāng dùn cuò
空洞无物,kōng dòng wú wù
空费词说,kōng fèi cí shuō
空腹便便,kōng fù pián pián
空腹高心,kōng fù gāo xīn
空谷白驹,kōng gǔ bái jū
空谷传声,kōng gǔ chuán shēng
空谷幽兰,kōng gǔ yōu lán
空谷足音,kōng gǔ zú yīn
空话连篇,kōng huà lián piān
空空如也,kōng kōng rú yě
空口无凭,kōng kǒu wú píng
空前绝后,kōng qián jué hòu
空室清野,kōng shì qīng yě
空谈快意,kōng tán kuài yì
空头支票,kōng tóu zhī piào
空心汤圆,kōng xīn tāng yuán
空穴来风,kōng xué lái fēng
空中楼阁,kōng zhōng lóu gé
孔孟之道,kǒng mèng zhī dào
孔情周思,kǒng qíng zhōu sī
孔思周情,kǒng sī zhōu qíng
孔武有力,kǒng wǔ yǒu lì
孔席不暖,kǒng xí bù nuǎn
孔席不适,kǒng xí bù shì
孔席墨突,kǒng xí mò tū
恐后无凭,kǒng hòu wú píng
恐后争先,kǒng hòu zhēng xiān
恐慌万状,kǒng huāng wàn zhuàng
恐遭物议,kǒng zāo wù yì
控名责实,kòng míng zé shí
抠心挖肚,kōu xīn wā dù
抠心挖血,kōu xīn wā xuè
口碑载道,kǒu bēi zài dào
口不二价,kǒu bù èr jià
口不应心,kǒu bù yìng xīn
口不择言,kǒu bù zé yán
口齿伶俐,kǒu chǐ líng lì
口齿生香,kǒu chǐ shēng xiāng
口出不逊,kǒu chū bù xùn
口出大言,kǒu chū dā yán
口出狂言,kǒu chū kuáng yán
口传心授,kǒu chuán xīn shòu
口呆目瞪,kǒu dāi mù dèng
口呆目钝,kǒu dāi mù dùn
口多食寡,kǒu duō shí guǎ
口耳并重,kǒu ěr bìng zhòng
口耳相承,kǒu ěr xiāng chéng
口耳相传,kǒu ěr xiāng chuán
口耳之学,kǒu ěr zhī xué
口沸目赤,kǒu fèi mù chì
口服心服,kǒu fú xīn fú
口腹之累,kǒu fù zhī lěi
口干舌焦,kǒu gàn shé jiāo
口干舌燥,kǒu gān shé zào
口含天宪,kǒu hán tiān xiàn
口讲指画,kǒu jiǎng zhǐ huà
口角春风,kǒu jiǎo chūn fēng
口角风情,kǒu jiǎo fēng qíng
口角生风,kǒu jiǎo shēng fēng
口口声声,kǒu kǒu shēng shēng
口口相传,kǒu kǒu xiāng chuán
口快心直,kǒu kuài xīn zhǐ
口蜜腹剑,kǒu mì fù jiàn
口轻舌薄,kǒu qīng shé bó
口如悬河,kǒu rú xuán hé
口若悬河,kǒu ruò xuán hé
口尚乳臭,kǒu shàng rǔ xiù
口是心非,kǒu shì xīn fēi
口是心苗,kǒu shì xīn miáo
口说无凭,kǒu shuō wú píng
口似悬河,kǒu sì xuán hé
口诵心惟,kǒu sòng xīn wéi
口诵心维,kǒu sòng xīn wéi
口吐珠玑,kǒu tǔ zhū jī
口吻生花,kǒu wěn shēng huā
口无择言,kǒu wú zé yán
口衔天宪,kǒu xián tiān xiàn
口谐辞给,kǒu xié cí gěi
口血未干,kǒu xuè wèi gān
口壅若川,kǒu yōng ruò chuān
口燥唇干,kǒu zào chún gān
口直心快,kǒu zhí xīn kuài
口中雌黄,kǒu zhōng cí huáng
口中蚤虱,kǒu zhōng zǎo shī
口诛笔伐,kǒu zhū bǐ fá
口坠天花,kǒu zhuì tiān huā
叩阍无路,kòu hūn wú lù
叩马而谏,kòu mǎ ér jiàn
叩石垦壤,kòu shí kěn rǎng
叩心泣血,kòu xīn qì xuè
叩源推委,kòu yuán tuī wěi
扣壶长吟,kòu hú cháng yín
扣楫中流,kòu jí zhōng liú
扣盘扪钥,kòu pán mén yào
扣盘扪烛,kòu pán mén zhú
扣槃扪籥,kòu pán mén yuè
扣槃扪烛,kòu pán mén zhú
扣人心弦,kòu rén xīn xián
刳肝沥胆,kū gān lì dǎn
刳精呕血,kū jīng ǒu xuè
刳精鉥心,kū jīng jiū xīn
刳胎焚夭,kū tāi fén yāo
刳胎杀夭,kū tāi shā yāo
刳心雕肾,kū xīn diāo shèn
刳形去皮,kū xíng qù pí
刳脂剔膏,kū zhī tī gāo
枯本竭源,kū běn jié yuán
枯骨生肉,kū gǔ shēng ròu
枯骨之馀,kū gǔ zhī yú
枯苗望雨,kū miáo wàng yǔ
枯木发荣,kū mù fā róng
枯木逢春,kū mù féng chūn
枯木生花,kū mù shēng huā
枯木死灰,kū mù sǐ huī
枯木朽株,kū mù xiǔ zhū
枯木再生,kū mù zài shēng
枯脑焦心,kū nǎo jiāo xīn
枯枿朽株,kū niǎo xiǔ zhū
枯蓬断草,kū péng duàn cǎo
枯树逢春,kū shù féng chūn
枯树开花,kū shù kāi huā
枯树生花,kū shù shēng huā
枯树生华,kū shù shēng huā
枯体灰心,kū tǐ huī xīn
枯形灰心,kū xíng huī xīn
枯朽之余,kū xiǔ zhī yú
枯杨生稊,kū yáng shēng tí
枯鱼病鹤,kū yú bìng hè
枯鱼涸辙,kū yú hé zhé
枯鱼衔索,kū yú xián suǒ
枯鱼之肆,kū yú zhī sì
枯耘伤岁,kū yún shāng suì
枯燥无味,kū zào wú wèi
枯枝败叶,kū zhī bài yè
枯枝再春,kū zhī zài chūn
枯株朽木,kū zhū xiǔ mù
哭哭啼啼,kū kū tí tí
哭丧着脸,kū sāng zhe liǎn
哭天喊地,kū tiān hǎn dì
哭天抹泪,kū tiān mǒ lèi
哭笑不得,kū xiào bù dé
苦不堪言,kǔ bù kān yán
苦不可言,kǔ bù kě yán
苦大仇深,kǔ dà chóu shēn
苦海茫茫,kǔ hǎi máng máng
苦海无边,kǔ hǎi wú biān
苦尽甘来,kǔ jìn gān lái
苦尽甜来,kǔ jìn tián lái
苦口良药,kǔ kǒu liáng yào
苦口逆耳,kǔ kǒu nì ěr
苦口婆心,kǔ kǒu pó xīn
苦乐不均,kǔ lè bù jūn
苦难深重,kǔ nàn shēn zhòng
苦身焦思,kǔ shēn jiāo sī
苦思冥想,kǔ sī míng xiǎng
苦心孤诣,kǔ xīn gū yì
苦心积虑,kǔ xīn jī lǜ
苦心经营,kǔ xīn jīng yíng
苦雨凄风,kǔ yǔ qī fēng
苦中作乐,kǔ zhōng zuò lè
楛耘伤岁,kǔ yún shāng suì
夸大其词,kuā dà qí cí
夸大其辞,kuā dà qí cí
夸多斗靡,kuā duō dòu mí
夸父逐日,kuā fù zhú rì
夸父追日,kuā fù zhuī rì
夸夸而谈,kuā kuā ér tán
夸夸其谈,kuā kuā qí tán
夸强道会,kuā qiáng dào huì
姱容修态,kuā róng xiū tài
胯下蒲伏,kuà xià pú fú
胯下之辱,kuà xià zhī rǔ
跨凤乘龙,kuà fèng chéng lóng
跨凤乘鸾,kuà fèng chéng luán
跨山压海,kuà shān yā hǎi
快步流星,kuài bù liú xīng
快刀斩麻,kuài dāo zhǎn má
快犊破车,kuài dú pò chē
快马加鞭,kuài mǎ jiā biān
快人快事,kuài rén kuài shì
快人快性,kuài rén kuài xìng
快人快语,kuài rén kuài yǔ
快心满意,kuài xīn mǎn yì
快心满志,kuài xīn mǎn zhì
快心遂意,kuài xīn suí yì
快意当前,kuài yì dāng qián
郐下无讥,kuài xià wú jī
脍炙人口,kuài zhì rén kǒu
宽打窄用,kuān dǎ zhǎi yòng
宽大为怀,kuān dà wéi huái
宽宏大度,kuān hóng dà dù
宽宏大量,kuān hóng dà liàng
宽洪大度,kuān hóng dà dù
宽洪大量,kuān hóng dà liàng
宽洪海量,kuān hóng hǎi liàng
宽怀大度,kuān huái dà dù
宽豁大度,kuān huō dà dù
宽猛并济,kuān měng bìng jì
宽猛相济,kuān měng xiāng jì
宽仁大度,kuān rén dà dù
宽以待人,kuān yǐ dài rén
款款而谈,kuǎn kuǎn ér tán
款款深深,kuǎn kuǎn shēn shēn
款曲周至,kuǎn qǔ zhōu zhì
款学寡闻,kuǎn xué guǎ wén
款语温言,kuǎn yǔ wēn yán
匡鼎解颐,kuāng dǐng jiě yí
匡国济时,kuāng guó jì shí
匡衡凿壁,kuāng héng záo bì
匡救弥缝,kuāng jiù mí fèng
匡乱反正,kuāng luàn fǎn zhèng
匡谬正俗,kuāng miù zhèng sú
匡其不逮,kuāng qí bù dǎi
匡时济世,kuāng shí jì shì
匡时济俗,kuāng shí jì sú
匡俗济时,kuāng sú jì shí
恇怯不前,kuāng qiè bù qián
筐箧中物,kuāng qiè zhōng wù
狂吠狴犴,kuáng fèi bì àn
狂风暴雨,kuáng fēng bào yǔ
狂风恶浪,kuáng fēng è làng
狂风怒号,kuáng fēng nù háo
狂风骤雨,kuáng fēng zhòu yǔ
狂蜂浪蝶,kuáng fēng làng dié
狂瞽之言,kuáng gǔ zhī yán
狂轰滥炸,kuáng hōng làn zhà
狂奴故态,kuáng nú gù tài
狂朋怪侣,kuáng péng guài lǚ
狂朋怪友,kuáng péng guài yǒu
狂朋恠友,kuáng péng guài yǒu
狂嫖滥赌,kuáng piáo làn dǔ
狂犬吠日,kuáng quǎn fèi rì
狂三诈四,kuáng sān zhà sì
狂涛骇浪,kuáng tāo hài làng
狂涛巨浪,kuáng tāo jù làng
狂妄自大,kuáng wàng zì dà
诳时惑众,kuáng shí huò zhòng
旷达不羁,kuàng dá bù jī
旷夫怨女,kuàng fū yuàn nǚ
旷古绝伦,kuàng gǔ jué lún
旷古奇闻,kuàng gǔ qí wén
旷古未闻,kuàng gǔ wèi wéi
旷古未有,kuàng gǔ wèi yǒu
旷古一人,kuàng gǔ yī rén
旷日长久,kuàng rì cháng jiǔ
旷日持久,kuàng rì chí jiǔ
旷日积晷,kuàng rì jī guǐ
旷日经久,kuàng rì jīng jiǔ
旷日经年,kuàng rì jīng nián
旷日累时,kuàng rì lěi shí
旷日离久,kuàng rì lí jiǔ
旷日弥久,kuàng rì mí jiǔ
旷日引久,kuàng rì yǐn jiǔ
旷日引月,kuàng rì yǐn yuè
旷若发蒙,kuàng ruò fā méng
旷世奇才,kuàng shì qí cái
旷世无匹,kuàng shì wú pǐ
旷世逸才,kuàng shì yì cái
旷心怡神,kuàng xīn yí shén
亏心短行,kuī xīn duǎn xíng
岿然不动,kuī rán bù dòng
岿然独存,kuī rán dú cún
窥豹一斑,kuī bào yī bān
窥间伺隙,kuī jiàn sì xì
窥见一斑,kuī jiàn yī bān
窥牖小儿,kuī yǒu xiǎo ér
揆理度情,kuí lǐ duó qíng
揆理度势,kuí lǐ dù shì
揆情度理,kuí qíng duó lǐ
揆情审势,kuí qíng shěn shì
揆时度势,kuí shí dù shì
揆文奋武,kuí wén fèn wǔ
葵藿倾阳,kuí huò qīng yáng
魁梧奇伟,kuí wǔ qí wěi
跬步千里,kuǐ bù qiān lǐ
喟然长叹,kuì rán cháng tàn
愧不敢当,kuì bù gǎn dāng
愧悔无地,kuì huǐ wú dì
愧天怍人,kuì tiān zuò rén
溃兵游勇,kuì bīng yóu yǒng
溃不成军,kuì bù chéng jūn
馈贫之粮,zuò pín zhī liáng
昆弟之好,kūn dì zhī hǎo
昆山片玉,kūn shān piàn yù
昆山之玉,kūn shān zhī yù
琨玉秋霜,kūn yù qiū shuāng
悃愊无华,kǔn bì wú huá
壸浆箪食,kǔn jiāng dān shí
困而不学,kùn ér bù xué
困而学之,kùn ér xué zhī
困兽犹斗,kùn shòu yóu dòu
困心横虑,kùn xīn héng lǜ
困心衡虑,kùn xīn héng lǜ
困知勉行,kùn zhī miǎn xíng
括目相待,kuò mù xiāng dài
阔步高谈,kuò bù gāo tán
阔论高谈,kuò lùn gāo tán
廓达大度,kuò dá dà dù
拉捭摧藏,lā bǎi cuī cáng
拉帮结派,lā bāng jié pài
拉家带口,lā jiā dài kǒu
拉枯折朽,lā kū shé xiǔ
拉拉扯扯,lā lā chě chě
拉拉杂杂,lā lā zá zá
拉三扯四,lā sān chě sì
拉闲散闷,lā xián sàn mèn
拉朽摧枯,lā xiǔ cuī kū
腊尽春回,là jìn chūn huí
来处不易,lái chù bù yì
来好息师,lái hǎo xī shī
来鸿去燕,lái hóng qù yàn
来回来去,lái huí lái qù
来历不明,lái lì bù míng
来龙去脉,lái lóng qù mài
来情去意,lái qíng qù yì
来去分明,lái qù fēn míng
来去无踪,lái qù wú zōng
来日大难,lái rì dà nàn
来日方长,lái rì fāng cháng
来势汹汹,lái shì xiōng xiōng
来因去果,lái yīn qù guǒ
来迎去送,lái yíng qù sòng
来者不拒,lái zhě bù jù
来者不善,lái zhě bù shàn
来者居上,lái zhě jū shàng
来者可追,lái zhě kě zhuī
来者勿拒,lái zhě wù jù
来之不易,lái zhī bù yì
来踪去迹,lái zōng qù jì
来踪去路,lái zōng qù lù
赖有此耳,lài yǒu cǐ ěr
兰艾难分,lán ài nán fēn
兰艾同焚,lán ài tóng fén
兰摧玉折,lán cuī yù zhé
兰桂齐芳,lán guì qí fāng
兰心蕙性,lán xīn huì xìng
兰熏桂馥,lán xūn guì fù
兰薰桂馥,lán xūn guì fù
兰因絮果,lán yīn xù guǒ
兰芝常生,lán zhī cháng shēng
兰芷之室,lán zhǐ zhī shì
兰质蕙心,lán zhì huì xīn
兰质熏心,lán zhì xūn xīn
兰质薰心,lán zhì xūn xīn
阑风长雨,lán fēng zhàng yǔ
阑风伏雨,lán fēng fú yǔ
蓝田生玉,lán tián shēng yù
澜倒波随,lán dǎo bō suí
褴褛筚路,lán lǚ bì lù
览闻辩见,lǎn wén biàn jiàn
揽名责实,lǎn míng zé shí
揽辔澄清,lǎn pèi chéng qīng
揽辔登车,lǎn pèi dēng chē
揽辔中原,lǎn pèi zhōng yuán
揽权纳贿,lǎn quán nà huì
烂额焦头,làn é jiāo tóu
烂漫天真,làn màn tiān zhēn
烂熳天真,làn màn tiān zhēn
烂如指掌,làn rú zhǐ zhǎng
烂若披锦,làn ruò pī jǐn
烂若披掌,làn ruò pī zhǎng
烂若舒锦,làn ruò shū jǐn
烂醉如泥,làn zuì rú ní
滥官污吏,làn guān wū lì
滥用职权,làn yòng zhí quán
滥竽充数,làn yú chōng shù
郎才女貌,láng cái nǚ mào
郎才女姿,láng cái nǚ zī
狼狈不堪,láng bèi bù kān
狼狈万状,láng bèi wàn zhuàng
狼狈为奸,láng bèi wéi jiān
狼狈周章,láng bèi zhōu zhāng
狼奔豕突,láng bēn shǐ tū
狼奔鼠窜,láng bēn shǔ cuàn
狼奔鼠偷,láng bēn shǔ tōu
狼奔兔脱,láng bēn tù tuō
狼飡虎食,láng cān hǔ shí
狼飡虎咽,láng cān hǔ yān
狼餐虎噬,láng cān hǔ shì
狼餐虎咽,láng cān hǔ yàn
狼吃幞头,láng chī fú tóu
狼虫虎豹,láng chóng hǔ bào
狼顾鸱张,láng gù chī zhāng
狼顾鸱踤,láng gù chī yín
狼顾狐疑,láng gù hú yí
狼顾虎视,láng gù hǔ shì
狼顾麕惊,láng gù qiān jīng
狼顾鸢视,láng gù yuān shì
狼嗥狗叫,láng háo gǒu jiào
狼嗥鬼叫,láng háo guǐ jiào
狼嚎鬼叫,láng háo guǐ jiào
狼号鬼哭,láng háo guǐ kū
狼艰狈蹶,láng jiān bèi juě
狼猛蜂毒,láng měng fēng dú
狼前虎后,láng qián hǔ hòu
狼飧虎咽,láng sūn hǔ yàn
狼贪虎视,láng tān hǔ shì
狼贪鼠窃,láng tān shǔ qiè
狼突鸱张,láng tū chī zhāng
狼突豕窜,láng tū shǐ cuàn
狼吞虎餐,láng tūn hǔ cān
狼吞虎噬,láng tūn hǔ shì
狼吞虎咽,láng tūn hǔ yàn
狼心狗肺,láng xīn gǒu fèi
狼心狗行,láng xīn gǒu xíng
狼烟大话,láng yān dà huà
狼烟四起,láng yān sì qǐ
狼眼鼠眉,láng yǎn shǔ méi
狼羊同饲,láng yáng tóng sì
狼子兽心,láng zǐ shòu xīn
狼子野心,láng zǐ yě xīn
琅琅上口,láng láng shàng kǒu
琅嬛福地,láng huán fú dì
稂莠不齐,láng yǒu bù qí
锒铛入狱,láng kāng rù yù
朗朗乾坤,lǎng lǎng qián kūn
朗朗上口,lǎng lǎng shàng kǒu
朗目疏眉,lǎng mù shū méi
朗月清风,lǎng yuè qīng fēng
阆苑琼楼,làng yuàn qióng lóu
浪蝶狂蜂,làng dié kuáng fēng
浪蝶游蜂,làng dié yóu fēng
浪迹浮踪,làng jì fú zōng
浪迹江湖,làng jì jiāng hú
浪迹萍踪,làng jì píng zōng
浪迹天下,làng jì tiān xià
浪迹天涯,làng jì tiān yá
浪酒闲茶,làng jiǔ xián chá
浪蕊浮花,làng ruǐ fú huā
浪子回头,làng zǐ huí tóu
浪子宰相,làng zǐ zǎi xiàng
劳而无功,láo ér wú gōng
劳筋苦骨,láo jīn kǔ gǔ
劳苦功高,láo kǔ gōng gāo
劳民动众,láo mín dòng zhòng
劳民费财,láo mín fèi cái
劳民伤财,láo mín shāng cái
劳身焦思,láo shēn jiāo sī
劳师动众,láo shī dòng zhòng
劳师糜饷,láo shī mí xiǎng
劳师袭远,láo shī xí yuǎn
劳思逸淫,láo sī yì yín
劳心焦思,láo xīn jiāo sī
劳心苦思,láo xīn kǔ sī
劳形苦心,láo xíng kǔ xīn
劳燕分飞,láo yàn fēn fēi
劳逸结合,láo yì jié hé
牢不可破,láo bù kě pò
牢甲利兵,láo jiǎ lì bīng
牢骚满腹,láo sāo mǎn fù
牢什古子,láo shí gǔ zi
唠唠叨叨,lāo lāo dāo dāo
老蚌生珠,lǎo bàng shēng zhū
老蚌珠胎,lǎo bàng zhū tāi
老蚕作茧,lǎo cán zuò jiǎn
老成持重,lǎo chéng chí zhòng
老成见到,lǎo chéng jiàn dào
老成练达,lǎo chéng liàn dá
老大无成,lǎo dà wú chéng
老当益壮,lǎo dāng yì zhuàng
老调重弹,lǎo diào zhòng dàn
老调重谈,lǎo diào chóng tán
老而不死,lǎo ér bù sǐ
老骥伏枥,lǎo jì fú lì
老奸巨滑,lǎo jiān jù huá
老奸巨猾,lǎo jiān jù huá
老莱娱亲,lǎo lái yú qīn
老泪纵横,lǎo lèi zòng héng
老马恋栈,lǎo mǎ liàn zhàn
老马识途,lǎo mǎ shí tú
老迈龙钟,lǎo mài lóng zhōng
老谋深算,lǎo móu shēn suàn
老牛破车,lǎo niú pò chē
老牛舐犊,lǎo niú shì dú
老罴当道,lǎo pí dāng dào
老婆当军,lǎo pó dāng jūn
老气横秋,lǎo qì héng qiū
老弱残兵,lǎo ruò cán bīng
老僧入定,lǎo sēng rù dìng
老生常谈,lǎo shēng cháng tán
老师宿儒,lǎo shī xiǔ rú
老实巴交,lǎo shí bā jiāo
老鼠过街,lǎo shǔ guò jiē
老态龙钟,lǎo tài lóng zhōng
老天拔地,lǎo tiān bá dì
老王卖瓜,lǎo wáng mài guā
老羞成怒,lǎo xiū chéng nù
老朽无能,lǎo xiǔ wú néng
老有所终,lǎo yǒu suǒ zhōng
老于世故,lǎo yú shì gù
老妪能解,lǎo yù néng jiě
老之将至,lǎo zhī jiāng zhì
潦原浸天,lǎo yuán jìn tiān
乐不极盘,lè bù jí pán
乐不可极,lè bù kě jí
乐不可言,lè bù kě yán
乐不可支,lè bù kě zhī
乐不思蜀,lè bù sī shǔ
乐昌分镜,lè chāng fēn jìng
乐昌破镜,lè chāng pò jìng
乐昌之镜,lè chāng zhī jìng
乐成人美,lè chéng rén měi
乐此不倦,lè cǐ bù juàn
乐此不疲,lè cǐ bù pí
乐道安命,lè dào ān mìng
乐道安贫,lè dào ān pín
乐道好古,lè dào hǎo gǔ
乐道忘饥,lè dào wàng jī
乐道遗荣,lè dào yí róng
乐而不荒,lè ér bù huāng
乐而不厌,lè ér bù yàn
乐而不淫,lè ér bù yín
乐而忘返,lè ér wàng fǎn
乐而忘死,lè ér wàng sǐ
乐祸幸灾,lè huò xìng zāi
乐极哀来,lè jí āi lái
乐极悲来,lè jí bēi lái
乐极悲生,lè jí bēi shēng
乐极生哀,lè jí shēng āi
乐极生悲,lè jí shēng bēi
乐极则悲,lè jí zé bēi
乐极则忧,lè jí zé yōu
乐嗟苦咄,lè jiē kǔ duō
乐尽悲来,lè jìn bēi lái
乐山爱水,lè shān ài shuǐ
乐山乐水,yào shān yào shuǐ
乐善不倦,lè shàn bù juàn
乐善好施,lè shàn hào shī
乐善好义,lè shàn hǎo yì
乐事劝功,lè shì quàn gōng
乐天安命,lè tiān ān mìng
乐天任命,lè tiān rèn mìng
乐天知命,lè tiān zhī mìng
乐退安贫,lè tuì ān pín
乐往哀来,lè wǎng āi lái
乐新厌旧,lè xīn yàn jiù
乐行忧违,lè xíng yōu wéi
乐业安居,lè yè ān jū
乐以忘忧,lè yǐ wàng yōu
乐在其中,lè zài qí zhōng
雷奔云谲,léi bēn yún jué
雷嗔电怒,léi chēn diàn nù
雷打不动,léi dǎ bù dòng
雷电交加,léi diàn jiāo jiā
雷动风行,léi dòng fēng xíng
雷惊电绕,léi jīng diàn rào
雷厉风飞,léi lì fēng fēi
雷厉风行,léi lì fēng xíng
雷令风行,léi lìng fēng xíng
雷鸣瓦釜,léi míng wǎ fǔ
雷霆万钧,léi tíng wàn jūn
雷霆之怒,léi tíng zhī nù
缧绁之忧,léi xiè zhī yōu
傫如丧狗,lěi rú sàng gǒu
磊瑰不羁,lěi guī bù jī
磊浪不羁,lěi làng bù jī
磊磊落落,lěi lěi luò luò
磊落不凡,lěi luò bù fán
磊落不羁,lěi luò bù jī
磊落光明,lěi luò guāng míng
磊落豪横,lěi luò háo héng
磊落飒爽,lěi luò sà shuǎng
磊落轶荡,lěi luò yì dàng
泪迸肠绝,lèi bèng cháng jué
泪干肠断,lèi gān cháng duàn
泪流满面,lèi liú mǎn miàn
泪如泉滴,lèi rú quán dī
泪如泉涌,lèi rú quán yǒng
泪如雨下,lèi rú yǔ xià
泪下如雨,lèi xià rú yǔ
泪眼汪汪,lèi yǎn wāng wāng
类聚群分,lèi jù qún fēn
累牍连篇,lěi dú lián piān
累及无辜,lěi jí wú gū
累教不改,lěi jiào bù gǎi
累块积苏,lěi kuài jī sū
累累如珠,lěi lěi rú zhū
累卵之危,lěi luǎn zhī wēi
累苏积块,lěi sū jī kuài
累土聚沙,lěi tǔ jù shā
累土至山,lěi tǔ zhì shān
累瓦结绳,lěi wǎ jié shéng
累屋重架,lěi wū chóng jià
累月经年,lěi yuè jīng nián
累足成步,lěi zú chéng bù
擂鼓鸣金,léi gǔ míng jīn
擂鼓筛锣,léi gǔ shāi luó
擂天倒地,léi tiān dǎo dì
楞眉横眼,lèng méi héng yǎn
楞手楞脚,lèng shǒu lèng jiǎo
楞头呆脑,léng tóu dāi nǎo
楞头磕脑,léng tóu kē nǎo
楞头楞脑,léng tóu léng nǎo
冷嘲热讽,lěng cháo rè fěng
冷嘲热骂,lěng cháo rè mà
冷窗冻壁,lěng chuāng dòng bì
冷灰爆豆,lěng huī bào dòu
冷酷无情,lěng kù wú qíng
冷面寒铁,lěng miàn hán tiě
冷暖自知,lěng nuǎn zì zhī
冷若冰霜,lěng ruò bīng shuāng
冷水浇背,lěng shuǐ jiāo bèi
冷水浇头,lěng shuǐ jiāo tóu
冷心冷面,lěng xīn lěng miàn
冷血动物,lěng xuè dòng wù
冷言冷语,lěng yán lěng yǔ
冷言热语,lěng yán rè yǔ
冷眼静看,lěng yǎn jìng kàn
冷眼旁观,lěng yǎn páng guān
冷眼相待,lěng yǎn xiāng dài
冷语冰人,lěng yǔ bīng rén
愣头愣脑,lèng tóu lèng nǎo
梨花带雨,lí hu ài yǔ
梨眉艾发,lí méi ài fā
梨园弟子,lí yuán dì zǐ
梨园子弟,lí yuán zǐ dì
离本徼末,lí běn yāo mò
离本趣末,lí běn qū mò
离本依末,lí běn yī mò
离合悲欢,lí hé bēi huān
离魂倩女,lí hún qiàn nǚ
离经辨志,lí jīng biàn zhì
离经叛道,lí jīng pàn dào
离经畔道,lí jīng pàn dào
离离矗矗,lí lí chù chù
离鸾别凤,lí luán bié fèng
离鸾别鹄,lí luán bié hú
离鸾别鹤,lí luán bié hè
离奇古怪,lí qí gǔ guài
离情别绪,lí qíng bié xù
离群索居,lí qún suǒ jū
离山调虎,lí shān diào hǔ
离世遁上,lí shì dùn shàng
离世绝俗,lí shì jué sú
离世异俗,lí shì yì sú
离蔬释躥,lí shū shì zhe
离蔬释屩,lí shū shì zhe
离题万里,lí tí wàn lǐ
离析分崩,lí xī fēn bēng
离析涣奔,lí xī huàn bēn
离弦走板,lí xián zǒu bǎn
离乡背井,lí xiāng bèi jǐng
离乡背土,lí xiāng bèi tǔ
离乡别井,lí xiāng bié jǐng
离乡别土,lí xiāng bié tǔ
离心离德,lí xīn lí dé
骊黄牝牡,lí huáng pìn mǔ
犁牛髐角,lí niú mài jiǎo
犁牛之子,lí niú zhī zǐ
犁生髐角,lí shēng yuè jiǎo
犁庭扫闾,lí tíng sǎo lǚ
犁庭扫穴,lí tíng sǎo xué
嫠不恤纬,lí bù xù wěi
黎丘丈人,lí qiū zhàng rén
黎庶涂炭,lí shù tú tàn
蠡测管窥,lǐ cè guǎn kuī
蠡酌管窥,lǐ zhuó guǎn kuī
礼崩乐坏,lǐ bēng yuè huài
礼坏乐崩,lǐ huài yuè bēng
礼让为国,lǐ ràng wéi guó
礼尚往来,lǐ shàng wǎng lái
礼奢宁俭,lǐ shē níng jiǎn
礼顺人情,lǐ shùn rén qíng
礼为情貌,lǐ wéi qíng mào
礼无不答,lǐ wú bù dá
礼先一饭,lǐ xiān yī fàn
礼先壹饭,lǐ xiān yī fàn
礼贤下士,lǐ xián xià shì
礼仪之邦,lǐ yí zhī bāng
礼义廉耻,lǐ yì lián chǐ
李白桃红,lǐ bái táo hóng
李代桃僵,lǐ dài táo jiāng
李广不侯,lǐ guǎng bù hòu
李广难封,lǐ guǎng nán fēng
李广未封,lǐ guǎng wèi fēng
李郭同船,lǐ guō tóng chuán
李郭同舟,lǐ guō tóng zhōu
李郭仙舟,lǐ guō xiān zhōu
李下瓜田,lǐ xià guā tián
里丑捧心,lǐ chǒu pěng xīn
里出外进,lǐ chū wài lián
里勾外连,lǐ gōu wài lián
里谈巷议,lǐ tán xiàng yì
里通外国,lǐ tōng wài guó
里外夹攻,lǐ wài jiā gōng
里应外合,lǐ yìng wài hé
理不胜辞,lǐ bù shèng cí
理不忘乱,lǐ bù wàng luàn
理屈词穷,lǐ qū cí qióng
理所必然,lǐ suǒ bì rán
理所不容,lǐ suǒ bù róng
理所当然,lǐ suǒ dāng rán
理冤摘伏,lǐ yuān zhāi fú
理正词直,lǐ zhèng cí zhí
理之当然,lǐ zhī dāng rán
理直气壮,lǐ zhí qì zhuàng
澧兰沅芷,lǐ lán yuán zhǐ
醴酒不设,lǐ jiǔ bù shè
力倍功半,lì bèi gōng bàn
力不从心,lì bù cóng xīn
力不能及,lì bù néng jí
力不能支,lì bù néng zhī
力不胜任,lì bù shèng rèn
力不自胜,lì bù zì shèng
力殚财竭,lì dān cái jié
力敌千钧,lì dí qiān jūn
力敌势均,lì dí shì jūn
力竭声嘶,lì jié shēng sī
力尽筋疲,lì jìn jīn pí
力均势敌,lì jūn shì dí
力钧势敌,lì jūn shì dí
力可拔山,lì kě bá shān
力能扛鼎,lì néng gāng dǐng
力排众议,lì pái zhòng yì
力屈计穷,lì qū jì qióng
力所不及,lì suǒ bù jí
力所能及,lì suǒ néng jí
力透纸背,lì tòu zhǐ bèi
力挽狂澜,lì wǎn kuáng lán
力小任重,lì xiǎo rèn zhòng
力学不倦,lì xué bù juàn
力学笃行,lì xué dǔ xíng
力有未逮,lì yǒu wèi dǎi
力争上游,lì zhēng shàng yóu
历兵秣马,lì bīng mò mǎ
历兵粟马,lì bīng sù mǎ
历精更始,lì jīng gèng shǐ
历精图治,lì jīng tú zhì
历精为治,lì jīng wéi zhì
历井扪天,lì jǐng mén tiān
历久弥坚,lì jiǔ mí jiān
历历可辨,lì lì kě biàn
历历可见,lì lì kě jiàn
历历可考,lì lì kě kǎo
历历可数,lì lì kě shǔ
历历落落,lì lì luò luò
历历在耳,lì lì zài ěr
历历在目,lì lì zài mù
历日旷久,lì rì kuàng jiǔ
历世摩钝,lì shì mó dùn
历世磨钝,lì shì mó dùn
厉兵秣马,lì bīng mò mǎ
厉兵粟马,lì bīng sù mǎ
厉精更始,lì jīng gēng shǐ
厉精图治,lì jīng tú zhì
厉世摩钝,lì shì mó dùn
厉行节约,lì xíng jié yuē
立此存照,lì cǐ cún zhào
立地成佛,lì dì chéng fó
立地书厨,lì dì shū chú
立地书橱,lì dì shū chú
立竿见影,lì gān jiàn yǐng
立功赎罪,lì gōng shú zuì
立国安邦,lì guó ān bāng
立马万言,lì mǎ wàn yán
立命安身,lì mìng ān shēn
立木南门,lì mù nán mén
立人达人,lì rén dá rén
立身处世,lì shēn chǔ shì
立身行己,lì shēn xíng jǐ
立身扬名,lì shēn yáng míng
立时三刻,lì shí sān kè
立谈之间,lì tán zhī jiān
立业安邦,lì yè ān bāng
立锥之地,lì zhuī zhī dì
立足之地,lì zú zhī dì
丽句清词,lì jù qīng cí
丽句清辞,lì jù qīng cí
丽藻春葩,lì zǎo chūn pā
利傍倚刀,lì bàng yǐ dāo
利不亏义,lì bù kuī yì
利齿伶牙,lì chǐ líng yā
利齿能牙,lì chǐ néng yá
利出一孔,lì chū yī kǒng
利害得失,lì hài dé shī
利害相关,lì hài xiāng guān
利害攸关,lì hài yōu guān
利喙赡辞,lì huì shàn cí
利己损人,lì jǐ sǔn rén
利缰名锁,lì jiāng míng suǒ
利令志惛,lì lìng zhì zào
利令智昏,lì lìng zhì hūn
利惹名牵,lì rě míng qiān
利深祸速,lì shēn huò sù
利时及物,lì shí jí wù
利市三倍,lì shì sān bèi
利锁名缰,lì suǒ míng jiāng
利绾名牵,lì wǎn míng qiān
利析秋毫,lì xī qiū háo
利用厚生,lì yòng hòu shēng
利欲熏心,lì yù xūn xīn
利灾乐祸,lì zāi lè huò
励兵秣马,lì bīng mò mǎ
励精更始,lì jīng gēng shǐ
励精求治,lì jīng qiú zhì
励精图治,lì jīng tú zhì
励志竭精,lì zhì jié jīng
沥胆抽肠,lì dǎn chōu cháng
沥胆堕肝,lì dǎn duò gān
沥胆隳肝,lì dǎn huī gān
沥胆披肝,lì dǎn pī gān
沥胆濯肝,lì dǎn zhuó gān
沥血叩心,lì xuè kòu xīn
沥血披肝,lì xuè pī gān
沥血披心,lì xuè pī xīn
例行差事,lì xíng chāi shì
例行公事,lì xíng gōng shì
例直禁简,lì zhí jìn jiǎn
俐齿伶牙,lì chǐ líng yá
栎阳雨金,lì yáng yǔ jīn
轹釜待炊,lì fǔ dài chuī
栗栗危惧,lì lì wēi jù
砺带河山,lì dài hé shān
砺戈秣马,lì gē mò mǎ
砺山带河,lì shān dài hé
砺世摩钝,lì shì mó dùn
砺世磨钝,lì shì mó dùn
砺岳盟河,lì yuè méng hé
粒米狼戾,lì mǐ láng lì
粒米束薪,lì mǐ shù xīn
粝食粗衣,lì shí cū yī
詈夷为跖,lì yí wéi zhí
连鳌跨鲸,lián áo kuà jīng
连编累牍,lián biān lěi dú
连镳并驾,lián biāo bìng jià
连镳并轸,lián biāo bìng zhěn
连车平斗,lián chē píng dǒu
连城之璧,lián chéng zhī bì
连畴接陇,lián chóu jiē lǒng
连二并三,lián èr bìng sān
连二赶三,lián èr gǎn sān
连根带梢,lián gēn dài shāo
连更彻夜,lián gèng chè yè
连更晓夜,lián gèng xiǎo yè
连更星夜,lián gèng xīng yè
连昏达曙,lián hūn dá shǔ
连昏接晨,lián hūn jiē chén
连昬接晨,lián hūn jiē chén
连阶累任,lián jiē lèi rèn
连街倒巷,lián jiē dǎo xiàng
连类比事,lián lèi bǐ shì
连类比物,lián lèi bǐ wù
连里竟街,lián lǐ jìng jiē
连理分枝,lián lǐ fēn zhī
连理之木,lián lǐ zhī mù
连甍接栋,lián méng jiē dòng
连绵不断,lián mián bù duàn
连绵不绝,lián mián bù jué
连绵起伏,lián mián qǐ fú
连明彻夜,lián míng chè yè
连明达夜,lián míng dá yè
连明连夜,lián míng lián yè
连篇絫牍,lián piān lèi dú
连篇絫幅,lián piān lèi fú
连篇累册,lián piān lèi cè
连篇累牍,lián piān lěi dú
连篇累幅,lián piān lèi fú
连篇累帧,lián piān lèi zhēn
连篇累帙,lián piān lèi zhì
连阡累陌,lián qiān lèi mò
连墙接栋,lián qiáng jiē dòng
连衽成帷,lián rèn chéng wéi
连日带夜,lián rì dài yè
连日继夜,lián rì jì yè
连日连夜,lián rì lián yè
连三并四,lián sān bìng sì
连三接二,lián sān jiē èr
连三接四,lián sān jiē sì
连三接五,lián sān jiē wǔ
连三跨五,lián sān kuà wǔ
连山排海,lián shān pái hǎi
连锁反应,lián suǒ fǎn yìng
连汤带水,lián tāng dài shuǐ
连天烽火,lián tiān fēng huǒ
连天匝地,lián tiān zā dì
连宵彻曙,lián xiāo chè shǔ
连宵达旦,lián xiāo dá dàn
连舆并席,lián yú bìng xí
连舆接席,lián yú jiē xí
连战皆捷,lián zhàn jiē jié
连章累牍,lián zhāng lèi dú
连枝比翼,lián zhī bǐ yì
连枝并头,lián zhī bìng tóu
连枝带叶,lián zhī dài yè
连枝分叶,lián zhī fēn yè
连枝共冢,lián zhī gòng zhǒng
连枝同气,lián zhī tóng qì
连帙累牍,lián zhì lèi dú
连中三元,lián zhòng sān yuán
连州比县,lián zhōu bǐ xiàn
连州跨郡,lián zhōu kuà jùn
连珠合璧,lián zhū hé bì
帘窥壁听,lián kuī bì tìng
怜贫敬老,lián pín jìng lǎo
怜贫惜老,lián pín xī lǎo
怜贫恤老,lián pín xù lǎo
怜我怜卿,lián wǒ lián qīng
怜香惜玉,lián xiāng xī yù
怜新弃旧,lián xīn qì jiù
怜新厌旧,lián xīn yàn jiù
联袂而至,lián mèi ér zhì
联篇累牍,lián piān lěi dú
联翩而至,lián piān ér zhì
廉而不刿,lián ér bù guì
廉洁奉公,lián jié fèng gōng
廉可寄财,lián kě jì cái
廉明公正,lián míng gōng zhèng
廉泉让水,lián quán ràng shuǐ
廉顽立懦,lián wán lì nuò
廉远堂高,lián yuǎn táng gāo
敛锷韬光,liǎn è tāo guāng
敛骨吹魂,liǎn gǔ chuí hún
敛后疏前,liǎn hòu shū qián
敛容屏气,liǎn róng bǐng qì
敛色屏气,liǎn sè bǐng qì
敛声匿迹,liǎn shēng nì jì
敛声屏气,liǎn shēng bǐng qì
敛声屏息,liǎn shēng píng xī
敛手待毙,liǎn shǒu dài bì
敛手屏足,liǎn shǒu píng zú
敛影逃形,liǎn yǐng táo xíng
敛怨求媚,liǎn yuàn qiú mèi
脸红耳赤,liǎn hóng ěr chì
脸红耳热,liǎn hóng ěr rè
脸红筋暴,liǎn hóng jīn bào
脸红筋涨,liǎn hóng jīn zhǎng
脸黄肌瘦,liǎn huáng jī shòu
脸青鼻肿,liǎn qīng bí zhǒng
脸无人色,liǎn wú rén sè
练兵秣马,liàn bīng mò mǎ
练达老成,liàn dá lǎo chéng
炼石补天,liàn shí bǔ tiān
恋酒迷花,liàn jiǔ mí huā
恋酒贪花,liàn jiǔ tān huā
恋恋不舍,liàn liàn bù shě
恋恋难舍,liàn liàn nán shě
恋新忘旧,liàn xīn wàng jiù
恋栈不去,liàn zhàn bù qù
良辰吉日,liáng chén jí rì
良辰美景,liáng chén měi jǐng
良辰媚景,liáng chén mèi jǐng
良工苦心,liáng gōng kǔ xīn
良工巧匠,liáng gōng qiǎo jiàng
良工心苦,liáng gōng xīn kǔ
良弓无改,liáng gōng wú gǎi
良贾深藏,liáng jiǎ shēn cáng
良金美玉,liáng jīn měi yù
良禽择木,liáng qín zé mù
良师益友,liáng shī yì yǒu
良师诤友,liáng shī zhèng yǒu
良时吉日,liáng shí jí rì
良时美景,liáng shí měi jǐng
良宵好景,liáng xiāo hǎo jǐng
良宵美景,liáng xiāo měi jǐng
良药苦口,liáng yào kǔ kǒu
良莠不分,liáng yǒu bù fēn
良莠不齐,liáng yǒu bù qí
良莠不一,liáng yǒu bù yī
良莠淆杂,liáng yǒu xiáo zá
良知良能,liáng zhī liáng néng
梁孟相敬,liáng mèng xiāng jìn
梁上君子,liáng shàng jūn zǐ
粮多草广,liáng duō cǎo guǎng
粮尽援绝,liáng jìn yuán jué
踉踉跄跄,liàng liàng qiàng qiàng
两败俱伤,liǎng bài jù shāng
两般三样,liǎng bān sān yàng
两鬓如霜,liǎng bìn rú shuāng
两部鼓吹,liǎng bù gǔ chuī
两次三番,liǎng cì sān fān
两道三科,liǎng dào sān kē
两豆塞耳,liǎng dòu sāi ěr
两耳塞豆,liǎng ěr sāi dòu
两瞽相扶,liǎng gǔ xiāng fú
两虎相斗,liǎng hǔ xiāng dòu
两虎相争,liǎng hǔ xiāng zhēng
两肩荷口,liǎng jiān hé kǒu
两脚居间,liǎng jiǎo jū jiān
两脚书橱,liǎng jiǎo shū chú
两脚野狐,liǎng jiǎo yě hú
两肋插刀,liǎng lèi chā dāo
两两三三,liǎng liǎng sān sān
两面二舌,liǎng miàn èr shé
两面三刀,liǎng miàn sān dāo
两全其美,liǎng quán qí měi
两世为人,liǎng shì wéi rén
两手空空,liǎng shǒu kōng kōng
两鼠斗穴,liǎng shǔ dòu xué
两头白面,liǎng tóu bái miàn
两头和番,liǎng tóu hé fān
两头三面,liǎng tóu sān miàn
两头三绪,liǎng tóu sān xù
两相情原,liǎng xiāng qíng yuán
两相情愿,liǎng xiāng qíng yuàn
两小无猜,liǎng xiǎo wú cāi
两袖清风,liǎng xiù qīng fēng
两叶掩目,liǎng yè yǎn mù
两意三心,liǎng yì sān xīn
量才而为,liàng cái ér wéi
量才录用,liàng cái lù yòng
量才器使,liàng cái qì shǐ
量材录用,liàng cái lù yòng
量己审分,liàng jǐ shěn fēn
量金买赋,liàng jīn mǎi fù
量力度德,liàng lì duó dé
量力而为,liàng lì ér wéi
量力而行,liàng lì ér xíng
量能授官,liàng néng shòu guān
量如江海,liàng rú jiāng hǎi
量入计出,liàng rù jì chū
量入为出,liàng rù wéi chū
量枘制凿,liàng ruì zhì záo
量时度力,liàng shí dù lì
量体裁衣,liàng tǐ cái yī
量小力微,liàng xiǎo lì wēi
量凿正枘,liàng záo zhèng ruì
辽东白豕,liáo dōng bái shǐ
疗疮剜肉,liáo chuāng wān ròu
聊备一格,liáo bèi yī gé
聊表寸心,liáo biǎo cùn xīn
聊复尔尔,liáo fù ěr ěr
聊复尔耳,liáo fù ěr ěr
聊胜一筹,liáo shèng yī chóu
聊胜于无,liáo shèng yú wú
聊以解嘲,liáo yǐ jiě cháo
聊以塞责,liáo yǐ sè zé
聊以自慰,liáo yǐ zì wèi
聊以自娱,liáo yǐ zì yú
聊以卒岁,liáo yǐ zú suì
寥寥可数,liáo liáo kě shǔ
寥寥无几,liáo liáo wú jǐ
寥若晨星,liáo ruò chén xīng
撩蜂吃螫,liáo fēng chī shì
撩蜂剔蝎,liáo fēng tì xiē
撩火加油,liáo huǒ jiā yóu
撩云拨雨,liáo yún bō yǔ
燎发摧枯,liǎo fà cuī kū
燎如观火,liǎo rú guān huǒ
燎若观火,liáo ruò guān huǒ
燎原烈火,liáo yuán liè huǒ
蓼虫忘辛,liǎo chóng wàng xīn
了不长进,liǎo bù zhǎng jǐn
了不可见,liǎo bù kě jiàn
了了可见,liǎo liǎo kě jiàn
了然无闻,le rán wú wén
了然于胸,liǎo rán yú xiōng
了如指掌,liǎo rú zhǐ zhǎng
了若指掌,liǎo ruò zhǐ zhǎng
了身达命,liǎo shēn dá mìng
了身脱命,le shēn tuō mìng
了无惧色,liǎo wū jǔ sè
料敌如神,liào dí rū shén
料敌若神,liào dí ruò shén
料敌制胜,liào dí zhì shèng
料峭春寒,liào qiào chūn hán
料事如神,liào shì rú shén
列鼎而食,liè dǐng ér shí
列风淫雨,liè fēng yín yǔ
列功覆过,liè gōng fù guò
列土分茅,liè tǔ fēn máo
列土封疆,liè tǔ fēng jiāng
列祖列宗,liè zǔ liè zōng
劣迹昭著,liè jì zhāo zhù
劣迹昭着,liè jì zhāo zhe
埒才角妙,liè cái jué miào
埒材角妙,liè cái jiǎo miào
烈火辨日,liè huǒ biàn rì
烈火干柴,liè huǒ gān chái
烈火轰雷,liè huǒ hōng léi
烈火烹油,liè huǒ pēng yóu
烈火真金,liè huǒ zhēn jīn
烈烈轰轰,liè liè hōng hōng
烈士徇名,liè shì xùn míng
捩手覆羹,liè shǒu fù gēng
裂裳裹足,liè cháng guǒ zú
裂裳衣疮,liè sháng yī chuāng
裂石穿云,liè shí chuān yún
裂土分茅,liè tǔ fēn máo
裂眦嚼齿,liè zì jiáo chǐ
邻女窥墙,lín nǚ kuī qiáng
邻女詈人,lín nǚ lì rén
林寒洞肃,lín hán dòng sù
林寒涧肃,lín hán jiàn sù
林籁泉韵,lín lài quán yùn
林林总总,lín lín zǒng zǒng
林栖谷隐,lín qī gǔ yǐn
林下风度,lín xià fēng dù
林下风范,lín xià fēng fàn
林下风气,lín xià fēng qì
林下风韵,lín xià fēng yùn
林下风致,lín xià fēng zhì
林下高风,lín xià gāo fēng
林下清风,lín xià qīng fēng
临别赠言,lín bié zèng yán
临别赠语,lín bié zèng yǔ
临财不苟,lín cái bù gǒu
临池学书,lín chí xué shū
临川羡鱼,lín chuān xiàn yú
临敌卖阵,lín dí mài zhèn
临敌易将,lín dí yì jiàng
临风对月,lín fēng duì yuè
临河羡鱼,lín hé xiàn yú
临机应变,lín jī yìng biàn
临渴穿井,lín kě chuān jǐng
临渴掘井,lín kě jué jǐng
临难不避,lín nán bù bì
临难不惧,lín nàn bù jǔ
临难不恐,lín nàn bù kǒng
临难苟免,lín nàn gǒu miǎn
临难无慑,lín nán wú shè
临难铸兵,lín nàn zhù bīng
临去秋波,lín qù qiū bō
临深履薄,lín shēn lǚ bó
临事而惧,lín shì ér jù
临水登山,lín shuǐ dēng shān
临潼斗宝,lín tóng dòu bǎo
临危不顾,lín wēi bù gù
临危不惧,lín wēi bù jù
临危不挠,lín wēi bù náo
临危受命,lín wēi shòu mìng
临危授命,lín wēi shòu mìng
临危致命,lín wēi zhì mìng
临文不讳,lín wén bù huì
临崖勒马,lín yá lè mǎ
临渊羡鱼,lín yuān xiàn yú
临阵磨刀,lín zhèn mó dāo
临阵磨枪,lín zhèn mó qiāng
临阵脱逃,lín zhèn tuō táo
淋漓尽致,lín lí jìn zhì
琳琅触目,lín láng chù mù
琳琅满目,lín láng mǎn mù
鳞次相比,lín cì xiāng bǐ
鳞次栉比,lín cì zhì bǐ
鳞萃比栉,lín cuì bǐ zhì
鳞集毛萃,lín jí máo cuì
鳞集仰流,lín jí yǎng liú
麟凤龟龙,lín fèng guī lóng
麟凤一毛,lín fèng yī máo
麟肝凤髓,lín gān fèng suǐ
麟角凤距,lín jiǎo fèng jù
麟角凤毛,lín jiǎo fèng máo
麟角凤觜,lín jiǎo fèng zuǐ
麟角凤嘴,lín jiǎo fèng zuǐ
麟角虎翅,lín jiǎo hǔ chì
麟趾呈祥,lín zhǐ chéng xiáng
麟子凤雏,lín zǐ fèng chú
凛如霜雪,lǐn rú shuāng xuě
凛若冰霜,lǐn ruò bīng shuāng
凛若秋霜,lǐn ruò qiū shuāng
赁耳佣目,lìn ěr yōng mù
伶仃孤苦,líng dīng gū kǔ
伶俐乖巧,líng lì guāi qiǎo
伶牙俐齿,líng yá lì chǐ
灵丹妙药,líng dān miào yào
灵丹圣药,líng dān shèng yào
灵机一动,líng jī yī dòng
灵蛇之珠,líng shé zhī zhū
灵心慧齿,líng xīn huì chǐ
灵心慧性,líng xīn huì xìng
灵牙利齿,líng yá lì chǐ
玲珑剔透,líng lóng tī tòu
玲珑透漏,líng lóng tòu lòu
凌弱暴寡,líng ruò bào guǎ
凌上虐下,líng shàng nüè xià
凌霄之志,líng xiāo zhī zhì
凌云之志,líng yún zhī zhì
凌杂米盐,líng zá mǐ yán
陵谷变迁,líng gǔ biàn qiān
陵谷沧桑,líng gǔ cāng sāng
陵劲淬砺,líng jìn cuì lì
陵弱暴寡,líng ruò bào guǎ
绫罗绸缎,líng luó chóu duàn
羚羊挂角,líng yáng guà jiǎo
聆音察理,líng yīn chá lǐ
零打碎敲,líng dǎ suì qiāo
零丁孤苦,líng dīng gū kǔ
零光片羽,líng guāng piàn yǔ
零圭断璧,líng guī duàn bì
零零星星,líng líng xīng xīng
零七八碎,líng qī bā suì
零敲碎打,líng qiāo suì dǎ
零珠碎玉,líng zhū suì yù
领异标新,lǐng yì biāo xīn
令不虚行,lìng bù xū xíng
令人齿冷,lìng rén chǐ lěng
令人发指,lìng rén fà zhǐ
令人莫测,lìng rén mò cè
令人喷饭,lìng rén pēn fàn
令人捧腹,lìng rén pěng fǔ
令人起敬,lìng rén qǐ jìng
令人切齿,lìng rén qiè chǐ
令人神往,lìng rén shén wǎng
令人瞩目,lìng rén zhǔ mù
令人注目,lìng rén zhù mù
令人作呕,lìng rén zuò ǒu
令行禁止,lìng xíng jìn zhǐ
令行如流,lìng xíng rú liú
令原之戚,líng yuán zhī qī
另辟蹊径,lìng pì xī jìng
另楚寒巫,lìng chǔ hán wū
另开生面,lìng kāi shēng miàn
另谋高就,lìng móu gāo jiù
另起炉灶,lìng qǐ lú zào
另请高明,lìng qǐng gāo míng
另眼看待,lìng yǎn kàn dài
另眼看戏,lìng yǎn kàn xì
另眼相待,lìng yǎn xiāng dài
另眼相看,lìng yǎn xiāng kàn
另有洞天,lìng yǒu dòng tiān
溜须拍马,liū xū pāi mǎ
溜之大吉,liū zhī dà jí
溜之乎也,liū zhī hū yě
刘郎前度,liú láng qián dù
刘毅答诏,liú yì dá zhào
流芳百世,liú fāng bǎi shì
流芳后世,liú fāng hòu shì
流芳千古,liú fāng qiān gǔ
流风回雪,liú fēng huí xuě
流风遗迹,liú fēng yí jì
流风余俗,liú fēng yú sú
流风余韵,liú fēng yú yùn
流光瞬息,liú guāng shùn xī
流光易逝,liú guāng yì shì
流汗浃背,liú hàn jiā bèi
流金铄石,liú jīn shuò shí
流口常谈,liú kǒu cháng tán
流脍人口,liú kuài rén kǒu
流离播迁,liú lí bō qiān
流离播越,liú lí bō yuè
流离颠顿,liú lí diān dùn
流离颠沛,liú lí diān pèi
流离颠痜,liú lí diān shǔ
流离失所,liú lí shī suǒ
流离琐尾,liú lí suǒ wěi
流离转徙,liú lí zhuǎn xǐ
流连忘反,liú lián wàng fǎn
流连忘返,liú lián wàng fǎn
流落风尘,liú luò fēng chén
流落江湖,liú luò jiāng hú
流落失所,liú luò shī suǒ
流落他乡,liú luò tā xiāng
流落天涯,liú luò tiān yá
流溺忘反,liú nì wàng fǎn
流年不利,liú nián bù lì
流年似水,liú nián sì shuǐ
流水朝宗,liú shuǐ cháo zōng
流水高山,liú shuǐ gāo shān
流水落花,liú shuǐ luò huā
流水桃花,liú shuǐ táo huā
流水无情,liú shuǐ wú qíng
流水行云,liú shuǐ xíng yún
流水游龙,liú shuǐ yóu lóng
流天澈地,liú tiān chè dì
流星掣电,liú xīng chè diàn
流星飞电,liú xīng fēi diàn
流星赶月,liú xīng gǎn yuè
流行坎止,liú xíng kǎn zhǐ
流血漂卤,liú xuè piāo lǔ
流血千里,liú xuè qiān lǐ
流言飞文,liú yán fēi wén
流言飞语,liú yán fēi yǔ
流言蜚语,liú yán fēi yǔ
流言风语,liú yán fēng yǔ
流言混话,liú yán hùn huà
流言惑众,liú yán huò zhòng
流移失所,liú yí shī suǒ
留连不舍,liú lián bù shě
留恋不舍,liú liàn bù shě
留有余地,liú yǒu yú dì
柳暗花明,liǔ àn huā míng
柳暗花遮,liǔ àn huā zhē
柳宠花迷,liǔ chǒng huà mí
柳亸花娇,liǔ duǒ huā jiāo
柳亸莺娇,liǔ duǒ yīng jiāo
柳骨颜筋,jiǔ gǔ yán jīn
柳户花门,liǔ hù huā mén
柳昏花螟,liǔ hūn huā míng
柳娇花媚,liǔ jiāo huā mèi
柳街花巷,liǔ jiē huā xiòng
柳绿花红,liǔ lǜ huā hóng
柳绿桃红,liǔ lǜ táo hóng
柳眉倒竖,liǔ méi dào shù
柳眉剔竖,liǔ méi tī shù
柳眉踢竖,liǔ méi tī shù
柳眉星眼,liǔ méi xīng yǎn
柳门竹巷,liǔ mén zhú xiàng
柳陌花丛,liǔ mò huā cóng
柳陌花街,liǔ mò huā jiē
柳陌花衢,liǔ mò huā qú
柳暖花春,liǔ nuǎn huā chūn
柳泣花啼,liǔ qì huā tí
柳衢花市,liǔ qú huā shì
柳弱花娇,liǔ ruò huā jiāo
柳圣花神,liǔ shèng huā shén
柳市花街,liǔ shì huā jiē
柳啼花怨,liǔ tí huā yuàn
柳下借阴,liǔ xià jiè yīn
柳巷花街,liǔ xiòng huā jiē
柳絮才高,liǔ xù cái gāo
柳烟花雾,liǔ yān huā wù
柳夭桃艳,liǔ yāo táo yèn
柳腰花态,liǔ yāo huā tài
柳腰莲脸,liǔ yāo lián lián
柳莺花燕,liǔ yīng huā yàn
柳营花市,liǔ yíng huā shì
柳营花阵,liǔ yíng huā zhèn
柳影花阴,liǔ yǐng huā yīn
柳折花残,liǔ zhé huā cán
六臂三头,liù bì sān tóu
六朝金粉,liù cháo jīn fěn
六尘不染,liù chén bù rǎn
六尺之孤,liù chǐ zhī gū
六尺之讬,liù chǐ zhī quàn
六出纷飞,liù chū fēn fēi
六出奇计,liù chū qí jì
六道轮回,liù dào lún huí
六根清净,liù gēn qīng jìng
六根清静,liù gēn qīng jìng
六合之内,liù hé zhī nèi
六街三陌,liù jiē sān mò
六街三市,liù jiē sān shì
六马仰秣,liù mǎ yǎng mò
六亲不认,liù qīn bù rèn
六亲无靠,liù qīn wú kào
六趣轮回,liù qù lún huí
六神不安,liù shén bǔ ān
六神无主,liù shén wú zhǔ
六韬三略,liù tāo sān lüè
六通四辟,liù tōng sì pì
六通四达,liù tōng sì dá
六问三推,liù wèn sān tuī
六畜不安,liù chù bù ān
六畜兴旺,liù chù xīng wàng
六月飞霜,liù yuè fēi shuāng
龙驰虎骤,lóng chí hǔ zhòu
龙雏凤种,lóng chú fèng zhǒng
龙德在田,lóng dé zài tián
龙雕凤咀,lóng diāo fèng jǔ
龙断可登,lóng duàn kě dēng
龙断之登,lóng duàn zhī dēng
龙蹲虎踞,lóng dūn hǔ jù
龙多乃旱,lóng duō nǎi hàn
龙幡虎纛,lóng fān hǔ dào
龙飞凤舞,lóng fēi fèng wǔ
龙飞凤翔,lóng fēi fèng xiáng
龙飞凤翥,lóng fēi fèng zhù
龙飞虎跳,lóng fēi hǔ tiào
龙凤呈祥,lóng fèng chéng xiáng
龙肝豹胎,lóng gān bào tāi
龙肝凤脑,lóng gān fèng nǎo
龙肝凤髓,lóng gān fèng suǐ
龙鬼蛇神,lóng guǐ shé shén
龙翰凤雏,lóng hàn fèng chú
龙翰凤翼,lóng hàn fèng yì
龙胡之痛,lóng hú zhī tòng
龙虎风云,lóng hǔ fēng yún
龙化虎变,lóng huà hǔ biàn
龙荒蛮甸,lóng huāng mán diàn
龙荒朔漠,lóng huāng shuò mò
龙江虎浪,lóng jiāng hǔ làng
龙精虎猛,lóng jīng hǔ měng
龙驹凤雏,lóng jū fèng chú
龙举云兴,lóng jǔ yún xīng
龙举云属,lóng jǔ yún shǔ
龙楼凤城,lóng lóu fèng chéng
龙楼凤池,lóng lóu fèng shi
龙楼凤阁,lóng lóu fèng gé
龙楼凤阙,lóng lóu fèng què
龙踚虎卧,lóng quán hǔ wò
龙马精神,lóng mǎ jīng shén
龙眉豹颈,lóng méi bào jǐng
龙眉凤目,lóng méi fèng mù
龙门点额,lóng mén diǎn é
龙鸣狮吼,lóng míng shī hǒu
龙拏虎攫,lóng ná hǔ jué
龙拏虎跳,lóng ná hǔ tiào
龙拏虎掷,lóng ná hǔ zhì
龙攀凤附,lóng pān fèng fù
龙盘凤舞,lóng pán fèng wǔ
龙盘凤逸,lóng pán fèng yì
龙盘凤翥,lóng pán fèng zhù
龙盘虎踞,lóng pán hǔ jù
龙盘虎拏,lóng pán hǔ ná
龙蟠凤逸,lóng pán fèng yì
龙蟠凤翥,lóng pán fèng zhù
龙蟠虎伏,lóng pán hǔ fú
龙蟠虎踞,lóng pán hǔ jù
龙蟠虎绕,lóng pán hǔ rào
龙蟠虬结,lóng pán qiú jié
龙潜凤采,lóng qián fèng cǎi
龙屈蛇伸,lóng qū shé shēn
龙去鼎湖,lóng qù dǐng hú
龙蛇飞动,lóng shé fēi dòng
龙蛇飞舞,lóng shé fēi wǔ
龙蛇混杂,lóng shé hùn zá
龙伸蠖屈,lóng shēn huò qū
龙神马壮,lóng shén mǎ zhuàng
龙生九种,lóng shēng jiǔ zhǒng
龙生九子,lóng shēng jiǔ zǐ
龙首豕足,lóng shǒu shǐ zú
龙潭虎窟,lóng tán hǔ kū
龙潭虎穴,lóng tán hǔ xué
龙韬豹略,lóng tāo bào lüè
龙腾豹变,lóng téng bào biàn
龙腾凤集,lóng téng fèng jí
龙腾虎蹴,lóng téng hǔ cù
龙腾虎踞,lóng téng hǔ jù
龙腾虎啸,lóng téng hǔ xiào
龙腾虎跃,lóng téng hǔ yuè
龙腾虎踯,lóng téng hǔ zhí
龙腾虎掷,lóng téng hǔ zhì
龙跳虎伏,lóng tiào hǔ fú
龙跳虎卧,lóng tiào hǔ wò
龙头锯角,lóng tóu jù jiǎo
龙头蛇尾,lóng tóu shé wěi
龙威虎震,lóng wēi hǔ zhèn
龙威燕颔,lóng wēi yàn hàn
龙骧豹变,lóng xiāng bào biàn
龙骧凤矫,lóng xiāng fèng jiǎo
龙骧虎步,lóng xiāng hǔ bù
龙骧虎视,lóng xiāng hǔ shì
龙骧虎啸,lóng xiāng hǔ xiào
龙骧虎踤,lóng xiāng hǔ jià
龙骧蠖屈,lóng xiāng huò qū
龙骧麟振,lóng xiāng lín zhèn
龙翔凤舞,lóng xiáng fèng wǔ
龙翔凤跃,lóng xiáng fèng yuè
龙翔凤翥,lóng xiáng fèng zhù
龙翔虎跃,lóng xiáng hǔ yuè
龙心凤肝,lóng xīn fèng gān
龙兴凤举,lóng xīng fèng jǔ
龙兴云属,lóng xīng yún shǔ
龙行虎变,lóng xíng hǔ biàn
龙行虎步,lóng xíng hǔ bù
龙血凤髓,lóng xuè fèng suǐ
龙血玄黄,lóng xuě xuán huáng
龙言凤语,lóng yán fèng yǔ
龙颜凤姿,lóng yán fèng zī
龙阳泣鱼,lóng yáng qì yú
龙吟虎啸,lóng yīn hǔ xiào
龙游曲沼,long you qu zhao
龙驭上宾,lóng yù shàng bīn
龙御上宾,lóng yù shàng bīn
龙跃凤鸣,lóng yuè fèng míng
龙跃鸿矫,lóng yuè hóng jiǎo
龙跃虎踞,lóng yuè hǔ jù
龙战虎争,lóng zhàn hǔ zhēng
龙战玄黄,lóng zhàn xuán huáng
龙战鱼骇,lóng zhàn yú hài
龙章凤彩,lóng zhāng fèng cǎi
龙章凤函,lóng zhāng fèng hán
龙章凤姿,lóng zhāng fèng zī
龙章麟角,lóng zhāng lín jiǎo
龙章秀骨,lóng zhāng xiù gǔ
龙蛰蠖屈,lóng zhé huò qū
龙争虎斗,lóng zhēng hǔ dòu
龙争虎战,lóng zhēng hǔ zhàn
龙睁虎眼,lóng zhēng hǔ yǎn
龙姿凤采,lóng zī fèng cǎi
笼络人心,lǒng luò rén xīn
笼鸟池鱼,lóng niǎo shi yú
笼鸟槛猿,lóng niǎo jiàn yuán
笼中之鸟,lóng zhōng zhī niǎo
聋者之歌,lóng zhě zhī gē
隆刑峻法,lóng xíng jùn fǎ
陇头音信,lǒng tóu yīn xìn
楼船箫鼓,lou chuan xiao gu
楼阁台榭,lóu gé tái xiè
楼阁亭台,lóu gé tíng tái
楼台亭阁,lóu tái tíng gé
蝼蚁贪生,lóu yǐ tān shēng
陋巷箪瓢,lòu xiàng dān piáo
漏洞百出,lòu dòng bǎi chū
漏脯充饥,lòu fǔ chōng jī
漏尽更阑,lòu jìn gēng lán
漏尽钟鸣,lòu jìn zhōng míng
漏尽锺鸣,lòu jìn zhōng míng
漏网之鱼,lòu wǎng zhī yú
漏泄春光,lòu xiè chūn guāng
漏泄天机,lòu xiè tiān jī
漏洩春光,lòu xiè chūn guāng
漏卮难满,lòu zhī nán mǎn
镂冰炊砾,lòu bīng chuī lì
镂冰雕琼,lòu bīng diāo qióng
镂冰雕朽,lòu bīng diāo xiǔ
镂冰劚雪,lòu bīng diāo xuě
镂尘吹影,lòu chén chuī yǐng
镂肝鉥肾,lòu gān qiā shèn
镂骨铭肌,lòu gǔ míng jī
镂骨铭心,lòu gǔ míng xīn
镂金错采,lòu jīn cuò cǎi
镂金错彩,lòu jīn cuò cǎi
镂金铺翠,lòu jīn pù cuì
镂心刻骨,lòu xīn kè gǔ
镂心呕血,lòu xīn ǒu xuè
镂心鉥肝,lòu xīn fèng gān
镂玉裁冰,lòu yù cái bīng
镂月裁云,lòu yuè cái yún
镂脂翦楮,lòu zhī jiǎn chǔ
露才扬己,lù cái yáng jǐ
露餐风宿,lù cān fēng sù
露钞雪纂,lù chāo xuě zuǎn
露胆披诚,lù dǎn pī chéng
露胆披肝,lù dǎn pī gān
露红烟绿,lù hóng yān lǜ
露红烟紫,lù hóng yān zǐ
露己扬才,lù jǐ yáng cái
露面抛头,lù miàn pāo tóu
露水夫妻,lù shuǐ fū qī
露宿风餐,lù sù fēng cān
露往霜来,lù wǎng shuāng lái
露尾藏头,lù wěi cáng tóu
露影藏形,lù yǐng cáng xíng
露纂雪钞,lù zuǎn xuě chāo
庐山面目,lú shān miàn mù
庐山真面,lú shān zhēn miàn
炉火纯青,lú huǒ chún qīng
卤莽灭裂,lǔ mǎng miè liè
鲁殿灵光,lú diàn líng guāng
鲁戈挥日,lǔ gē huī rì
鲁戈回日,lǔ gē huí rì
鲁斤燕削,lǔ jīn yàn xuē
鲁连蹈海,lǔ lián dǎo hǎi
鲁灵光殿,lǔ líng guāng diàn
鲁莽灭裂,lǔ mǎng miè liè
鲁人回日,lǔ rén huí rì
鲁卫之政,lǔ wèi zhī zhèng
鲁阳挥戈,lǔ yáng huī gē
鲁阳挥日,lǔ yáng huī rì
鲁阳麾戈,lǔ yáng huī gē
鲁阳回日,lǔ yáng huí rì
鲁鱼帝虎,lǔ yú dì hǔ
鲁鱼亥豕,lǔ yú hài shǐ
鲁鱼陶阴,lǔ yú táo yīn
陆海潘江,lù hǎi pān jiāng
陆离斑驳,lù lí bān bó
陆离光怪,lù lí guāng guài
陆詟水栗,lù zhé shuǐ lì
鹿车共挽,lù chē gòng wǎn
鹿皮苍璧,lù pí cāng bì
鹿裘不完,lù qiú bù wán
鹿死谁手,lù sǐ shuí shǒu
鹿驯豕暴,lù xùn shǐ bào
鹿走苏台,lù zǒu sū tái
碌碌寡合,lù lù guǎ hé
碌碌无能,lù lù wú néng
碌碌无奇,lù lù wú qí
碌碌无为,lù lù wú wéi
碌碌无闻,lù lù wú wén
路不拾遗,lù bù shí yí
路断人稀,lù duàn rén xī
路见不平,lù jiàn bù píng
路绝人稀,lù jué rén xī
路柳墙花,lù liǔ qiáng huā
路人皆知,lù rén jiē zhī
路叟之忧,lù sǒu zhī yōu
路无拾遗,lù wú shí yí
路远迢迢,lù yuǎn tiáo tiáo
戮力齐心,lù lì qí xīn
戮力同心,lù lì tóng xīn
戮力一心,lù lì yī xīn
戮力壹心,lù lì yī xīn
鹭朋鸥侣,lù péng ōu lǚ
鹭序鸳行,lù xù yuān xíng
鹭序鹓行,lù xù yuān xíng
鹭约鸥盟,lù yuē ōu méng
驴唇马觜,lǘ chún mǎ zī
驴唇马嘴,lǘ chún mǎ zuǐ
驴鸣狗吠,lǘ míng gǒu fèi
驴鸣犬吠,lǘ míng quǎn fèi
驴年马月,lǘ nián mǎ yuè
驴前马后,lǘ qián mǎ hòu
驴心狗肺,lǘ xīn gǒu fèi
闾阎安堵,lǔ yán ān dǔ
闾阎扑地,lǘ yán pū dì
吕安题凤,lǚ ān tí fèng
吕武操莽,lǚ wǔ cāo mǎng
旅进旅退,lǚ jìn lǚ tuì
屡变星霜,lǚ biàn xīng shuāng
屡次三番,lǚ cì sān fān
屡见不鲜,lǚ jiàn bù xiān
屡教不改,lǚ jiàn bù gǎi
屡试不爽,lǚ shì bù shuǎng
屡试屡验,lǚ shì lǚ yàn
屡战屡败,lǚ zhàn lǜ bài
履薄临深,lǚ bó lín shēn
履穿踵决,lǚ chuān zhǒng jué
履机乘变,lǚ jī chéng biàn
履仁蹈义,lǚ rén dǎo yì
履霜坚冰,lǚ shuāng jiān bīng
履霜之戒,lǚ shuāng zhī jiè
履霜知冰,lǚ shuāng zhī bīng
履丝曳缟,lǚ sī yè gǎo
履汤蹈火,lǚ tāng dǎo huǒ
履舄交错,lǚ xì jiāo cuò
履险蹈危,lǚ xiǎn dǎo wēi
履险如夷,lǚ xiǎn rú yí
履险若夷,lǚ xiǎn ruò yí
履信思顺,lǚ xìn sī shùn
履盈蹈满,lǚ yíng dǎo mǎn
履足差肩,lǚ zú chà jiān
虑周藻密,lǜ zhōu zǎo mì
率尔操觚,shuài ér cāo gū
率尔成章,shuài ěr chéng zhāng
率马以骥,shuài mǎ yǐ jì
率兽食人,shuài shòu shí rén
率土归心,shuài tǔ guī xīn
率土同庆,shuài tǔ tóng qìng
率土宅心,shuài tǔ zhái xīn
率土之滨,shuài tǔ zhī bīn
率以为常,shuài yǐ wéi cháng
率由旧则,shuài yóu jiù zé
率由旧章,shuài yóu jiù zhāng
绿暗红稀,lǜ àn hóng xī
绿鬓红颜,lǜ bìn hóng yán
绿鬓朱颜,lǜ bìn zhū yán
绿惨红愁,lǜ cǎn hóng chóu
绿惨红销,lǜ cǎn hóng xiāo
绿草如茵,lǜ cǎo rú yīn
绿肥红瘦,lǜ féi hóng shòu
绿酒红灯,lǜ jiǔ hóng dēng
绿林大盗,lù lín dà dào
绿林豪杰,lù lín háo jié
绿林豪客,lù lín háo kè
绿林豪士,lù lín háo shì
绿林好汉,lù lín hǎo hàn
绿林强盗,lù lín qiáng dào
绿女红男,lǜ nǚ hóng nán
绿水青山,lǜ shuǐ qīng shān
绿蓑青笠,lǜ suō qīng lì
绿叶成阴,lǜ yè chéng yīn
绿叶成荫,lǜ yè chéng yīn
绿衣黄里,lǜ yī huáng lǐ
绿衣使者,lǜ yī shǐ zhě
鸾翱凤翥,luán áo fèng zhù
鸾俦凤侣,luán chóu fèng lǚ
鸾颠凤倒,luán diān fèng dǎo
鸾飞凤舞,luán fēi fèng wǔ
鸾飞凤翥,luán fēi fèng zhù
鸾分凤离,luán fēn fèng lí
鸾凤分飞,luán fèng fēn fēi
鸾凤和鸣,luán fèng hè míng
鸾歌凤吹,luán gē fèng chuí
鸾歌凤舞,luán gē fèng wǔ
鸾孤凤寡,luán gū fèng guǎ
鸾孤凤只,luán gū fèng zhī
鸾鹄停峙,luán hú tíng zhì
鸾鹄在庭,luán hú zài tíng
鸾回凤翥,luán huí fèng zhù
鸾交凤俦,luán jiāo fèng chóu
鸾交凤友,luán jiāo fèng yǒu
鸾胶凤丝,luán jiāo fèng sī
鸾鸣凤奏,luán míng fèng zòu
鸾漂凤泊,luán piāo fèng bó
鸾飘凤泊,luán piāo fèng bó
鸾跂鸿惊,luán qí hóng jīng
鸾停鹄峙,luán tíng hú zhì
鸾翔凤集,luán xiáng fèng jí
鸾翔凤翥,luán xiáng fèng zhù
鸾音鹤信,luán yīn hè xìn
鸾吟凤唱,luán yín fèng chàng
鸾舆凤驾,luán yú fèng jià
鸾只凤单,luán zhī fèng dān
鸾姿凤态,luán zī fèng tài
卵覆鸟飞,luán fù niǎo fēi
卵石不敌,luǎn shí bù dí
卵与石斗,luǎn yǔ shí dòu
乱臣贼子,luàn chén zéi zǐ
乱点鸳鸯,luàn diǎn yuān yāng
乱箭攒心,luàn jiàn cuán xīn
乱七八遭,luàn qī bā zāo
乱七八糟,luàn qī bā zāo
乱琼碎玉,luàn qióng suì yù
乱世凶年,luàn shì xiōng nián
乱世英雄,luàn shì yīng xióng
乱首垢面,luàn shǒu gòu miàn
乱头粗服,luàn tóu cū fú
乱语胡言,luàn yǔ hú yán
乱坠天花,luàn zhuì tiān huā
乱作胡为,luàn zuò hú wéi
乱作一团,luàn zuò yī tuán
掠地攻城,lüè dì gōng chéng
掠美市恩,lüě měi shì ēn
掠人之美,lüè rén zhī měi
掠影浮光,lüè yǐng fú guāng
略高一筹,lüè gāo yī chóu
略迹论心,lüè jì lùn xīn
略迹原情,lüè jì yuán qíng
略迹原心,lüè jì yuán xīn
略见一斑,lüè jiàn yī bān
略窥一斑,lüè kuī yī bān
略胜一筹,lüè shèng yī chóu
略识之无,lüè shí zhī wú
略无忌惮,lüè wú jì dàn
略逊一筹,lüè xùn yī chóu
略知皮毛,lüè zhī pí máo
略知一二,lüè zhī yī èr
沦肌浃髓,lún jī jiā suǐ
沦浃肌髓,lún jiā jī suǐ
沦落风尘,lún luò fēng chén
纶巾羽扇,guān jīn yǔ shàn
纶音佛语,lún yīn fó yǔ
轮扁斫轮,lún biǎn zhuó lún
轮焉奂焉,lún yān huàn yān
论辩风生,lùn biàn fēng shēng
论长道短,lùn cháng dào duǎn
论长说短,lùn cháng shuō duǎn
论道经邦,lùn dào jīng bāng
论德使能,lùn dé shǐ néng
论短道长,lùn duǎn dào cháng
论甘忌辛,lùn gān jì xīn
论高寡合,lùn gāo guǎ hé
论功封赏,lùn gōng fēng shǎng
论功受赏,lùn gōng shòu shǎng
论功行封,lùn gōng xíng fēng
论功行赏,lùn gōng xíng shǎng
论黄数白,lùn huáng shù bái
论黄数黑,lùn huáng shǔ hēi
论今说古,lùn jīn shuō gǔ
论列是非,lùn liè shì fēi
论千论万,lùn qiān lùn wàn
论世知人,lùn shì zhī rén
论心定罪,lùn xīn dìng zuì
论议风生,lùn yì fēng shēng
论资排辈,lùn zī pái bèi
捋袖揎拳,luō xiù xuān quán
罗敷有夫,luó fū yǒu fū
罗掘俱穷,luó jué jù qióng
罗掘一空,luó jué yī kōng
罗钳吉网,luó qián jí wǎng
罗雀掘鼠,luó què jué shǔ
罗之一目,luó zhī yī mù
罗织构陷,luò zhī gòu xiàn
罗织罪名,luó zhī zuì míng
锣鼓喧天,luó gǔ xuān tiān
裸裎袒裼,luǒ chéng tǎn xī
裸袖揎拳,luǒ xiù xuān quán
攞袖揎拳,luǒ xiù xuān quán
洛阳才子,luò yáng cái zǐ
洛阳纸贵,luò yáng zhǐ guì
络绎不绝,luò yì bù jué
荦荦大端,luò luò dà duān
荦荦大者,luò luò dà zhě
荦荦确确,luò luò què què
骆驿不绝,luò yì bù jué
落草为寇,luò cǎo wéi kòu
落地生根,luò dì shēng gēn
落花流水,luò huā liú shuǐ
落花无言,luò huā wú yán
落荒而逃,luò huāng ér táo
落荒而走,luò huāng ér zǒu
落井投石,luò jǐng tóu shí
落井下石,luò jǐng xià shí
落阱下石,luò jǐng xià shí
落落大方,luò luò dà fāng
落落寡合,luò luò guǎ hé
落落穆穆,luò luò mù mù
落落难合,luò luò nán hé
落魄不羁,luò pò bù jī
落魄不偶,luo tuo bu ou
落魄江湖,luò pò jīng hú
落汤螃蟹,luò tāng páng xiè
落拓不羁,luò tuò bù jī
落雁沉鱼,luò yàn chén yú
落叶归根,luò yè guī gēn
落叶知秋,luò yè zhī qiū
落英缤纷,luò yīng bīn fēn
落月屋梁,luò yuè wū liáng
落纸云烟,luò zhǐ yún yān
麻痹不仁,má bì bù rén
麻痹大意,má bì dà yì
麻痺不仁,má bì bù rén
麻姑献寿,má gū xiàn shòu
麻木不仁,má mù bù rén
马勃牛溲,mǎ bó niú sōu
马浡牛溲,mǎ bó niú sōu
马不解鞍,mǎ bù jiě ān
马不停蹄,mǎ bù tíng tí
马尘不及,mǎ chén bù jí
马迟枚疾,mǎ chí méi jí
马齿徒长,mǎ chǐ tú zhǎng
马齿徒增,mǎ chǐ tú zēng
马到成功,mǎ dào chéng gōng
马到功成,mǎ dào gōng chéng
马耳春风,mǎ ěr chūn fēng
马耳东风,mǎ ěr dōng fēng
马翻人仰,mǎ fān rén yǎng
马放南山,mǎ fàng nán shān
马腹逃鞭,mǎ fù táo biān
马革裹尸,mǎ gé guǒ shī
马革盛尸,mǎ gé shèng shī
马工枚速,mǎ gōng méi sù
马迹蛛丝,mǎ jì zhū sī
马角乌白,mǎ jiǎo wū bái
马角乌头,mǎ jiǎo wū tóu
马空冀北,mǎ kōng jì běi
马龙车水,mǎ lóng chē shuǐ
马鹿异形,mǎ lù yì xíng
马鹿易形,mǎ lù yì xíng
马马虎虎,mǎ mǎ hǔ hǔ
马毛猬磔,mǎ máo wèi zhé
马毛蝟磔,mǎ máo wèi zhé
马面牛头,mǎ miàn niú tóu
马牛襟裾,mǎ niú jīn jū
马牛其风,mǎ niú qí fēng
马前泼水,mǎ qián pō shuǐ
马去马归,mǎ qù mǎ guī
马如流水,mǎ rú liú shuǐ
马如游龙,mǎ rú yóu lóng
马如游鱼,mǎ rú yóu yú
马入华山,mǎ rù huá shān
马上房子,mǎ shàng fáng zi
马上功成,mǎ shàng gōng chéng
马上看花,mǎ shàng kàn huā
马上墙头,mǎ shàng qiáng tóu
马首是瞻,mǎ shǒu shì zhān
马首欲东,mǎ shǒu yù dōng
马瘦毛长,mǎ shòu máo cháng
马水车龙,mǎ shuǐ chē lóng
马咽车阗,mǎ yān chē tián
马仰人翻,mǎ yǎng rén fān
马中关五,mǎ zhōng guān wǔ
马壮人强,mǎ zhuàng rén qiáng
马捉老鼠,mǎ zhuō lǎo shǔ
马足车尘,mǎ zú chē chén
马足龙沙,mǎ zú lóng shā
蚂蚁缘槐,mǎ yǐ yuán huái
骂不绝口,mà bù jué kǒu
骂天扯地,mà tiān chě dì
骂天咒地,mà tiān zhòu dì
埋轮破柱,mái lún pò zhù
埋声晦迹,mái shēng huì jì
埋天怨地,mán tiān yuàn dì
埋头顾影,mái tóu gù yǐng
埋头苦干,mái tóu kǔ gàn
买菜求益,mǎi cài qiú yì
买臣覆水,mǎi chén fù shuǐ
买东买西,mǎi dōng mǎi xī
买椟还珠,mǎi dú huán zhū
买犊卖刀,mǎi dú mài dāo
买官鬻爵,mǎi guān yù jué
买贱卖贵,mǎi jiàn mài guì
买静求安,mǎi jìng qiú ān
买爵贩官,mǎi jué fàn guān
买空卖空,mǎi kōng mài kōng
买犁卖剑,mǎi lí mài jiàn
买马招兵,mǎi mǎ zhāo bīng
买马招军,mǎi mǎ zhāo jūn
买牛卖剑,mǎi niú mài jiàn
买牛息戈,mǎi niú xī gē
买上告下,mǎi shàng gào xià
买上嘱下,mǎi shàng zhǔ xià
买田阳羡,mǎi tián yáng xiàn
买铁思金,mǎi tiě sī jīn
买王得羊,mǎi wáng dé yáng
买笑寻欢,mǎi xiào xún huān
买笑迎欢,mǎi xiào yíng huān
买笑追欢,mǎi xiào zhuī huān
迈古超今,mài gǔ chāo jīn
麦饭豆羹,mài fàn dòu gēng
麦丘之祝,mài qiū zhī zhù
麦穗两岐,mài suì liǎng qí
麦穗两歧,mài suì liǎng qí
麦秀两岐,mài xiù liǎng qí
麦秀两歧,mài xiù liǎng qí
麦秀黍离,mài xiù shǔ lí
卖刀买犊,mài dāo mǎi dú
卖犊买刀,mài dú mǎi dāo
卖儿贴妇,mài ér tiē fù
卖儿鬻女,mài ér yù nǚ
卖法市恩,mài fǎ shì ēn
卖富差贫,mài fù chà pín
卖公营私,mài gōng yíng sī
卖狗悬羊,mài gǒu xuán yáng
卖乖弄俏,mài guāi nòng qiào
卖官贩爵,mài guān fàn jué
卖官卖爵,mài guān mài jué
卖官鬻爵,mài guān yù jué
卖官鬻狱,mài guān yù yù
卖国求利,mài guó qiú lì
卖国求荣,mài guó qiú róng
卖剑买犊,mài jiàn mǎi dú
卖剑买牛,mài jiàn mǎi niú
卖剑买琴,mài jiàn mǎi qín
卖爵鬻官,mài jué yù guān
卖空买空,mài kōng mǎi kōng
卖李钻核,mài lǐ zuān hé
卖履分香,mài lǚ fēn xiāng
卖男鬻女,mài nán yù nǚ
卖妻鬻子,mài qī yù zǐ
卖俏行奸,mài qiào xíng jiān
卖俏迎奸,mài qiào yíng jiān
卖身投靠,mài shēn tóu kào
卖头卖脚,mài tóu mài jiǎo
卖文为生,mài wén wéi shēn
卖笑追欢,mài xiào zhuī huān
卖友求荣,mài yǒu qiú róng
卖主求荣,mài zhǔ qiú róng
脉脉含情,mò mò hán qíng
脉脉相通,mài mài xiāng tōng
蛮不讲理,mán bù jiǎng lǐ
蛮触相争,mán chù xiāng zhēng
蛮横无理,mán hèng wú lǐ
蛮来生作,mán lái shēng zuò
蛮烟瘴雾,mán yān zhàng wù
蛮烟瘴雨,mán yān zhàng yǔ
瞒上欺下,mán shàng qī xià
瞒神弄鬼,mán shén nòng guǐ
瞒天大谎,mán tiān dà huǎng
瞒天过海,mán tiān guò hǎi
瞒天瞒地,mán tiān mán dì
瞒天昧地,mán tiān mèi dì
瞒天讨价,mán tiān tǎo jià
瞒天要价,mán tiān yào jià
瞒心昧己,mán xīn mèi jǐ
满不在乎,mǎn bù zài hū
满不在意,mǎn bù zài yì
满城风雨,mǎn chéng fēng yǔ
满打满算,mǎn dǎ mǎn suàn
满而不溢,mǎn ér bù yì
满腹狐疑,mǎn fù hú yí
满腹经纶,mǎn fù jīng lún
满腹牢骚,mǎn fù láo sāo
满腹文章,mǎn fù wén zhāng
满腹疑团,mǎn fù yí tuán
满腹珠玑,mǎn fù zhū jī
满谷满坑,mǎn gǔ mǎn kēng
满坑满谷,mǎn kēng mǎn gǔ
满脸春风,mǎn liǎn chūn fēng
满脸春色,mǎn liǎn chūn sè
满面春风,mǎn miàn chūn fēng
满面红光,mǎn miàn hóng guāng
满目疮痍,mǎn mù chuāng yí
满目荆榛,mǎn mù jīng zhēn
满目凄凉,mǎn mù qī liáng
满盘皆输,mǎn pán jiē shū
满腔热忱,mǎn qiāng rè chén
满腔热枕,mǎn qiāng rè chén
满山遍野,mǎn shān biàn yě
满舌生花,mǎn shé shēng huā
满天星斗,mǎn tiān xīng dǒu
满袖春风,mǎn xiù chūn fēng
满园春色,mǎn yuán chūn sè
满载而归,mǎn zài ér guī
满纸空言,mǎn zhǐ kōng yán
满坐风生,mǎn zuò fēng shēng
满座风生,mǎn zuò fēng shēng
曼衍鱼龙,màn yǎn yú lóng
谩不经意,màn bù jīng yì
谩藏诲盗,màn cáng huì dào
谩辞哗说,màn cí huá shuō
谩天谩地,màn tiān màn dì
谩天昧地,mán tiān mèi dì
慢藏诲盗,màn cáng huì dào
慢腾斯礼,màn téng sī lǐ
慢条丝礼,màn tiáo sī lǐ
慢条斯礼,màn tiáo sī lǐ
慢条斯理,màn tiáo sī lǐ
慢条厮礼,màn tiáo sī lǐ
慢易生忧,màn yì shēng yōu
漫不加意,màn bù jiā yì
漫不经心,màn bù jīng xīn
漫不经意,màn bù jīng yì
漫藏诲盗,màn cáng huì dào
漫地漫天,màn dì màn tiān
漫山遍野,màn shān biàn yě
漫山塞野,màn shān sāi yě
漫天蔽野,màn tiān bì yě
漫天遍地,màn shān biàn dì
漫天遍野,màn shān biàn yě
漫天大谎,màn tiān dà huǎng
漫天盖地,màn tiān gài dì
漫天过海,màn tiān guò hǎi
漫天叫价,màn tiān jiào jià
漫天开价,màn tiān kāi jià
漫天掩地,màn tiān yǎn dì
漫天要价,màn tiān yào jià
漫天匝地,màn tiān zā dì
漫条斯理,màn tiáo sī lǐ
漫无边际,màn wú biān jì
漫无止境,màn wú zhǐ jìng
蔓草难除,màn cǎo nán chú
蔓蔓日茂,màn màn rì mào
蔓引株求,màn yǐn zhū qiú
忙不择价,máng bù zé jià
忙里偷闲,máng lǐ tōu xián
忙忙碌碌,máng máng lù lù
忙中有错,máng zhōng yǒu cuò
忙中有失,máng zhōng yǒu shī
芒刺在背,máng cì zài bèi
芒寒色正,máng hán sè zhèng
芒芒苦海,máng máng kǔ hǎi
芒鞋竹笠,máng xié zhú lì
尨眉皓发,chóu méi hào fā
盲风暴雨,máng fēng bào yǔ
盲风妒雨,máng fēng dù yǔ
盲风怪雨,máng fēng guài yǔ
盲风怪云,máng fēng guài yún
盲风晦雨,máng fēng huì yǔ
盲风涩雨,máng fēng sè yǔ
盲人把烛,máng rén bǎ zhú
盲人扪烛,máng rén mén zhú
盲人摸象,máng rén mō xiàng
盲人说象,máng rén shuō xiàng
盲人瞎马,máng rén xiā mǎ
盲翁扪钥,máng wēng mén yào
盲翁扪籥,máng wēng mén yuè
盲者得镜,máng zhě dé jìng
茫茫苦海,máng máng kǔ hǎi
茫然不解,máng rán bù jiě
茫然若失,máng rán ruò shī
茫然自失,máng rán zì shī
茫无边际,máng wú biān jì
茫无端绪,máng wú duān xù
茫无所知,máng wú suǒ zhī
茫无头绪,máng wú tóu xù
茫无涯际,máng wú yá jì
蟒袍玉带,mǎng páo yù dài
猫哭老鼠,māo kū lǎo shǔ
猫噬鹦鹉,māo shì yīng wǔ
猫鼠同处,māo shǔ tóng chǔ
猫鼠同眠,māo shǔ tóng mián
猫鼠同乳,māo shǔ tóng rǔ
毛发不爽,máo fā bù shuǎng
毛发倒竖,máo fā dǎo shù
毛发丝粟,máo fà sī sù
毛发悚然,máo fā sǒng rán
毛发耸然,máo fā sǒng rán
毛发之功,máo fà zhī gōng
毛骨悚然,máo gǔ sǒng rán
毛骨耸然,máo gǔ sǒng rán
毛骨竦然,máo gǔ sǒng rán
毛举缕析,máo jǔ lǚ xī
毛举细故,máo jǔ xì gù
毛举细务,máo jǔ xì wù
毛森骨立,máo sēn gǔ lì
毛手毛脚,máo shǒu máo jiǎo
毛遂堕井,máo suí duò jǐng
毛遂自荐,máo suí zì jiàn
毛羽零落,máo yǔ líng luò
毛羽未丰,máo yǔ wèi fēng
茅茨土阶,máo cì tǔ jiē
茅庐三顾,máo lú sān gù
茅塞顿开,máo sè dùn kāi
茅室蓬户,máo shì péng hù
茅屋采椽,máo wū cǎi chuán
茂林修竹,mào lín xiū zhú
冒大不韪,mào dà bù wěi
冒名顶替,mào míng dǐng tì
冒名接脚,mào míng jiě jiǎo
贸首之仇,mào shǒu zhī chóu
贸首之雠,mào shǒu zhī chóu
貌合情离,mào hé qíng lí
貌合神离,mào hé shén lí
貌合心离,mào hé xīn lí
貌合行离,mào hé xíng lí
貌合形离,mào hé xíng lí
貌离神合,mào lí shén hé
貌是情非,mào shì qíng fēi
貌是心非,mào shì xīn fēi
貌似强大,mào sì qiáng dà
没查没利,méi chá méi lì
没齿不忘,mò chǐ bù wàng
没齿难忘,mò chǐ nán wàng
没齿无怨,mò chǐ wú yuàn
没颠没倒,méi diān méi dǎo
没而不朽,méi ér bù xiǔ
没法没天,méi fǎ méi tiān
没法奈何,méi fǎ nài hé
没计奈何,méi jì nài hé
没金铩羽,méi jīn shā yǔ
没金饮羽,méi jīn yǐn yǔ
没精打采,méi jīng dǎ cǎi
没精打彩,méi jīng dǎ cǎi
没精没彩,méi jīng méi cǎi
没精塌彩,méi jīng tā cǎi
没可奈何,méi kě nài hé
没里没外,méi lǐ méi wài
没毛大虫,méi máo dà chóng
没没无闻,mò mò wú wén
没眉没眼,méi méi méi yǎn
没轻没重,méi qīng méi zhòng
没日没夜,méi rì méi yè
没石饮羽,méi shí yǐn yǔ
没世不忘,mò shì bù wàng
没世不渝,méi shì bù yú
没世难忘,mò shì nán wàng
没世穷年,méi shì qióng nián
没世无称,méi shì wú chēng
没世无闻,méi shì wú wén
没头苍蝇,méi tóu cāng ying
没头没脸,méi tóu méi liǎn
没头没脑,méi tóu méi nǎo
没完没了,méi wán méi liǎo
没卫饮羽,méi wèi yǐn yǔ
没屋架梁,méi wū jià liáng
没衷一是,mò zhōng yī shì
枚速马工,mǎ gōng méi sù
眉飞色舞,méi fēi sè wǔ
眉飞眼笑,méi fēi yǎn xiào
眉高眼低,méi gāo yǎn dī
眉花眼笑,méi huā yǎn xiào
眉欢眼笑,méi huān yǎn xiào
眉睫之祸,méi jié zhī huò
眉睫之内,méi jié zhī nèi
眉开眼笑,méi kāi yǎn xiào
眉来眼去,méi lái yǎn qù
眉目传情,méi mù chuán qíng
眉目如画,méi mù rú huà
眉清目秀,méi qīng mù xiù
眉头不伸,méi tóu bù shēn
眉头眼尾,méi tóu yǎn wěi
眉语目笑,méi yǔ mù xiào
梅妻鹤子,méi qī hè zǐ
媒妁之言,méi shuò zhī yán
每饭不忘,měi fàn bù wàng
每况愈下,měi kuàng yù xià
每下愈况,měi xià yù kuàng
美不胜收,měi bù shèng shōu
美景良辰,měi jǐng liáng chén
美轮美奂,měi lún měi huàn
美女簪花,měi nǚ zān huā
美芹之献,měi qín zhī xiàn
美人迟暮,měi rén chí mù
美人香草,měi rén xiāng cǎo
美如冠玉,měi rú guān yù
美言不信,měi yán bù xìn
美意延年,měi yì yán nián
美玉无瑕,měi yù wú xiá
美中不足,měi zhōng bù zú
昧旦晨兴,mèi dàn chún xīng
昧地瞒天,mèi dì mán tiān
昧地谩天,mèi dì mán tiān
昧己瞒心,mèi jǐ mán xīn
昧死以闻,mèi sǐ yǐ wén
袂云汗雨,mèi yún hàn yǔ
门不停宾,mén bù tíng bīn
门不夜关,mén bù yè guān
门不夜扃,mén bù yè jiōng
门单户薄,mén dān hù bó
门殚户尽,mén dān hù jìn
门当户对,mén dāng hù duì
门到户说,mén dào hù shuō
门户之见,mén hù zhī jiàn
门户之争,mén hù zhī zhēng
门阶户席,mén jiē hù xí
门禁森严,mén jìn sēn yán
门堪罗雀,mén kān luó què
门可罗雀,mén kě luó què
门可张罗,mén kě zhāng luó
门闾之望,mén lǚ zhī wàng
门墙桃李,mén qiáng táo lǐ
门生故旧,mén shēng gù jiù
门生故吏,mén shēng gù lì
门衰祚薄,mén shuāi zuò báo
门庭赫奕,mén tíng hè yì
门庭如市,mén tíng rú shì
门庭若市,mén tíng ruò shì
门无杂宾,mén wú zá bīn
门无杂客,mén wú zá kè
扪参历井,mén shēn lì jǐng
扪虱而谈,mén shī ér tán
扪虱而言,mén shī ér yán
扪心无愧,mén xīn wú kuì
扪心自问,mén xīn zì wèn
闷海愁山,mèn hǎi chóu shān
闷闷不乐,mèn mèn bù lè
盟山誓海,méng shān shì hǎi
猛虎插翅,měng hǔ chā chì
猛虎出山,měng hǔ chū shān
猛虎深山,měng hǔ shēn shān
猛虎添翼,měng hǔ tiān yì
猛志常在,měng zhì cháng zài
蒙混过关,méng hùn guò guān
蒙昧无知,méng mèi wú zhī
蒙袂辑屦,méng mèi jí jù
蒙头转向,mēng tóu zhuàn xiàng
蒙以养正,méng yǐ yǎng zhèng
蒙在鼓里,méng zài gǔ lǐ
懵懵懂懂,měng měng dǒng dǒng
孟母三迁,mèng mǔ sān qiān
梦笔生花,mèng bǐ shēng huā
梦断魂劳,mèng duàn hún láo
梦幻泡影,mèng huàn pào yǐng
梦魂颠倒,mèng hún diān dǎo
梦见周公,mèng jiàn zhōu gōng
梦里南轲,mèng lǐ nán kē
梦寐以求,mèng mèi yǐ qiú
梦撒寮丁,mèng sā liáo dīng
梦撒撩丁,mèng sā liáo dīng
梦想颠倒,mèng xiǎng diān dǎo
梦熊之喜,mèng xióng zhī xǐ
梦中说梦,mèng zhōng shuō mèng
弥缝其阙,mí féng qí què
弥留之际,mí liú zhī jì
弥日累夜,mí rì lèi yè
弥山亘野,mí shān gèn yě
弥天大谎,mí tiān dà huǎng
弥天大祸,mí tiān dà huò
弥天大罪,mí tiān dà zuì
迷而不反,mí ér bù fǎn
迷而不返,mí ér bù fǎn
迷而知反,mí ér zhī fǎn
迷而知返,mí ér zhī fǎn
迷花沾草,mí huā zhān cǎo
迷魂夺魄,mí hún duó pò
迷魂淫魄,mí hún yín pò
迷惑不解,mí huò bù jiě
迷惑视听,mí huò shì tīng
迷金醉纸,mí jīn zuì zhǐ
迷离徜仿,mí lí cháng fǎng
迷离徜恍,mí lí cháng huǎng
迷离惝恍,mí lí chǎng huǎng
迷离恍惚,mí lí huǎng hū
迷离扑朔,mí lí pū shuò
迷恋骸骨,mí liàn hài gǔ
迷迷荡荡,mí mí dàng dàng
迷人眼目,mí rén yǎn mù
迷天大谎,mí tiān dà huǎng
迷天大罪,mí tiān dà zuì
迷头认影,mí tóu rèn yǐng
迷涂知反,mí tú zhī fǎn
迷途知反,mí tú zhī fǎn
迷途知返,mí tú zhī fǎn
迷踪失路,mí zōng shī lù
糜躯碎首,mí qū suì shǒu
麋沸蚁动,mí fèi yǐ dòng
靡坚不摧,mí jiān bù cuī
靡靡之乐,mǐ mǐ zhī yuè
靡靡之声,mǐ mǐ zhī shēng
靡靡之音,mǐ mǐ zhī yīn
靡然成风,mí rán chéng fēng
靡然从风,mǐ rán cóng fēng
靡然顺风,mí rán shùn fēng
靡然乡风,mí rán xiāng fēng
靡然向风,mí rán xiàng fēng
靡所底止,mí suǒ dǐ zhǐ
靡所适从,mí suǒ shì cóng
靡颜腻理,mǐ yán nì lǐ
靡衣偷食,mǐ yī tōu shí
靡衣媮食,mǐ yī tōu shí
靡衣玉食,mí yī yù shí
靡有孑遗,mǐ yǒu jié yí
靡知所措,mí zhī suǒ cuò
米粒之珠,mǐ lì zhī zhū
米盐博辩,mǐ yán bó biàn
米已成炊,mǐ yǐ chéng chuī
米珠薪桂,mǐ zhū xīn guì
觅迹寻踪,mì jì xún zōng
秘而不露,mì ér bù lù
秘而不宣,mì ér bù xuān
秘而不言,mì ér bù yán
密不通风,mì bù tōng fēng
密锣紧鼓,mì luó jǐn gǔ
密密层层,mì mì céng céng
密约偷期,mì yuē tōu qī
密云不雨,mì yún bù yǔ
蜜里调油,mì lǐ tiáo yóu
眠花藉柳,mián huā jiè liǔ
眠花宿柳,mián huā sù liǔ
眠花卧柳,mián huā wò liǔ
眠花醉柳,mián huā zuì liǔ
眠霜卧雪,mián shuāng wò xuě
眠思梦想,mián sī mèng xiǎng
眠云卧石,mián yún wò shí
绵里薄材,mián lǐ bó cái
绵里藏针,mián lǐ cáng zhēn
绵力薄材,mián lì bó cái
绵绵不断,mián mián bù duàn
绵绵不绝,mián mián bù jué
绵绵瓜瓞,mián mián guā dié
绵延不断,mián yán bù duàn
绵言细语,mián yán xì yǔ
免怀之岁,miǎn huái zhī suì
免开尊口,miǎn kāi zūn kǒu
黾穴鸲巢,měng xué qú cháo
俛拾地芥,bì shí dì jiè
俛拾仰取,fǔ shí yǎng qǔ
俛首帖耳,mǎ shǒu tiē ěr
勉为其难,miǎn wéi qí nán
眄视指使,miǎn shǐ zhǐ shǐ
偭规错矩,miǎn guī cuò jǔ
偭规越矩,miǎn guī yuè jǔ
腼颜人世,miǎn yán rén shì
腼颜事仇,miǎn yán shì chóu
腼颜事敌,miǎn yán shì dí
腼颜天壤,miǎn yán tiān rǎng
面北眉南,miàn běi méi nán
面壁功深,miàn bì gōng shēn
面壁磨砖,miàn bì mó zhuān
面不改容,miàn bù gǎi róng
面不改色,miàn bù gǎi sè
面从腹诽,miàn cóng fù fěi
面缚衔璧,miàn fù xián bì
面缚舆榇,miàn fù yú chèn
面红耳赤,miàn hóng ěr chì
面红耳热,miàn hóng ěr rè
面红颈赤,miàn hóng jǐng chì
面红面赤,miàn hóng miàn chì
面红面绿,miàn hóng miàn lǜ
面黄肌瘦,miàn huáng jī shòu
面谩腹诽,miàn màn fù fěi
面面皆到,miàn miàn jiē dào
面面俱到,miàn miàn jù dào
面面俱圆,miàn miàn jù yuán
面面厮觑,miàn miàn sī qù
面面相睹,miàn miàn xiāng dǔ
面面相看,miàn miàn xiāng kàn
面面相窥,miàn miàn xiāng kuī
面面相觑,miàn miàn xiāng qù
面面圆到,miàn miàn yuán dào
面命耳提,miàn mìng ěr tí
面目可憎,miàn mù kě zēng
面目全非,miàn mù quán fēi
面目一新,miàn mù yī xīn
面目狰狞,miàn mù zhēng níng
面朋口友,miàn péng kǒu yǒu
面墙而立,miàn qiáng ér lì
面如傅粉,miàn rú fǔ fěn
面如冠玉,miàn rú guān yù
面如灰土,miàn rú huī tǔ
面如满月,miàn rú mǎn yuè
面如凝脂,miàn rú níng zhī
面如死灰,miàn rú sǐ huī
面如土色,miàn rú tǔ sè
面若死灰,miàn ruò sǐ huī
面色如土,miàn sè rú tǔ
面是背非,miàn shì bèi fēi
面是心非,miàn shì xīn fēi
面授机宜,miàn shòu jī yí
面似靴皮,miàn sì xuē pí
面无惭色,miàn wú cán sè
面无人色,miàn wú rén sè
面引廷争,miàn yǐn tíng zhēng
面有菜色,miàn yǒu cài sè
面有难色,miàn yǒu nán sè
面谀背毁,miàn yú bèi huǐ
面誉背非,miàn yù bèi fēi
面誉背毁,miàn yù bèi huǐ
面折廷争,miàn zhé tíng zhēng
面折廷诤,miàn shé tíng zhèng
面折庭争,miàn shé tíng zhēng
面争庭论,miàn zhēng tíng lùn
苗而不秀,miáo ér bù xiù
描龙绣凤,miáo lóng xiù fèng
描神画鬼,miáo shén huà guǐ
描头画角,miáo tóu huà jiǎo
描写画角,miáo xiě huà jiǎo
渺不足道,miǎo bù zú dào
渺渺茫茫,miǎo miǎo máng máng
渺无人迹,miǎo wú rén jì
渺无人烟,miǎo wú rén yān
渺无人踪,miǎo wú rén zōng
渺无音信,miǎo wú yīn xìn
渺无音讯,miǎo wú yīn xùn
渺无影踪,miǎo wú yǐng zōng
渺无踪影,miǎo wú zōng yǐng
邈处歬视,miǎo chǔ jī shì
邈如旷世,miǎo rú kuàng shì
邈若河汉,miǎo ruò hé hàn
邈若河山,miǎo ruò hé shān
邈若山河,miǎo ruò shān hé
邈以山河,miǎo yǐ shān hé
妙不可言,miào bù kě yán
妙处不传,miào chù bù chuán
妙绝时人,miào jué shí rén
妙趣横生,miào qù héng shēng
妙手丹青,miào shǒu dān qīng
妙手回春,miào shǒu huí chūn
妙手空空,miào shǒu kōng kōng
妙手偶得,miào shǒu ǒu dé
妙算神机,miào suàn shén jī
妙舞清歌,miào wǔ qīng gē
妙想天开,miào xiǎng tiān kāi
妙言要道,miào yán yào dào
妙语解烦,miào yǔ jiě fán
妙语解颐,miào yǔ jiě yí
妙语惊人,miào yǔ jīng rén
妙语连珠,miào yǔ lián zhū
乜斜缠帐,niè xié chán zhàng
灭此朝食,miè cǐ zhāo shí
灭顶之灾,miè dǐng zhī zāi
灭虢取虞,miè guó qǔ yú
灭景追风,miè yǐng zhuī fēng
灭绝人性,miè jué rén xìng
灭门绝户,miè mén jué hù
蔑伦悖理,miè lún bèi lǐ
民安国泰,mín ān guó tài
民安物阜,mín ān wù fù
民胞物与,mín bāo wù yǔ
民保于信,mín bǎo yú xìn
民不堪命,mín bù kān mìng
民不聊生,mín bù liáo shēng
民不畏死,mín bù wèi sǐ
民淳俗厚,mín chún sú hòu
民富国强,mín fù guó qiáng
民膏民脂,mín gāo mín zhī
民贵君轻,mín guì jūn qīng
民和年丰,mín hé nián fēng
民和年稔,mín hé nián rěn
民康物阜,mín kāng wù fù
民困国贫,mín kùn guó pín
民穷财尽,mín qióng cái jìn
民穷财匮,mín qióng cái kuì
民生凋敝,mín shēng diāo bì
民生国计,mín shēng guó jì
民生涂炭,mín shēng tú tàn
民生在勤,mín shēng zài qín
民熙物阜,mín xī wù fù
民心不壹,mín xīn bù yī
民殷财阜,mín yīn cái fù
民殷国富,mín yīn guó fù
民有菜色,mín yǒu cài sè
民怨沸腾,mín yuàn fèi téng
民贼独夫,mín zéi dú fū
民脂民膏,mín zhī mín gāo
闵乱思治,mǐn luàn sī zhì
悯时病俗,mǐn shí bìng sú
敏而好学,mǐn ér hào xué
名标青史,míng biāo qīng shǐ
名不符实,míng bù fú shí
名不副实,míng bù fù shí
名不虚传,míng bù xū chuán
名不虚得,míng bù xū dé
名不虚立,míng bù xū lì
名垂后世,míng chuí hòu shì
名垂千古,míng chuí qiān gǔ
名垂青史,míng chuí qīng shǐ
名垂万古,míng chuí wàn gǔ
名垂竹帛,míng chuí zhú bó
名从主人,míng cóng zhǔ rén
名存实亡,míng cún shí wáng
名德重望,míng dé zhòng wàng
名符其实,míng fú qí shí
名副其实,míng fù qí shí
名高难副,míng gāo nán fù
名高天下,míng gāo tiān xià
名韟利鞚,míng jī lì zhōu
名公巨卿,míng gōng jù qīng
名公巨人,míng gōng jù rén
名公钜卿,míng gōng jù qīng
名公钜人,míng gōng jù rén
名过其实,míng guò qí shí
名缰利锁,míng jiāng lì suǒ
名利双收,míng lì shuāng shōu
名列前茅,míng liè qián máo
名流巨子,míng liú jù zǐ
名落孙山,míng luò sūn shān
名满天下,míng mǎn tiān xià
名贸实易,míng mào shí yì
名门世族,míng mén shì zú
名目繁多,míng mù fán duō
名卿钜公,míng qīng jù gōng
名山大川,míng shān dà chuān
名山胜川,míng shān shèng chuān
名山胜水,míng shān shèng shuǐ
名山事业,míng shān shì yè
名声过实,míng shēng guò shí
名声籍甚,míng shēng jí shèn
名胜古迹,míng shèng gǔ jī
名实难副,míng shí nán fù
名实相符,míng shí xiāng fú
名实相副,míng shí xiāng fù
名士风流,míng shì fēng liú
名同实异,míng tóng shí yì
名闻遐迩,míng wén xiá ěr
名我固当,ming wo gu dang
名下无虚,míng xià wú xū
名扬四海,míng yáng sì hǎi
名噪一时,míng zào yī shí
名震一时,míng zhèn yī shí
名正理顺,míng zhèng lǐ shùn
名正言顺,míng zhèng yán shùn
名重一时,míng zhòng yī shí
明白了当,míng bái liǎo dàng
明辨是非,míng biàn shì fēi
明查暗访,míng chá àn fǎng
明察暗访,míng chá àn fǎng
明察秋毫,míng chá qiū háo
明耻教战,míng chǐ jiào zhàn
明窗净几,míng chuāng jìng jī
明德惟馨,míng dé wéi xīn
明发不寐,míng fā bù mèi
明罚敕法,míng fá chì fǎ
明法审令,míng fǎ shěn lìng
明公正道,míng gōng zhèng dào
明公正气,míng gōng zhèng qì
明公正义,míng gōng zhèng yì
明光烁亮,míng guāng shuò liàng
明光锃亮,míng guāng zèng liàng
明光铮亮,míng guāng zhēng liàng
明婚正配,míng hūn zhèng pèi
明婚正娶,míng hūn zhèng qǔ
明火持杖,míng huǒ chí zhàng
明火执械,míng huǒ zhí xiè
明火执仗,míng huǒ zhí zhàng
明火执杖,míng huǒ zhí zhàng
明见万里,míng jiàn wàn lǐ
明教不变,míng jiào bù biàn
明镜高悬,míng jìng gāo xuán
明来暗往,míng lái àn wǎng
明廉暗察,míng lián àn chá
明媒正礼,míng méi zhèng lǐ
明媒正娶,míng méi zhèng qǔ
明明白白,míng míng bái bái
明明赫赫,míng míng hè hè
明眸皓齿,míng móu hào chǐ
明眸善睐,míng móu shàn lài
明目达聪,míng mù dá cōng
明目张胆,míng mù zhāng dǎn
明枪暗箭,míng qiāng àn jiàn
明抢暗偷,míng qiǎng àn tōu
明日黄花,míng rì huáng huā
明如指掌,míng rú zhǐ zhǎng
明若观火,míng ruò guān huǒ
明赏不费,míng shǎng bù fèi
明升暗降,míng shēng àn jiàng
明堂正道,míng táng zhèng dào
明推暗就,míng tuī àn jiù
明效大验,míng xiào dà yà
明心见性,míng xīn jiàn xìng
明刑弼教,míng xíng bì jiào
明刑不戮,míng xíng bù lù
明验大效,míng yàn dà xiào
明扬侧陋,míng yáng cè lòu
明扬仄陋,míng yáng zè lòu
明月清风,míng yuè qīng fēng
明月入怀,míng yuè rù huái
明昭昏蒙,míng zhāo hūn méng
明哲保身,míng zhé bǎo shēn
明争暗斗,míng zhēng àn dòu
明正典刑,míng zhèng diǎn xíng
明知故犯,míng zhī gù fàn
明知故问,míng zhī gù wèn
明珠暗投,míng zhū àn tóu
明珠弹雀,míng zhū tán què
明珠投暗,míng zhū tóu àn
鸣凤朝阳,míng fèng zhāo yáng
鸣鼓而攻,míng gǔ ér gōng
鸣鹤之应,míng hè zhī yīng
鸣金收兵,míng jīn shōu bīng
鸣金收军,míng jīn shōu jūn
鸣珂锵玉,míng kē qiāng yù
鸣锣喝道,míng luó hè dào
鸣锣开道,míng luó kāi dào
鸣琴而治,míng qín ér zhì
鸣雁直木,míng yàn zhí mù
鸣野食苹,míng yě shí píng
鸣于乔木,míng yú qiáo mù
鸣玉曳履,míng yù yè lǚ
鸣玉曳组,míng yù yè zǔ
鸣冤叫屈,míng yuān jiào qū
鸣钟列鼎,míng zhōng liè dǐng
鸣钟食鼎,míng zhōng shí dǐng
冥漠之都,míng mò zhī dōu
冥漠之乡,míng mò zhī xiāng
冥思苦索,míng sī kǔ suǒ
冥思苦想,míng sī kǔ xiǎng
冥顽不灵,míng wán bù líng
冥行盲索,míng xíng máng suǒ
冥行擿埴,míng xíng zhì zhí
冥昭瞢闇,míng zhāo méng àn
铭肤镂骨,míng fū lòu gǔ
铭感不忘,míng gǎn bù wàng
铭感五内,míng gǎn wǔ nèi
铭肌镂骨,míng jī lòu gǔ
铭记不忘,míng jì bù wàng
铭心刻骨,míng xīn kè gǔ
铭心镂骨,míng xīn lòu gǔ
铭诸肺腑,míng zhū fèi fǔ
瞑思苦想,míng sī kǔ xiǎng
酩酊大醉,mǐng dǐng dà zuì
酩酊烂醉,mǐng dǐng làn zuì
命薄缘悭,mìng báo yuán qiān
命俦啸侣,mìng chóu xiào lǚ
命词遣意,mìng cí qiǎn yì
命辞遣意,mìng cí qiǎn yì
命蹇时乖,mìng jiǎn shí guāi
命里注定,mìng lǐ zhù dìng
命若悬丝,mìng ruò xuán sī
命世之才,mìng shì zhī cái
命途多舛,mìng tú duō chuǎn
命在旦夕,mìng zài dàn xī
命中注定,mìng zhōng zhù dìng
谬采虚声,miù cǎi xū shēng
谬采虚誉,miù cǎi xū yù
谬托知己,miù tuō zhī jǐ
谬妄无稽,miù wàng wú jī
谬想天开,miù xiǎng tiān kāi
谬以千里,miù yǐ qiān lǐ
谬种流传,miù zhǒng liú chuán
缪种流传,miù zhǒng liú chuán
摸金校尉,mō jīn xiào wèi
摸门不着,mō mén bù zháo
摸头不着,mō tóu bù zháo
模棱两端,mó léng liǎng duān
模棱两可,mó léng liǎng kě
模山范水,mó shān fàn shuǐ
摩顶放踵,mó dǐng fàng zhǒng
摩顶至踵,mó dǐng zhì zhǒng
摩顶至足,mó dǐng zhì zú
摩肩擦踵,mó jiān cā zhǒng
摩肩击毂,mó jiān jī gǔ
摩肩接毂,mó jiān jiē gǔ
摩肩接踵,mó jiān jiē zhǒng
摩口膏舌,mó kǒu gāo shé
摩厉以须,mó lì yǐ xū
摩厉以需,mó lì yǐ xū
摩砺以须,mó lì yǐ xū
摩拳擦掌,mó quán cā zhǎng
磨杵成针,mó chǔ chéng zhēn
磨杵作针,mó chǔ zuò zhēn
磨穿铁鞋,mó chuān tiě xié
磨穿铁砚,mó chuān tiě yàn
磨刀擦枪,mó dāo cā qiāng
磨刀霍霍,mó dāo huò huò
磨砥刻厉,mó dǐ kè lì
磨盾之暇,mó dùn zhī xiá
磨昬抉聩,mó hūn jué kuì
磨棱刓角,mó léng liǎng jiǎo
磨厉以须,mó lì yǐ xū
磨砺以须,mó lì yǐ xū
磨砻底厉,mó lóng dǐ lì
磨砻砥砺,mó lóng dǐ lì
磨砻浸灌,mó lóng jìn guàn
磨砻镌切,mó lóng juān qiē
磨礲淬励,mó lóng cuì lì
磨礲砥砺,mó lóng dǐ lì
磨礲浸灌,mó lóng jìn guàn
磨盘两圆,mò pán liǎng yuán
磨铅策蹇,mó qiān cè jiǎn
磨拳擦掌,mó quán cā zhǎng
磨形炼性,mó xíng liàn xìng
磨牙吮血,mó yá shǔn xuè
磨牙凿齿,mó yá záo chǐ
磨踵灭顶,mó zhǒng miè dǐng
磨砖成镜,mó zhuān chéng jìng
抹粉施脂,mò fěn shī zhī
抹月秕风,mǒ yuè pī fēng
抹月批风,mǒ yuè pī fēng
末大必折,mò dà bì zhé
末大不掉,mò dà bù diào
末节细行,mò jié xì xíng
末路穷途,mò lù qióng tú
末路之难,mò lù zhī nán
末如之何,mò rú zhī hé
末学肤受,mò xué fū shòu
陌路相逢,mò lù xiāng féng
秣马厉兵,mò mǎ lì bīng
莫辨楮叶,mò biàn chǔ yè
莫测高深,mò cè gāo shēn
莫此为甚,mò cǐ wéi shèn
莫敢谁何,mò gǎn shuí hé
莫可究诘,mò kě jiū jié
莫可名状,mò kě míng zhuàng
莫可奈何,mò kě nài hé
莫名其妙,mò míng qí miào
莫明其妙,mò míng qí miào
莫逆于心,mò nì yú xīn
莫逆之交,mò nì zhī jiāo
莫为已甚,mò wéi yǐ shèn
莫予毒也,mò yù dú yě
莫余毒也,mò yú dú yě
莫展一筹,mò zhǎn yī chóu
莫之与京,mò zhī yǔ jīng
莫知所为,mò zhī suǒ wéi
莫衷一是,mò zhōng yī shì
漠不关心,mò bù guān xīn
漠不相关,mò bù xiāng guān
漠然置之,mò rán zhì zhī
貊乡鼠壤,mò xiāng shǔ rǎng
貊乡鼠攘,mò xiāng shǔ rǎng
墨迹未干,mò jì wèi gān
墨守成法,mò shǒu chéng fǎ
墨守成规,mò shǒu chéng guī
墨突不黔,mò tū bù qián
墨汁未干,mò zhī wèi gān
墨子泣丝,mò zǐ qì sī
默不作声,mò bù zuò shēng
默而识之,mò ér shí zhī
默化潜移,mò huà qián yí
默换潜移,mò huàn qián yí
默默无闻,mò mò wú wén
默默无言,mò mò wú yán
默契神会,mò qì shén huì
默转潜移,mò zhuǎn qián yí
侔色揣称,móu sè chuǎi chèn
谋财害命,móu cái hài mìng
谋臣猛将,móu chén měng jiāng
谋臣如雨,móu chén rú yǔ
谋臣武将,móu chén wǔ jiàng
谋道作舍,móu dào zuò shě
谋夫孔多,móu fū kǒng duō
谋谟帷幄,móu mó wéi wò
谋如涌泉,móu rú yǒng quán
谋事在人,móu shì zài rén
谋听计行,móu tīng jì xíng
谋图不轨,móu tú bù guǐ
谋为不轨,móu wéi bù guǐ
谋无遗策,móu wú yí cè
谋无遗谞,móu wú yí ér
母慈子孝,mǔ cí zǐ xiào
母难之日,mǔ nán zhī rì
母以子贵,mǔ yǐ zǐ guì
木本水源,mù běn shuǐ yuán
木雕泥塑,mù diāo ní sù
木干鸟栖,mù gàn niǎo qī
木梗之患,mù gěng zhī huàn
木公金母,mù gōng jīn mǔ
木坏山颓,mù huài shān tuí
木鸡养到,mù jī yǎng dào
木落归本,mù luò guī běn
木讷寡言,mù nè guǎ yán
木人石心,mù rén shí xīn
木石心肠,mù shí xīn cháng
木头木脑,mù tóu mù nǎo
木心石腹,mù xīn shí fù
木朽蛀生,mù xiǔ zhù shēng
木已成舟,mù yǐ chéng zhōu
目别汇分,mù bié huì fēn
目不别视,mù bù bié shì
目不给赏,mù bù gěi shǎng
目不苟视,mù bù gǒu shì
目不见睫,mù bù jiàn jié
目不交睫,mù bù jiāo jié
目不窥园,mù bù kuī yuán
目不忍睹,mù bù rěn dǔ
目不忍见,mù bù rěn jiàn
目不忍视,mù bù rěn shì
目不识丁,mù bù shí dīng
目不识书,mù bù shí shū
目不暇给,mù bù xiá jǐ
目不暇接,mù bù xiá jiē
目不邪视,mù bù xié shì
目不斜视,mù bù xié shì
目不知书,mù bù zhī shū
目不转睛,mù bù zhuǎn jīng
目成心许,mù chéng xīn xǔ
目达耳通,mù dá ěr tōng
目瞪口呆,mù dèng kǒu dāi
目瞪口僵,mù dèng kǒu jiāng
目瞪口结,mù dèng kǒu jié
目瞪口歪,mù dèng kǒu wāi
目瞪口张,mù dèng kǒu zhāng
目瞪舌彊,mù dèng shé jiàng
目瞪舌挢,mù dèng shé jiǎo
目瞪舌强,mù dèng shé qiáng
目瞪心骇,mù dèng xīn hài
目定口呆,mù dìng kǒu dāi
目动言肆,mù dòng yán sì
目睹耳闻,mù dǔ ěr wén
目断魂销,mù duàn hún xiāo
目断鳞鸿,mù duàn lín hóng
目光炯炯,mù guāng jiǒng jiǒng
目光如豆,mù guāng rú dòu
目光如炬,mù guāng rú jù
目光如鼠,mù guāng rú shǔ
目酣神醉,mù hān shén zuì
目击道存,mù jī dào cún
目击耳闻,mù jī ěr wén
目见耳闻,mù jiàn ěr wén
目交心通,mù jiāo xīn tōng
目睫之论,mù jié zhī lùn
目空一切,mù kōng yī qiè
目空一世,mù kōng yī shì
目空余子,mù kōng yú zǐ
目攋耳染,mù rù ěr rǎn
目量意营,mù liàng yì yíng
目乱睛迷,mù luàn jīng mí
目乱精迷,mù luàn jīng mí
目迷五色,mù mí wǔ sè
目目相觑,mù mù xiāng qù
目逆而送,mù nì ér sòng
目牛无全,mù niú wú quán
目染耳濡,mù rǎn ěr rú
目濡耳染,mù rǔ ěr rǎn
目若悬珠,mù ruò xuán zhū
目食耳视,mù shí ěr shì
目使颐令,mù shǐ yí lìng
目送手挥,mù sòng shǒu huī
目挑眉语,mù tiāo méi yǔ
目挑心悦,mù tiāo xīn yuè
目挑心招,mù tiǎo xīn zhāo
目窕心与,mù tiǎo xīn yǔ
目兔顾犬,mù tù gù quǎn
目无法纪,mù wú fǎ jì
目无全牛,mù wú quán niú
目无三尺,mù wú sān chǐ
目无王法,mù wú wáng fǎ
目无下尘,mù wú xià chén
目无余子,mù wú yú zǐ
目无尊长,mù wú zūn zhǎng
目下十行,mù xià shí háng
目眩神摇,mù xuàn shén yáo
目眩头昏,mù xuàn tóu hūn
目眩头晕,mù xuàn tóu yūn
目语额瞬,mù yǔ é shùn
目眢心忳,mù yuān xīn wǎng
目怔口呆,mù zhēng kǒu dāi
目眐心骇,mù zhēng xīn hài
目睁口呆,mù zhēng kǒu dāi
目知眼见,mù zhī yǎn jiàn
目指气使,mù zhǐ qì shǐ
目治手营,mù zhì shǒu yíng
目中无人,mù zhōng wú rén
目注心凝,mù zhù xīn níng
目注心营,mù zhù xīn yíng
目眦尽裂,mù zì jìn liè
沐猴而冠,mù hóu ér guàn
沐猴衣冠,mù hóu yī guàn
沐露梳风,mù lù shū fēng
沐露沾霜,mù lù zhān shuāng
沐仁浴义,mù rén yù yì
沐日浴月,mù rì yù yuè
沐雨经霜,mù yǔ jīng shuāng
沐雨梳风,mù yǔ shū fēng
沐雨栉风,mù yǔ zhì fēng
牧豕听经,mù shǐ tīng jīng
牧猪奴戏,mù zhòu nú xì
墓木拱矣,mù mù gǒng yǐ
墓木已拱,mù mù yǐ gǒng
幕天席地,mù tiān xí dì
幕燕鼎鱼,mù yàn dǐng yú
幕燕釜鱼,mù yàn fǔ yú
慕古薄今,mù gǔ bó jīn
慕名而来,mù míng ér lái
暮楚朝秦,mù chǔ cháo qín
暮爨朝舂,mù cuàn cháo chōng
暮翠朝红,mù cuì cháo hóng
暮鼓朝钟,mù gǔ cháo zhōng
暮鼓晨钟,mù gǔ chén zhōng
暮虢朝虞,mù guó zhāo yú
暮景残光,mù jǐng cán guāng
暮景桑榆,mù jǐng sāng yú
暮礼晨参,mù lǐ chén cān
暮暮朝朝,mù mù zhāo zhāo
暮气沉沉,mù qì chén chén
暮去朝来,mù qù cháo lái
暮色苍茫,mù sè cāng máng
暮四朝三,mù sì cháo sān
暮想朝思,mù xiǎng cháo sī
暮夜怀金,mù yè huái jīn
暮夜无知,mù yè wú zhī
暮夜先容,mù yè xiān róng
暮雨朝云,mù yǔ zhāo yún
暮云春树,mù yún chūn shù
穆如清风,mù rú qīng fēng
拏风跃云,ná fēng yuè yún
拏云攫石,ná yún jué shí
拏云握雾,ná yún wò wù
拿班作势,ná bān zuò shì
拿班做势,ná bān zuò shì
拿粗夹细,ná cū jiā xì
拿粗挟细,ná cū xié xì
拿刀动杖,ná dāo nòng zhàng
拿刀弄杖,ná dāo nòng zhàng
拿腔作调,ná qiāng zuò diào
拿腔作势,ná qiāng zuò shì
拿腔做势,ná qiāng zuò shì
拿三搬四,ná sān bān sì
拿手好戏,ná shǒu hǎo xì
拿糖作醋,ná táng zuò cù
拿下马来,ná xià mǎ lái
拿云攫石,ná yún jué shí
拿云握雾,ná yún wò wù
拿云捉月,ná yún zhuō yuè
拿贼见赃,ná zéi jiàn zāng
拿贼拿赃,ná zéi ná zāng
内查外调,nèi chá wài diào
内顾之忧,nèi gù zhī yōu
内峻外和,nèi jùn wài hé
内柔外刚,nèi róu wài gāng
内省不疚,nèi xǐng bù jiù
内圣外王,nèi shèng wài zhǔ
内视反听,nèi shì fǎn tīng
内外夹攻,nèi wài jiā gōng
内外交困,nèi wài jiāo kùn
内修外攘,nèi xiū wài rǎng
内忧外患,nèi yōu wài huàn
内忧外侮,nèi yōu wài wǔ
内助之贤,nèi zhù zhī xián
纳贡称臣,nà gòng chēng chén
纳垢藏污,nà gòu cáng wū
纳谏如流,nà jiàn rú liú
纳屦踵决,nà jù zhǒng jué
纳履决踵,nà lǚ jué zhǒng
纳履踵决,nà lǚ zhǒng jué
纳士招贤,nà shì zhāo xián
纳新吐故,nà xīn tǔ gù
乃文乃武,nǎi wén nǎi wǔ
乃我困汝,nai wo kun nu
乃武乃文,nǎi wǔ nǎi wén
乃心王室,nǎi xīn wáng shì
耐人咀嚼,nài rén jǔ jué
耐人寻味,nài rén xún wèi
男唱女随,nán chàng nǚ suí
男大当婚,nán dà dāng hūn
男大当娶,nán dà dāng qǔ
男大须婚,nán dà xū hūn
男盗女娼,nán dào nǚ chāng
男耕女织,nán gēng nǚ zhī
男欢女爱,nán huān nǚ ài
男婚女嫁,nán hūn nǚ jià
男婚女聘,nán hūn nǚ pìn
男女老少,nán nǚ lǎo shào
男女老小,nán nǚ lǎo xiǎo
男女老幼,nán nǚ lǎo yòu
男女有别,nán nǚ yǒu bié
男室女家,nán shì nǚ jiā
男尊女卑,nán zūn nǚ bēi
南船北车,nán chuán běi chē
南贩北贾,nán fàn běi gǔ
南风不竞,nán fēng bù jìng
南冠楚囚,nán guān chǔ qiú
南郭处士,nán guō chǔ shì
南郭先生,nán guō xiān shēng
南航北骑,nán háng běi qí
南户窥郎,nán hù kuī láng
南箕北斗,nán jī běi dǒu
南金东箭,nán jīn dōng jiàn
南橘北枳,nán jú běi zhǐ
南柯一梦,nán kē yī mèng
南来北往,nán lái běi wǎng
南蛮鴂舌,nán mán xiāng shé
南蛮鴃舌,nán mán jué shé
南面百城,nán miàn bǎi chéng
南面称孤,nán miàn chēng gū
南腔北调,nán qiāng běi diào
南去北来,nán qù běi lái
南阮北阮,nán ruǎn běi ruǎn
南山可移,nán shān kě yí
南山铁案,nán shān tiě àn
南鹞北鹰,nán yào běi yīng
南舣北驾,nán yǐ běi jià
南辕北辙,nán yuán běi zhé
南棹北辕,nán zhào běi yuán
南征北伐,nán zhēng běi fá
南征北讨,nán zhēng běi tǎo
南征北战,nán zhēng běi zhàn
南枝北枝,nán zhī běi zhī
南州冠冕,nán zhōu guān miǎn
难得糊涂,nán dé hú tú
难弟难兄,nán dì nán xiōng
难分难解,nán fēn nán jiě
难分难舍,nán fēn nán shě
难更仆数,nán gēng pú shǔ
难乎其难,nán hū qí nán
难乎为继,nán hū wéi jì
难乎为情,nán hū wéi qíng
难解难分,nán jiě nán fēn
难进易退,nan jin yi tui
难鸣孤掌,nán míng gū zhǎng
难能可贵,nán néng kě guì
难如登天,nán rú dēng tiān
难舍难分,nán shě nán fēn
难兄难弟,nàn xiōng nàn dì
难言之隐,nán yán zhī yǐn
难以为继,nán yǐ wéi jì
难以为情,nán yǐ wéi qíng
难以预料,nán yǐ yù liào
难以置信,nán yǐ zhì xìn
难于上天,nán yú shàng tiān
喃喃细语,nán nán xì yǔ
喃喃自语,nán nán zì yǔ
赧颜汗下,nǎn yán hàn xià
囊空如洗,náng kōng rú xǐ
囊括四海,náng kuò sì hǎi
囊里盛锥,náng lǐ shèng zhuī
囊漏储中,náng lòu chǔ zhōng
囊漏贮中,náng lòu zhù zhōng
囊匣如洗,náng xiá rú xǐ
囊萤映雪,náng yíng yìng xuě
囊萤照读,náng yíng zhào shū
囊萤照书,náng yíng zhào shū
囊锥露颖,náng zhuī lù yǐng
呶呶不休,náo náo bù xiū
挠喉捩嗓,náo hóu liè sǎng
挠曲枉直,náo qū wǎng zhí
挠腮撧耳,náo sāi juē ěr
挠直为曲,náo zhí wéi qū
恼羞变怒,nǎo xiū biàn nù
恼羞成怒,nǎo xiū chéng nù
脑满肠肥,nǎo mǎn cháng féi
讷口少言,nè kǒu shǎo yán
讷言敏行,nè yán mǐn xíng
呢喃细语,ní nán xì yǔ
能不称官,néng bù chèn guān
能工巧匠,néng gōng qiǎo jiàng
能近取譬,néng jìn qǔ pì
能谋善断,néng móu shàn duàn
能掐会算,néng qiā huì suàn
能屈能伸,néng qū néng shēn
能上能下,néng shàng néng xià
能伸能屈,néng shēn néng qū
能说惯道,néng shuō guàn dào
能说会道,néng shuō huì dào
能文能武,néng wén néng wǔ
能写会算,néng xiě huì suàn
能牙利齿,néng yá lì chǐ
能言快说,néng yán kuài shuō
能言快语,néng yán kuài yǔ
能言巧辩,néng yán qiǎo biàn
能言善辩,néng yán shàn biàn
能者多劳,néng zhě duō láo
能者为师,néng zhě wéi shī
能征惯战,néng zhēng guàn zhàn
泥车瓦马,ní chē wǎ mǎ
泥船渡河,ní chuán dù hé
泥多佛大,ní duō fó dà
泥而不滓,niè ér bù zǐ
泥古不化,nì gǔ bù huà
泥古非今,nì gǔ fēi jīn
泥古拘方,nì gǔ jū fāng
泥金万点,ní jīn wàn diǎn
泥名失实,nì míng shī shí
泥牛入海,ní niú rù hǎi
泥蟠不滓,ní pān bù zǐ
泥沙俱下,ní shā jù xià
泥塑木雕,ní sù mù diāo
泥中隐刺,ní zhōng yǐn cì
泥猪疥狗,ní zhū jiè gǒu
泥猪癞狗,ní zhū lài gǒu
泥猪瓦狗,ní zhū wǎ gǒu
泥足巨人,ní zú jù rén
你唱我和,nǐ chàng wǒ hé
你夺我争,nǐ duó wǒ zhēng
你死我活,nǐ sǐ wǒ huó
你追我赶,nǐ zhuī wǒ gǎn
拟非其伦,nǐ fēi qí lún
拟规画圆,nǐ guī huà yuán
拟于不伦,nǐ yú bù lún
儗不于伦,lǐ bù yú lún
儗非其伦,nǐ fēi qí lún
逆阪走丸,nì bǎn zǒu wán
逆坂走丸,nì bǎn zǒu wán
逆臣贼子,nì chén zéi zǐ
逆道乱常,nì dào luàn cháng
逆耳利行,nì ěr lì xíng
逆耳良言,nì ěr liáng yán
逆耳之言,nì ěr zhī yán
逆风恶浪,nì fēng è làng
逆来顺受,nì lái shùn shòu
逆取顺守,nì qǔ shùn shǒu
逆施倒行,nì shī dǎo xíng
逆水行舟,nì shuǐ xíng zhōu
逆天暴物,nì tiān bào wù
逆天犯顺,nì tiān fàn shùn
逆天违理,nì tiān wéi lǐ
逆天违众,nì tiān wéi zhòng
逆行倒施,nì xíng dǎo shī
逆子贼臣,nì zǐ zéi chén
匿迹潜形,nì jì qián xíng
匿迹销声,nì jì xiāo shēng
匿迹隐形,nì jì yǐn xíng
匿瑕含垢,nì xiá hán gòu
匿影藏形,nì yǐng cáng xíng
溺心灭质,nì xīn miè zhì
拈断髭须,niān duàn zī xū
拈毫弄管,niān háo nòng guǎn
拈花弄柳,niān huā nòng liǔ
拈花弄月,niān huā nòng yuè
拈花惹草,niān huā rě cǎo
拈花微笑,niān huā wēi xiào
拈花一笑,niān huā yī xiào
拈花摘艳,niān huā zhāi yàn
拈华摘艳,niān huá zhāi yàn
拈斤播两,niān jīn bō liǎng
拈轻掇重,niān qīng duō zhòng
拈轻怕重,niān qīng pà zhòng
拈酸吃醋,niān suān chī cù
拈酸泼醋,niān suān pō cù
年登花甲,nián dēng huā jiǎ
年复一年,nián fù yī nián
年富力强,nián fù lì qiáng
年该月值,nián gāi yuè zhí
年高德劭,nián gāo dé shào
年高德卲,nián gāo dé ér
年高德勋,nián gāo dé xūn
年高望重,nián gāo wàng zhòng
年谷不登,nián gǔ bù dēng
年华垂暮,nián huá chuí mù
年近古稀,nián jìn gǔ xī
年经国纬,nián jīng guó wěi
年轻力壮,nián qīng lì zhuàng
年深日久,nián shēn rì jiǔ
年深岁久,nián shēn suì jiǔ
年深月久,nián shēn yuè jiǔ
年事已高,nián shì yǐ gāo
年衰岁暮,nián shuāi suì mù
年头月尾,nián tóu yuè wěi
年湮世远,nián yān shì yuǎn
年谊世好,nián yì shì hào
年逾古稀,nián yú gǔ xī
年壮气锐,nián zhuàng qì ruì
鲇鱼上竿,nián yú shàng gān
鲇鱼上竹,nián yú shàng zhú
黏吝缴绕,nián lìn jiǎo rào
黏皮带骨,nián pí dài gǔ
黏皮着骨,nián pí zhe gǔ
捻神捻鬼,niǎn shén niǎn guǐ
捻土焚香,niǎn tǔ fén xiāng
捻土为香,niǎn tǔ wéi xiāng
念念不忘,niàn niàn bù wàng
念念有词,niàn niàn yǒu cǐ
念兹在兹,niàn zī zài zī
鸟道羊肠,niǎo dào yáng cháng
鸟得弓藏,niǎo dé gōng cáng
鸟焚鱼烂,niǎo fén yú làn
鸟伏兽穷,niǎo fú shòu qióng
鸟覆危巢,niǎo fù wēi cháo
鸟革翚飞,niǎo gé huī fēi
鸟骇鼠窜,niǎo hài shǔ cuàn
鸟迹虫丝,niǎo jì chóng sī
鸟集鳞萃,niǎo jí lín cuì
鸟尽弓藏,niǎo jìn gōng cáng
鸟惊鼠窜,niǎo jīng shǔ cuàn
鸟惊鱼骇,niǎo jīng yú hài
鸟惊鱼溃,niǎo jīng yú kuì
鸟惊鱼散,niǎo jīng yú sàn
鸟哭猿啼,niǎo kū yuán tí
鸟面鹄形,niǎo miàn hú xíng
鸟枪换炮,niǎo qiāng huàn pào
鸟枪换砲,niǎo qiāng huàn pào
鸟穷则啄,niǎo qióng zé zhuó
鸟入樊笼,niǎo rù fán lóng
鸟散鱼溃,niǎo sàn yú kuì
鸟声兽心,niǎo shēng shòu xīn
鸟啼花落,niǎo tí huā luò
鸟啼花怨,niǎo tí huā yuàn
鸟语花香,niǎo yǔ huā xiāng
袅娜娉婷,niǎo nuó pīng tíng
袅袅娜娜,niǎo niǎo nuó nuó
袅袅娉娉,niǎo niǎo píng píng
袅袅亭亭,niǎo niǎo tíng tíng
袅袅婷婷,niǎo niǎo tíng tíng
袅袅余音,niǎo niǎo yú yīn
尿流屁滚,niào liú pì gǔn
捏怪排科,niē guài pái kē
捏脚捏手,niē jiǎo niē shǒu
捏手捏脚,niē shǒ niē jiǎo
捏一把汗,niē yī bǎ hàn
涅而不淄,niè ér bù zī
涅而不缁,niè ér bù zī
啮臂之好,niè bì zhī hǎo
啮檗吞针,niè bò tūn zhēn
啮雪餐毡,niè xuě cān zhān
啮雪吞毡,niè xuě tūn zhān
啮血沁骨,niè xuè qìn gǔ
啮血为盟,niè xuè wéi méng
嗫嗫嚅嚅,niè niè rú rú
嗫嚅小儿,niè rú xiǎo ér
蹑躥担簦,niè juē dān dēng
蹑躥檐簦,niè juē dàn dēng
蹑脚蹑手,niè jiǎo niè shǒu
蹑屩担簦,niè juē dān dēng
蹑屩檐簦,niè juàn yán dēng
蹑手蹑脚,niè shǒu niè jiǎo
蹑手蹑足,niè shǒu niè zú
蹑影藏形,niè yǐng cáng xíng
蹑影潜踪,niè yǐng qián zōng
蹑影追风,niè yǐng zhuī fēng
蹑足附耳,niè zú fù ěr
蹑足其间,niè zú qí jiān
蹑足潜踪,niè zú qián zōng
孽根祸胎,niè gēn huò tāi
孽障种子,niè zhàng zhǒng zǐ
孽子孤臣,niè zǐ gū chén
宁缺毋滥,nìng quē wù làn
宁缺勿滥,nìng quē wù làn
宁死不屈,nìng sǐ bù qū
宁死不辱,níng sǐ bù rǔ
宁折不弯,nìng zhé bù wān
狞髯张目,níng rán zhāng mù
凝脂点漆,níng zhī diǎn qī
凝瞩不转,níng zhǔ bù zhuǎn
牛刀割鸡,niú dāo gē jī
牛刀小试,niú dāo xiǎo shì
牛鼎烹鸡,niú dǐng pēng jī
牛高马大,niú gāo mǎ dà
牛鬼蛇神,niú guǐ shé shén
牛黄狗宝,niú huáng gǒu bǎo
牛骥共牢,niú jì gòng láo
牛骥同槽,niú jì tóng cáo
牛骥同皁,niú jì tóng wěn
牛骥同皂,niú jì tóng zào
牛角挂书,niú jiǎo guà shū
牛角书生,niú jiǎo shū shēng
牛角之歌,niú jiǎo zhī gē
牛口之下,niú kǒu zhī xià
牛郎织女,niú láng zhī nǚ
牛马襟裾,niú mǎ jīn jú
牛毛细雨,niú máo xì yǔ
牛农对泣,niú nóng duì qì
牛溲马勃,niú sōu mǎ bó
牛溲马渤,niú sōu mǎ bó
牛蹄之涔,niú tí zhī cén
牛蹄之鱼,niú tí zhī yú
牛蹄中鱼,niú tí zhōng yú
牛听弹琴,niú tīng tán qín
牛童马走,niú tóng mǎ zǒu
牛头马面,niú tóu mǎ miàn
牛星织女,niú xīng zhī nǚ
牛羊勿践,niú yáng wù jiàn
牛衣病卧,niú yī bìng wò
牛衣对泣,niú yī duì qì
牛衣岁月,niú yī suì yuè
牛衣夜哭,niú yī yè kū
牛之一毛,niú zhī yī máo
忸怩不安,niǔ ní bù ān
忸怩作态,niǔ ní zuò tài
扭亏增盈,niǔ kuī zēng yíng
扭扭捏捏,niǔ niǔ niē niē
扭曲作直,niǔ qū zuò zhí
扭直作曲,niǔ zhí zuò qū
扭转干坤,niǔ zhuǎn gàn kūn
扭转乾坤,niǔ zhuǎn qián kūn
浓眉大眼,nóng méi dà yǎn
浓抹淡妆,nóng mò dàn zhuāng
浓墨重彩,nóng mò zhòng cǎi
浓桃艳李,nóng táo yàn lǐ
浓荫蔽日,nóng yīn bì rì
浓妆淡抹,nóng zhuāng dàn mò
浓妆艳服,nóng zhuāng yàn fú
浓妆艳裹,nóng zhuāng yàn guǒ
浓妆艳抹,nóng zhuāng yàn mǒ
浓妆艳饰,nóng zhuāng yàn shì
浓装艳抹,nóng zhuāng yàn mò
弄兵潢池,nòng bīng huáng shi
弄法舞文,nòng fǎ wǔ wén
弄粉调朱,nòng fěn diào zhū
弄斧班门,nòng fǔ bān mén
弄管调弦,nòng guǎn diào xián
弄鬼掉猴,nòng guǐ diào hóu
弄鬼弄神,nòng guǐ nòng shén
弄鬼妆幺,nòng guǐ zhuāng yāo
弄假成真,nòng jiǎ chéng zhēn
弄斤操斧,nòng jīn cāo fǔ
弄口鸣舌,nòng kǒu míng shé
弄眉挤眼,nòng méi jǐ yǎn
弄巧成拙,nòng qiǎo chéng zhuō
弄巧反拙,nòng qiǎo fǎn zhuō
弄神弄鬼,nòng shén nòng guǐ
弄瓦之喜,nòng wǎ zhī xǐ
弄性尚气,nòng xìng shàng qì
弄虚作假,nòng xū zuò jiǎ
弄影团风,nòng yǐng tuán fēng
弄玉吹箫,nòng yù chuí xiāo
弄月嘲风,nòng yuè cháo fēng
弄月吟风,nòng yuè yín fēng
弄璋之喜,nòng zhāng zhī xǐ
弄竹弹丝,nòng zhú dàn sī
弄嘴弄舌,nòng zuǐ nòng shé
奴颜婢睐,nú yán bì lài
奴颜婢色,nú yán bì sè
奴颜婢膝,nú yán bì xī
奴颜媚骨,nú yán mèi gǔ
驽箭离弦,nǔ jiàn lí xián
驽马恋栈,nú mǎ liàn zhàn
驽马铅刀,nú mǎ qiān dāo
驽马十驾,nú mǎ shí jià
驽马十舍,nú mǎ shí shè
弩下逃箭,nǔ xià táo jiàn
弩张剑拔,nǔ zhāng jiàn bá
怒不可遏,nù bù kě è
怒发冲冠,nù fà chōng guān
怒火冲天,nù huǒ chōng tiān
怒火中烧,nù huǒ zhōng shāo
怒目而视,nù mù ér shì
怒目横眉,nù mù héng méi
怒目切齿,nù mù qiè chǐ
怒猊渴骥,nù ní kě jì
怒气冲冲,nù qì chōng chōng
怒气冲天,nù qì chōng tiān
怒气填胸,nù qì tián xiōng
怒形于色,nù xíng yú sè
女长当嫁,nǚ zhǎng dāng jià
女长须嫁,nǚ zhǎng xū jià
女大当嫁,nǚ dà dāng jià
女大难留,nǚ dà nán liú
女大须嫁,nǚ dà xū jià
女貌郎才,nǚ mào láng cái
女娲补天,nǚ wā bǔ tiān
女织男耕,nǚ zhī nán gēng
女中豪杰,nǚ zhōng háo jié
女中尧舜,nǚ zhōng yáo shùn
女中丈夫,nǚ zhōng zhàng fū
虐老兽心,nüè lǎo shòu xīn
暖衣饱食,nuǎn yī bǎo shí
诺诺连声,nuò nuò lián shēng
喏喏连声,nuò nuò lián shēng
搦朽磨钝,nuò xiǔ mó dùn
懦词怪说,nuò cí guài shuō
讴功颂德,ōu gōng sòng dé
欧风美雨,ōu fēng měi yǔ
鸥波萍迹,ōu bō píng jì
鸥鹭忘机,ōu lù wàng jī
鸥水相依,ōu shuǐ xiāng yī
呕心抽肠,ǒu xīn chōu cháng
呕心滴血,ǒu xīn dī xuè
呕心沥血,ǒu xīn lì xuè
呕心镂骨,ǒu xīn lòu gǔ
偶变投隙,ǒu biàn tóu xì
偶一为之,ǒu yī wéi zhī
藕断丝连,ǒu duàn sī lián
沤浮泡影,ōu fú pào yǐng
沤沫槿艳,ōu mò jǐn yàn
沤珠槿艳,ōu zhū jǐn yàn
杷罗剔抉,pá luó tī jué
爬耳搔腮,pá ěr sāo sāi
爬罗剔抉,pá luó tī jué
爬山涉水,pá shān shè shuǐ
爬梳剔抉,pá shū tī jué
爬梳洗剔,pá shū xǐ tī
怕风怯雨,pà fēng qiè yǔ
怕鬼有鬼,pà guǐ yǒu guǐ
怕死贪生,pà sǐ tān shēng
怕痛怕痒,pà tòng pà yǎng
怕硬欺软,pà yìng qī ruǎn
拍案而起,pāi àn ér qǐ
拍案叫绝,pāi àn jiào jué
拍案惊奇,pāi àn jīng qí
拍板成交,pāi bǎn chéng jiāo
拍马溜须,pāi mǎ liū xū
拍手称快,pāi shǒu chēng kuài
徘徊歧路,pái huái qí lù
排斥异己,pái chì yì jǐ
排除万难,pái chú wàn nán
排除异己,pái chú yì jǐ
排患解纷,pái huàn jiě fēn
排糠障风,pái kāng zhàng fēng
排难解纷,pái nàn jiě fēn
排沙简金,pái shā jiǎn jīn
排沙见金,pái shā jiàn jīn
排山倒海,pái shān dǎo hǎi
排山压卵,pái shān yā luǎn
排忧解难,pái yōu jiě nán
潘江陆海,pān jiāng lù hǎi
潘文乐旨,pān wén lè zhǐ
攀蟾折桂,pān chán shé guì
攀车卧辙,pān chē wò zhé
攀高接贵,pān gāo jiē guì
攀高结贵,pān gāo jié guì
攀花问柳,pān huā wèn liǔ
攀花折柳,pān huā shé liǔ
攀今吊古,pān jīn diào gǔ
攀今掉古,pān jīn diào gǔ
攀今揽古,pān jīn lǎn gǔ
攀鳞附翼,pān lín fù yì
攀龙附凤,pān lóng fù fèng
攀龙附骥,pān lóng fù jì
攀龙讬凤,pān lóng xiù fèng
攀藤附葛,pān téng fù gě
攀藤揽葛,pān téng lǎn gě
攀炎附热,pān yán fù rè
攀辕卧辙,pān yuán wò zhé
盘根错节,pán gēn cuò jié
盘根究底,pán gēn jiū dǐ
盘根问底,pán gēn wèn dǐ
盘龙卧虎,pán lóng wò hǔ
盘龙之癖,pán lóng zhī pǐ
盘马弯弓,pán mǎ wān gōng
盘木朽株,pán mù xiǔ zhū
盘石桑苞,pán shí sāng bāo
盘石之安,pán shí zhī ān
盘石之固,pán shí zhī gù
盘水加剑,pan shui jia jian
盘游无度,pán yóu wú dù
槃根错节,pán gēn cuò jié
槃木朽株,pán mù xiǔ zhū
磐石之安,pán shí zhī ān
磐石之固,pán shí zhī gù
判然不同,pàn rán bù tóng
判若鸿沟,pàn ruò hóng gōu
判若两人,pàn ruò liǎng rén
判若水火,pàn ruò shuǐ huǒ
判若天渊,pàn ruò tiān yuān
判若云泥,pàn ruò yún ní
泮林革音,pàn lín gé yīn
滂沱大雨,páng tuó dà yǔ
庞眉白发,páng méi bái fà
庞眉皓发,páng méi hào fà
庞眉皓首,páng méi hào shǒu
庞眉鹤发,páng méi hè fā
庞眉黄发,páng méi huáng fā
庞然大物,páng rán dà wù
旁观者清,páng guān zhě qīng
旁见侧出,páng jiàn cè chū
旁门外道,páng mén wài dào
旁门小道,páng mén xiǎo dào
旁门邪道,páng mén xié dào
旁门左道,páng mén zuǒ dào
旁敲侧击,páng qiāo cè jī
旁求博考,páng qiú bó kǎo
旁求俊彦,páng qiú jùn yàn
旁若无人,páng ruò wú rén
旁收博采,páng shōu bó cǎi
旁搜博采,páng sōu bó cǎi
旁搜远绍,páng sōu yuǎn shào
旁通曲畅,páng tōng qǔ chàng
旁通曲鬯,páng tōng qǔ chàng
旁推侧引,páng tuī cè yǐn
旁文剩义,páng wén shèng yì
旁行斜上,páng xíng xié shàng
旁摇阴煽,páng yáo yīn shān
旁逸横出,páng yì héng chū
旁引曲证,páng yǐn qǔ zhèng
旁蒷远绍,páng sōu yuǎn shào
旁征博引,páng zhēng bó yǐn
旁枝末节,páng zhī mò jié
旁指曲谕,páng zhǐ qǔ yù
抛戈弃甲,pāo gē qì jiǎ
抛头露面,pāo tóu lù miàn
抛乡离井,pāo xiāng lí jǐng
抛砖引玉,pāo zhuān yǐn yù
刨根究底,páo gēn jiū dǐ
刨根问底,páo gēn wèn dǐ
刨树搜根,páo shù sōu gēn
咆哮如雷,páo xiāo rú léi
庖丁解牛,páo dīng jiě niú
炮凤烹龙,páo fèng pēng lóng
炮火连天,pào huǒ lián tiān
炮龙烹凤,pào lóng pēng fèng
炰鳖脍鲤,fèng biē kuài lǐ
袍笏登场,páo hù dēng chǎng
匏瓜空悬,páo guā kōng xuán
跑马观花,pǎo mǎ guān huā
砲凤烹龙,pào fèng pēng lóng
砲龙烹凤,pào lóng pēng fèng
赔身下气,péi shēn xià qì
沛雨甘霖,pèi yǔ gān lín
佩韦佩弦,pèi wéi pèi xián
佩紫怀黄,pèi zǐ huái huáng
配套成龙,pèi tào chéng lóng
配享从汜,pèi xiǎng cóng sì
喷薄欲出,pēn bó yù chū
喷血自污,pēn xuè zì wū
喷雨嘘云,pēn yǔ xū yún
喷云吐雾,pēn yún tǔ wù
喷云泄雾,pēn yún xiè wù
怦然心动,pēng rán xīn dòng
烹狗藏弓,pēng gǒu cáng gōng
烹龙庖凤,pēng lóng páo fèng
烹龙炮凤,pēng lóng páo fèng
烹龙砲凤,pēng lóng pào fèng
烹龙煮凤,pēng lóng zhǔ fèng
烹犬藏弓,pēng quǎn cáng gōng
朋比为奸,péng bǐ wéi jiān
朋比作奸,péng bǐ zuò jiān
朋党比周,péng dǎng bǐ zhōu
弸中彪外,péng zhōng biāo wài
蓬荜生辉,péng bì shēng huī
蓬筚生辉,péng bì shēng huī
蓬户柴门,péng hù chái mén
蓬户瓮牖,péng hù wèng yǒu
蓬赖麻直,péng lài má zhí
蓬门荜户,péng mén bì hù
蓬门筚户,péng mén bì hù
蓬生麻中,péng shēng má zhōng
蓬首垢面,péng shǒu gòu miàn
蓬头赤脚,péng tóu chì jiǎo
蓬头垢面,péng tóu gòu miàn
蓬头历齿,péng tóu lì chǐ
蓬头厉齿,péng tóu lì chǐ
蓬头跣足,péng tóu xiǎn zú
鹏程万里,péng chéng wàn lǐ
鹏抟鹢退,péng tuán huā tuì
鹏霄万里,péng xiāo wàn lǐ
鹏游蝶梦,péng yóu dié mèng
捧腹大笑,pěng fù dà xiào
捧毂推轮,pěng gǔ tuī lún
捧头鼠窜,pěng tóu shǔ cuàn
捧心西子,pěng xīn xī zǐ
批鄐导竨,pī xì dǎo kuǎn
批风抹月,pī fēng mò yuè
批红判白,pī hóng pàn bái
批亢捣虚,pī gàng dǎo xū
批亢抵巇,pī gāng dǐ xī
批吭捣虚,pī háng dǎo xū
批鳞请剑,pī lín qǐng jiàn
批毛求疵,pī máo qiú cī
批逆龙鳞,pī nì lóng lín
批隙导竨,pī xì dǎo yín
批砉导竨,pī huā dǎo táo
披发入山,pī fā rù shān
披发文身,pī fà wén shēn
披发缨冠,pī fā yīng guàn
披发左衽,pī fà zuǒ rèn
披肝沥胆,pī gān lì dǎn
披肝沥血,pī gān lì xuè
披肝露胆,pī gān lù dǎn
披古通今,pī gǔ tōng jīn
披红戴花,pī hóng dài huā
披枷带锁,jīn jiā yù suǒ
披枷戴锁,pī jiā dài suǒ
披坚执锐,pī jiān zhí ruì
披襟解带,pī jīn jiě dài
披荆斩棘,pī jīng zhǎn jí
披沥肝胆,pī lì gān dǎn
披沥肝膈,pī lì gān gé
披林撷秀,pī lín xié xiù
披露腹心,pī lù fù xīn
披露肝胆,pī lù gān dǎn
披罗戴翠,pī luó dài cuì
披麻带索,pī má dài suǒ
披麻带孝,pī má dài xiào
披麻戴孝,pī má dài xiào
披麻救火,pī má jiù huǒ
披毛戴角,pī máo dài jiǎo
披毛求疵,pī máo qiú cī
披毛求瑕,pī máo qiú xiá
披毛索黡,pī máo suǒ yǎn
披毛索靥,pī máo suǒ yǎn
披裘带索,pī qiú dài suǒ
披裘负薪,pī qiú fù xīn
披沙拣金,pī shā jiǎn jīn
披沙简金,pī shā jiǎn jīn
披沙剖璞,pī shā pōu pú
披头盖脑,pī tóu gài nǎo
披头散发,pī tóu sàn fà
披霄决汉,pī xiāo jué hàn
披心沥血,pī xīn lì xuè
披心相付,pī xīn xiāng fù
披星带月,pī xīng dài yuè
披星戴月,pī xīng dài yuè
披榛采兰,pī zhēn cǎi lán
劈风斩浪,pī fēng zhǎn làng
劈荆斩棘,pī jīng zhǎn jí
劈头盖脸,pī tóu gài liǎn
磇硄混玉,zhì fū hùn yù
皮开肉绽,pí kāi ròu zhàn
皮里抽肉,pí lǐ chōu ròu
皮里春秋,pí lǐ chūn qiū
皮里阳秋,pí lǐ yáng qiū
皮相之见,pí xiàng zhī jiàn
皮相之谈,pí xiàng zhī tán
枇杷门巷,pí pá mén xiàng
疲惫不堪,pí bèi bù kān
疲于奔命,pí yú bēn mìng
蚍蜉戴盆,pí fú dài pén
蚍蜉撼树,pí fú hàn shù
琵琶别抱,pí pá bié bào
琵琶别弄,pí pá bié nòng
琵琶胡语,pí pá hú yǔ
琵琶旧语,pí pá jiù yǔ
匹夫沟渎,pǐ fū gōu dú
匹夫怀璧,pǐ fū huái bì
匹夫匹妇,pǐ fū pǐ fù
匹夫无罪,pǐ fū wú zuì
匹夫小谅,pǐ fū xiǎo liàng
匹夫有责,pǐ fū yǒu zé
匹夫之谅,pǐ fū zhī liàng
匹夫之勇,pǐ fū zhī yǒng
匹妇沟渠,pǐ fù gōu qú
匹马单枪,pǐ mǎ dān qiāng
匹马当先,pǐ mǎ dāng xiān
匹马一麾,pǐ mǎ yī huī
匹马只轮,pǐ mǎ zhī lún
擗踊拊心,pǐ yǒng fǔ xīn
屁滚尿流,pì gǔn niào liú
睥睨一切,pì nì yī qiè
僻字涩句,pì zì sè jù
片长薄技,piàn cháng bó jì
片长末技,piàn cháng mò jì
片词只句,piàn cí zhī jù
片光零羽,piàn guāng líng yǔ
片甲不存,piàn jiǎ bù cún
片甲不还,piàn jiǎ bù huán
片甲不回,piàn jiǎ bù huí
片甲不留,piàn jiǎ bù liú
片甲无存,piàn jiǎ wú cún
片接寸附,piàn jiē cùn fù
片鳞半爪,piàn lín bàn zhǎo
片鳞残甲,piàn lín cán jiǎ
片鳞碎甲,piàn lín suì jiǎ
片鳞只甲,piàn lín zhī jiǎ
片瓦不留,piàn wǎ bù liú
片瓦无存,piàn wǎ wú cún
片文只事,piàn wén zhī shì
片言一字,piàn yán yī zì
片言折狱,piàn yán zhé yù
片言只语,piàn yán zhǐ yǔ
片言只字,piàn yán zhǐ zì
片语只辞,piàn yán zhǐ cí
片云遮顶,piàn yún zhē dǐng
片纸只字,piàn zhǐ yán zì
偏三向四,piān sān xiàng sì
偏听偏信,piān tīng piāng xìn
偏听偏言,piān tīng piān yán
偏乡僻壤,piān xiāng pì rǎng
偏信则暗,piān xìn zé àn
翩翩风度,piān piān fēng dù
翩翩公子,piān piān gōng zǐ
翩翩年少,piān piān nián shǎo
翩翩起舞,piān piān qǐ wǔ
翩翩少年,piān piān shào nián
翩若惊鸿,piān ruò jīng hóng
骈肩迭迹,pián jiān dié jì
骈肩叠迹,pián jiān dié jì
骈肩接迹,pián jiān jiē jì
骈肩累迹,pián jiān lěi jì
骈肩累踵,pián jiān lèi zhǒng
骈肩累足,pián jiān lěi zú
骈门连室,pián mén lián shì
骈拇枝指,pián mǔ zhī zhǐ
骈首就逮,pián shǒu jiù dǎi
骈首就僯,pián shǒu jiù guī
骈首就戮,pián shǒu jiù lù
骈首就死,pián shǒu jiù sǐ
骈首就系,pián shǒu jiù xì
骈四俪六,pián sì lì liù
骈兴错出,pián xīng cuò chū
骈枝俪叶,pián zhī lì yè
胼手胝足,pián shǒ zhī zú
胼胝手足,pián zhī shǒu zú
漂泊无定,piāo bó wú dìng
漂零蓬断,piāo líng péng duàn
漂母进饭,piāo mǔ jìn fàn
漂蓬断梗,piāo péng duàn gěng
飘泊无定,piāo bó wú dìng
飘籵坠溷,piāo fān zhuì hùn
飘樊落溷,piāo fán luò hùn
飘风暴雨,piāo fēng bào yǔ
飘风过耳,piāo fēng guò ěr
飘风急雨,piāo fēng jí yǔ
飘风苦雨,piāo fēng kǔ yǔ
飘风骤雨,piāo fēng zhòu yǔ
飘零书剑,piāo líng shū jiàn
飘蓬断梗,piāo péng duàn gěng
飘飘欲仙,piāo piāo yù xiān
飘萍断梗,piāo píng duàn gěng
飘萍浪迹,piāo péng làng jì
飘瓦虚舟,piāo wǎ xū zhōu
飘洋过海,piāo yáng guò hǎi
飘洋航海,piāo yáng háng hǎi
飘茵堕溷,piāo yīn duò hùn
飘茵落溷,piāo yīn luò hùn
飘茵随溷,piāo yīn suí hùn
瓢泼大雨,piáo pō dà yǔ
撇呆打堕,piě dāi dǎ duò
拼死拼活,pīn sǐ pīn huó
贫病交攻,pín bìng jiāo gōng
贫病交加,pín bìng jiāo jiā
贫病交迫,pín bìng jiāo pò
贫病交侵,pín bìng jiāo qīn
贫不学俭,pín bù xué jiǎn
贫而乐道,pín ér lè dào
贫而无谄,pín ér wú chǎn
贫贱不移,pín jiàn bù yí
贫贱骄人,pín jiàn jiāo rén
贫贱糟糠,pín jiàn zāo kāng
贫贱之交,pín jiàn zhī jiāo
贫贱之知,pín jiàn zhī zhī
贫困潦倒,pín kùn liáo dǎo
贫无立锥,pín wú lì zhuī
贫无置锥,pín wú zhì zhuī
贫嘴薄舌,pín zuǐ bó shé
贫嘴恶舌,pín zuǐ è shé
贫嘴滑舌,pín zuǐ huá shé
贫嘴贱舌,pín zuǐ jiàn shé
品而第之,pǐn ér dì zhī
品貌非凡,pǐn mào fēi fán
品头论足,pǐn tóu lùn zú
品头评足,pǐn tóu píng zú
品头题足,pǐn tóu tí zú
品学兼优,pǐn xué jiān yōu
品竹弹丝,pǐn zhú tán sī
品竹调丝,pǐn zhú tiáo sī
品竹调弦,pǐn zhú diào xián
牝哹鸣辰,pìn zhòu míng chén
牝鸡晨鸣,pìn jī chén míng
牝鸡牡鸣,pìn jī mǔ míng
牝鸡司晨,pìn jī sī chén
牝鸡司旦,pìn jī sī dàn
牝牡骊黄,pìn mǔ lí huáng
娉婷婀娜,pīng tíng ē nà
娉婷袅娜,pīng tíng niǎo nuó
平安无事,píng ān wú shì
平白无辜,píng bái wú gū
平白无故,píng bái wú gù
平步登天,píng bù dēng tiān
平步青霄,píng bù qīng xiāo
平步青云,píng bù qīng yún
平淡无奇,píng dàn wú qí
平澹无奇,píng dàn wú qí
平地登云,píng dì dēng yún
平地风波,píng dì fēng bō
平地风雷,píng dì fēng léi
平地楼台,píng dì lóu tái
平地起家,píng dì qǐ jiā
平地起雷,píng dì qǐ léi
平地青云,píng dì qīng yún
平分秋色,píng fēn qiū sè
平风静浪,píng fēng jìng làng
平流缓进,píng liú huǎn jìn
平铺直序,píng pù zhí xù
平铺直叙,píng pū zhí xù
平起平坐,píng qǐ píng zuò
平头正脸,píng tóu zhèng liǎn
平心定气,píng xīn dìng qì
平心而论,píng xīn ér lùn
平心静气,píng xīn jìng qì
平心易气,píng xīn yì qì
平易近民,píng yì jìn mín
平易近人,píng yì jìn rén
平原督邮,píng yuán dū yóu
平原易野,píng yuán yì yě
平治天下,píng zhì tiān xià
评功摆好,píng gōng bǎi hǎo
评头论脚,píng tóu lùn jiǎo
评头论足,píng tóu lùn zú
评头品足,píng tóu pǐn zú
凭白无故,píng bái wú gù
凭城借一,píng chéng jiè yī
凭几据杖,píng jī jù zhàng
凭几之诏,píng jǐ zhī zhào
凭空捏造,píng kōng niē zào
凭轼结辙,píng shì jié zhé
凭轼旁观,píng shì páng guān
凭虚公子,píng xū gōng zǐ
屏气敛息,bǐng qì liǎn xī
屏气凝神,bǐng qì níng shén
屏气慑息,bǐng qì shè xī
屏气吞声,píng qì tūn shēng
屏声静气,píng shēng jìng qì
屏声敛息,píng shēng liǎn xī
屏声息气,bǐng shēng xī qì
帡天极地,jú tiān jí dì
瓶沉簪折,píng chén zān zhé
瓶罄罍耻,píng qìng léi chǐ
瓶坠簪折,píng zhùi zān zhé
萍飘蓬转,píng piāo péng zhuàn
萍水相逢,píng shuǐ xiāng féng
萍踪浪迹,píng zōng làng jì
泼妇骂街,pō fù mà jiē
泼水难收,pō shuǐ nán shōu
泼天大祸,pō tiān dà huò
泼油救火,pō yóu jiù huǒ
婆婆妈妈,pó pó mā mā
婆娑起舞,pó suō qǐ wǔ
迫不得已,pò bù dé yǐ
迫不及待,pò bù jí dài
迫不可待,pò bù kě dài
迫于眉睫,pò yú méi jié
迫在眉睫,pò zài méi jié
破壁飞去,pò bì fēi qù
破璧毁珪,pò bì huǐ zhǐ
破产荡业,pò chǎn dàng yè
破巢完卵,pò cháo wán luǎn
破巢余卵,pò cháo yú luǎn
破愁为笑,pò chóu wéi xiào
破除迷信,pò chú mí xìn
破胆寒心,pò dǎn hán xīn
破斧缺斨,pò fǔ quē zhōu
破釜沉舟,pò fǔ chén zhōu
破釜焚舟,pò fǔ fén zhōu
破肝糜胃,pò gān mí wèi
破觚为圜,pò gū wéi yuán
破觚斫雕,pò gū zhuó diāo
破瓜之年,pò guā zhī nián
破罐破摔,pò guàn pò shuāi
破国亡家,pò guó wáng jiā
破家败产,pò jiā bài chǎn
破家荡产,pò jiā dàng chǎn
破家荡业,pò jiā dàng yè
破家竭产,pò jiā jié chǎn
破家丧产,pò jiā sàng chǎn
破家亡国,pò jiā wáng guó
破家为国,pò jiā wéi guó
破家县令,pò jiā xiàn lìng
破奸发伏,pò jiān fā fú
破坚摧刚,pò jiān cuī gāng
破镜分钗,pò jìng fēn chāi
破镜重合,pò jìng zhòng hé
破镜重圆,pò jìng chóng yuán
破旧立新,pò jiù lì xīn
破矩为圆,pò jǔ wéi yuán
破军杀将,pò jūn shā jiāng
破口大骂,pò kǒu dà mà
破烂不堪,pò làn bù kān
破烂流丢,pò làn liú diū
破浪乘风,pò làng chéng fēng
破卵倾巢,pò luǎn qīng cháo
破门而出,pò mén ér chū
破门而入,pò mén ér rù
破衲疏羹,pò nà shū gēng
破脑刳心,pò nǎo kū xīn
破琴绝弦,pò qín jué xián
破死忘生,pò sǐ wàng shēng
破涕成笑,pò tì chéng xiào
破涕为笑,pò tì wéi xiào
破桐之叶,pò tóng zhī yè
破铜烂铁,pò tóng làn tiě
破头烂额,pò tóu làn é
破瓦颓垣,pò wǎ tuí yuán
破玩意儿,pò wán yì ér
破崖绝角,pò yá jué jiǎo
破颜微笑,pò yán wēi xiào
破甑不顾,pò zèng bù gù
破绽百出,pò zhàn bǎi chū
破竹建瓴,pò zhú jiàn líng
破竹之势,pò zhú zhī shì
破柱求奸,pò zhù qiú jiān
魄荡魂飞,pò dàng hún fēi
魄荡魂摇,pò dàng hún yáo
魄散魂飞,pò sàn hún fēi
魄散魂飘,pò sàn hún piāo
魄散魂消,pò sàn hún xiāo
魄消魂散,pò xiāo hún sàn
剖蚌得珠,pōu bàng dé zhū
剖蚌求珠,pōu bàng qiú zhū
剖腹藏珠,pōu fù cáng zhū
剖肝沥胆,pōu gān lì dǎn
剖肝泣血,pōu gān qì xuè
剖毫析芒,pōu háo xī máng
剖决如流,pōu jué rú liú
剖析肝胆,pōu xī gān dǎn
剖心坼肝,pōu xīn chè gān
剖心泣血,pōu xīn qì xuè
剖心析胆,pōu xīn xī dǎn
剖心析肝,pōu xīn xī gān
剖玄析微,pōu xuán xī wēi
剖幽析微,pōu yōu xī wēi
掊斗折衡,pǒu dǒu zhé héng
裒多益寡,póu duō yì guǎ
仆仆道途,pú pú dào tú
仆仆风尘,pú pú fēng chén
仆仆亟拜,pú pú jí bài
扑地掀天,pū dì xiān tiān
扑杀此獠,pū shā cǐ lǎo
扑朔迷离,pū shuò mí lí
扑天盖地,pū tiān gài dì
铺采摛文,pù cǎi chī wén
铺锦列绣,pū jǐn liè xiù
铺眉蒙眼,pū méi méng yǎn
铺眉苫眼,pū méi shàn yǎn
铺谋定计,pù móu dìng jì
铺天盖地,pū tiān gài dì
铺胸纳地,pū xiōng nà dì
铺张浪费,pū zhāng làng fèi
铺张扬厉,pū zhāng yáng lì
匍匐之救,pú fú zhī jiù
菩萨低眉,pú sà dī méi
蒲鞭示辱,pú biān shì rǔ
蒲鞭之罚,pú biān zhī fá
蒲柳之质,pú liǔ zhī zhì
蒲柳之姿,pú liǔ zhī zī
璞玉浑金,pú yù hún jīn
朴讷诚笃,pǔ nè chéng dǔ
朴实无华,pǔ shí wú huá
朴素无华,pǔ sù wú huá
朴斫之材,pǔ zhuó zhī cái
普度群生,pǔ dù qún shēng
普度众生,pǔ dù zhòng shēng
普渡众生,pǔ dù zhòng shēng
普济群生,pǔ jì qún shēng
普济众生,pǔ jì zhòng shēng
普天率土,pǔ tiān shuài tǔ
普天同庆,pǔ tiān tóng qìng
普天匝地,pǔ tiān zā dì
普天之下,pǔ tiān zhī xià
溥天率土,pǔ tiān lǜ tǔ
溥天同庆,pǔ tiān tóng qìng
曝背食芹,pù bèi shí qín
曝骨履肠,pù gǔ lǚ cháng
曝书见竹,pù shū jiàn zhú
七步八叉,qī bù bā chā
七步成诗,qī bù chéng shī
七步成章,qī bù chéng zhāng
七步之才,qī bù zhī cái
七长八短,qī cháng bā duǎn
七鄐八手,qī xì bā shǒu
七穿八洞,qī chuān bā dòng
七穿八烂,qī chuān bā làn
七疮八孔,qī chuāng bā kǒng
七搭八扯,qī dā bā chě
七搭八搭,qī cháng bā dā
七大八小,qī dà bā xiǎo
七担八挪,qī dān bā nuó
七颠八倒,qī diān bā dǎo
七断八续,qī duàn bā sù
七返还丹,qī fǎn huán dān
七高八低,qī gāo bā dī
七拱八翘,qī gǒng bā qiào
七横八竖,qī héng bā shù
七慌八乱,qī huāng bā luàn
七脚八手,qī jiǎo bā shǒu
七开八得,qī kāi bā dé
七孔生烟,qī kǒng shēng yān
七口八嘴,qī kǒu bā zuǐ
七拉八扯,qī lā bā chě
七捞八攘,qī lāo bā rǎng
七老八倒,qī lǎo bā dǎo
七老八十,qī lǎo bā shí
七棱八瓣,qī léng bā bàn
七了八当,qī le bā dāng
七零八落,qī líng bā luò
七零八碎,qī líng bā suì
七满八平,qī mǎn bā píng
七男八婿,qī nán bā xù
七扭八歪,qī niǔ bā wāi
七拼八凑,qī pīn bā còu
七破八补,qī pò bā bǔ
七七八八,qī qī bā bā
七窍玲珑,qī qiào líng lóng
七窍冒火,qī qiào mào huǒ
七窍生烟,qī qiào shēng yān
七擒七纵,qī qín qī zòng
七青八黄,qī qīng bā huáng
七情六欲,qī qíng liù yù
七日来复,qī rì lái fù
七上八落,qī shàng bā luò
七上八下,qī shàng bā xià
七舌八嘴,qī shé bā zuǐ
七生七死,qī shēng qī sǐ
七十二行,qī shí èr háng
七事八事,qī shì bā shì
七手八脚,qī shǒu bā jiǎo
七首八脚,qī shǒu bā jiǎo
七死八活,qī sǐ bā huó
七死七生,qī sǐ qī shēng
七损八伤,qī sǔn bā shāng
七损八益,qī sǔn bā yì
七推八阻,qī tuī bā zǔ
七歪八扭,qī wāi bā niǔ
七弯八拐,qī wān bā guǎi
七湾八拐,qī wān bā guǎi
七湾八扭,qī wān bā niǔ
七窝八代,qī wō bā dài
七相五公,qī xiāng wǔ gōng
七行俱下,qī háng jù xià
七言八语,qī yán bā yǔ
七张八嘴,qī zhāng bā zuǐ
七折八扣,qī zhé bā kòu
七贞九烈,qī zhēn jiǔ liè
七支八搭,qī zhī bā dā
七子八婿,qī zǐ bā xù
七纵八横,qī zòng bā héng
七纵七禽,qī zòng qī qín
七纵七擒,qī zòng qī qín
七足八手,qī zú bā shǒu
七嘴八舌,qī zuǐ bā shé
七嘴八张,qī zuǐ bā zhāng
妻儿老少,qī ér lǎo shǎo
妻儿老小,qī ér lǎo xiǎo
妻离子散,qī lí zǐ sàn
妻梅子鹤,qī mén zǐ hè
妻荣夫贵,qī róng fū guì
凄风楚雨,qī fēng chǔ yǔ
凄风寒雨,qī fēng hán yǔ
凄风苦雨,qī fēng kǔ yǔ
凄风冷雨,qī fēng lěng yǔ
凄然泪下,qī rán lèi xià
凄入肝脾,qī rù gān pí
栖冲业简,qī chōng yè jiǎn
栖风宿雨,qī fēng xiǔ yǔ
栖栖遑遑,qī qī huáng huáng
栖丘饮谷,qī qiū yǐn gǔ
戚戚具尔,qī qī jù ěr
期期艾艾,qī qī ài ài
期颐之寿,qī yí zhī shòu
欺大压小,qī dà yā xiǎo
欺公罔法,qī gōng wǎng fǎ
欺君罔上,qī jūn wǎng shàng
欺君误国,qī jūn wù guó
欺贫爱富,qī pín ài fù
欺人太甚,qī rén tài shèn
欺人之谈,qī rén zhī tán
欺人自欺,qī rén zì qī
欺软怕硬,qī ruǎn pà yìng
欺三瞒四,qī sān mán sì
欺善怕恶,qī shàn pà è
欺上瞒下,qī shàng mán xià
欺上罔下,qī shàng wǎng xià
欺世盗名,qī shì dào míng
欺霜傲雪,qī shuāng ào xuě
欺天诳地,qī tiān kuāng dì
欺天罔地,qī tiān wǎng dì
欺天罔人,qī tiān wǎng rén
欺硬怕软,qī yìng pà ruǎn
嘁嘁喳喳,qī qī zhā zhā
漆黑一团,qī hēi yī tuán
漆身吞炭,qī shēn tūn tàn
蹊田夺牛,xī tián duó niú
祁奚举午,qí xī jǔ wǔ
祁奚之荐,qí xī zhī jiàn
祁奚之举,qí xī zhī jǔ
齐镳并驱,qí biāo bìng qū
齐大非偶,qí dà fēi ǒu
齐大非耦,qí dà fēi ǒu
齐东野语,qí dōng yě yǔ
齐轨连辔,qí guǐ lián pèi
齐家治国,qí jiā zhì guó
齐量等观,qí liàng děng guān
齐眉举案,qí méi jǔ àn
齐名并价,qí míng bìng jià
齐驱并驾,qí qū bìng jià
齐驱并进,qí qū bìng jìn
齐驱并骤,qí qū bìng zhòu
齐趋并驾,qí qū bìng jià
齐人攫金,qí rén jué jīn
齐天洪福,qí tiān hóng fú
齐头并进,qí tóu bìng jìn
齐纨鲁缟,qí wán lǔ gǎo
齐王舍牛,qí wáng shě niú
齐心并力,qí xīn bìng lì
齐心併力,qí xīn bìng lì
齐心涤虑,qí xīn dí lǜ
齐心合力,qí xīn hé lì
齐心戮力,qí xīn lù lì
齐心同力,qí xīn tóng lì
齐心协力,qí xīn xié lì
齐心一力,qí xīn yī lì
齐烟九点,qí yān jiǔ diǎn
齐足并驱,qí zú bìng qū
岐出岐入,qí chū qí rù
其道亡繇,qí dào wáng yáo
其道无由,qí dào wú yóu
其乐不穷,qí lè bù qióng
其乐无穷,qí lè wú qióng
其貌不扬,qí mào bù yáng
其势汹汹,qí shì xiōng xiōng
其味无穷,qí wèi wú qióng
其应如响,qí yìng rú xiǎng
其应若响,qí yìng ruò xiǎng
奇才异能,qí cái yì néng
奇耻大辱,qí chǐ dà rǔ
奇光异彩,qí guāng yì cǎi
奇花异草,qí huā yì cǎo
奇花异卉,qí huā yì huì
奇货可居,qí huò kě jū
奇技淫巧,qí jì yín qiǎo
奇离古怪,qí lí gǔ guài
奇葩异卉,qí pā yì hùi
奇谈怪论,qí tán guài lùn
奇文共赏,qí wén gòng shǎng
奇文瑰句,qí wén guī jù
奇想天开,qí xiǎng tiān kāi
奇形怪状,qí xíng guài zhuàng
奇形异状,qí xíng yì zhuàng
奇珍异宝,qí zhēn yì bǎo
奇珍异玩,qí zhēn yì wán
奇装异服,qí zhuāng yì fú
歧路徘徊,qí lù pái huái
歧路亡羊,qí lù wáng yáng
耆德硕老,qí dé shuò lǎo
耆年硕德,qí nián shuò dé
崎嵚历落,qí qīn lì luò
骐骥过隙,qí jì guò xì
骐骥一毛,qí jì yī máo
骑鹤上扬,qí hè shàng yáng
骑鹤维扬,qí hè wéi yáng
骑鹤扬州,qí hè yáng zhōu
骑虎难下,qí hǔ nán xià
骑龙弄凤,qí lóng nòng fèng
骑驴倒堕,qí lǘ dǎo duò
骑驴觅驴,qí lǘ mì lǘ
骑驴索句,qí lǘ suǒ jù
骑马寻马,qí mǎ xún mǎ
骑马找马,qí mǎ zhǎo mǎ
骑牛觅牛,qí niú mì niú
骑扬州鹤,qí yáng zhōu hè
骑者善堕,qí zhě shàn duò
棋布错峙,qí bù cuò zhì
棋布星陈,qí bù xīng chén
棋布星罗,qí bù xīng luó
棋逢敌手,qí féng dí shǒu
棋逢对手,qí féng duì shǒu
棋高一着,qí gāo yī zhāo
棋输先著,qí shū xiān zhuó
棋输先着,qí shū xiān zhāo
琪花瑶草,qí huā yáo cǎo
琪花玉树,qí huā yù shù
旗布星峙,qí bù xīng zhì
旗鼓相当,qí gǔ xiāng dāng
旗开得胜,qí kāi dé shèng
旗靡辙乱,qí mí zhé luàn
旗帜鲜明,qí zhì xiān míng
綦溪利跂,qí xī lì guì
乞哀告怜,qǐ āi gào lián
乞儿乘车,qǐ ér chéng chē
乞儿马医,qǐ ér mǎ yī
乞浆得酒,qǐ jiāng dé jiǔ
乞穷俭相,qǐ qióng jiǎn xiāng
企踵可待,qǐ zhǒng kě dài
岂弟君子,kǎi tì jūn zǐ
岂有此理,qǐ yǒu cǐ lǐ
岂有是理,qǐ yǒu shì lǐ
启宠纳侮,qǐ chǒng nà wǔ
启瞶振聋,qǐ guì zhèn lóng
杞国忧天,qǐ guó yōu tiān
杞国之忧,qǐ guó zhī yōu
杞人忧天,qǐ rén yōu tiān
杞人之忧,qǐ rén zhī yōu
杞宋无征,qǐ sòng wú zhēng
杞天之虑,qǐ tiān zhī lǜ
杞梓之林,qǐ zǐ zhī lín
起承转合,qǐ chéng zhuǎn hé
起凤腾蛟,qǐ fèng téng jiāo
起根发由,qǐ gēn fā yóu
起居无时,qǐ jū wú shí
起死回生,qǐ sǐ huí shēng
起偃为竖,qǐ yǎn wéi shù
起早贪黑,qǐ zǎo tān hēi
绮纨之岁,qǐ wán zhī suì
气充志骄,qì chōng zhì jiāo
气冲斗牛,qì chōng dǒu niú
气冲牛斗,qì chōng niú dǒu
气冲霄汉,qì chōng xiāo hàn
气喘如牛,qì chuǎn rú niú
气喘吁吁,qì chuǎn xū xū
气得志满,qì dé zhì mǎn
气断声吞,qì duàn shēng tūn
气愤填膺,qì fèn tián yīng
气贯长虹,qì guàn cháng hóng
气急败坏,qì jí bài huài
气急败丧,qì jí bài sàng
气骄志满,qì jiāo zhì mǎn
气竭声嘶,qì jié shēng sī
气竭声澌,qì jié shēng sī
气决泉达,qì jué quán dá
气克斗牛,qì kè dǒu niú
气满志得,qì mǎn zhì dé
气满志骄,qì mǎn zhì jiāo
气忍声吞,qì rěn shēng tūn
气势磅礴,qì shì páng bó
气势汹汹,qì shì xiōng xiōng
气吞虹蝩,qì tūn hóng yī
气吞湖海,qì tūn hú hǎi
气吞牛斗,qì tūn niú dǒu
气吞山河,qì tūn shān hé
气吞宇宙,qì tūn yǔ zhòu
气味相投,qì wèi xiāng tóu
气息奄奄,qì xī yān yān
气象万千,qì xiàng wàn qiān
气消胆夺,qì xiāo dǎn duó
气血方刚,qì xuè fāng gāng
气焰嚣张,qì yàn xiāo zhāng
气焰熏天,qì yàn xūn tiān
气义相投,qì yì xiāng tóu
气谊相投,qì yì xiāng tóu
气涌如山,qì yǒng rú shān
气逾霄汉,qì yú xiāo hàn
气宇轩昂,qì yǔ xuān áng
气壮胆粗,qì zhuàng dǎn cū
气壮河山,qì zhuàng hé shān
气壮理直,qì zhuàng lǐ zhí
气壮如牛,qì zhuàng rú niú
气壮山河,qì zhuàng shān hé
讫情尽意,qì qíng jìn yì
弃暗投明,qì àn tóu míng
弃本求末,qì běn qiú mò
弃本逐末,qì běn zhú mò
弃笔从戎,qì bǐ cóng róng
弃车走林,qì chē zǒu lín
弃道任术,qì dào rèn shù
弃短就长,qì duǎn jiù cháng
弃短用长,qì duǎn yòng cháng
弃恶从善,qì è cóng shàn
弃公营私,qì gōng yíng sī
弃故揽新,qì gù lǎn xīn
弃过图新,qì guò tú xīn
弃好背盟,qì hǎo bèi méng
弃家荡产,qì jiā dàng chǎn
弃甲倒戈,qì jiǎ dǎo gē
弃甲丢盔,qì jiǎ diū kuī
弃甲负弩,qì jiǎ fù nǔ
弃甲投戈,qì jiǎ tóu gē
弃甲曳兵,qì jiǎ yè bīng
弃旧怜新,qì jiù lián xīn
弃旧图新,qì jiù tú xīn
弃旧迎新,qì jiù yíng xīn
弃明投暗,qì míng tóu àn
弃末反本,qì mò fǎn běn
弃末返本,qì mò fǎn běn
弃逆归顺,qì nì guī shùn
弃其馀鱼,qì qí yú yú
弃情遗世,qì qíng yí shì
弃琼拾砾,qì qióng shí lì
弃如敝屣,qì rú bì xǐ
弃若敝屣,qì ruò bì xǐ
弃书捐剑,qì shū juān jiàn
弃同即异,qì tóng jí yì
弃伪从真,qì wěi cóng zhēn
弃文存质,qì wén cún zhì
弃文就武,qì wén jiù wǔ
弃瑕录用,qì xiá lù yòng
弃瑕取用,qì xiá qǔ yòng
弃瑕忘过,qì xiá wàng guò
弃邪从正,qì xié cóng zhèng
弃邪归正,qì xié guī zhèng
弃义倍信,qì yì bèi xìn
弃易求难,qì yì qiú nán
弃之敝屣,qì zhī bì xǐ
弃之度外,qì zhī dù wai
弃之可惜,qì zhī kě xī
弃智遗身,qì zhì yí shēn
泣不成声,qǐ bù chéng shēng
泣不可仰,qì bù kě yǎng
泣麟悲凤,qǐ lín bēi fèng
泣数行下,qì shù háng xià
泣涕如雨,qì tì rú yǔ
泣下如雨,qǐ xià rú yǔ
泣下沾襟,qǐ xià zhān jīn
泣血捶膺,qì xuè chuí yīng
泣血稽颡,qì xuè jī sǎng
泣血枕戈,qì xuè zhěn gē
契船求剑,qì chuán qiú jiàn
契合金兰,qì hé jīn lán
契若金兰,qì ruò jīn lán
砌词捏控,qì cí niē kòng
砌红堆绿,qì hóng duī lǜ
器二不匮,qì èr bù kuì
器满将覆,qì mǎn jiāng fù
器满意得,qì mǎn yì dé
器满则覆,qì mǎn zé fù
器小易盈,qì xiǎo yì yíng
器宇不凡,qì yǔ bù fán
器宇轩昂,qì yǔ xuān áng
掐尖落钞,qiā jiān luò chāo
掐头去尾,qiā tóu qù wěi
恰到好处,qià dào hǎo chù
恰如其分,qià rú qí fèn
洽博多闻,qià bó duō wén
洽闻强记,qià wén qiáng jì
千变万化,qiān biàn wàn huà
千变万轸,qiān biàn wàn zhěn
千变万状,qiān biàn wàn zhuàng
千兵万马,qiān bīng wàn mǎ
千补百衲,qiān bǔ bǎi nà
千仓万箱,qiān cāng wàn xiāng
千差万别,qiān chā wàn bié
千差万错,qiān chà wàn cuò
千乘万骑,qiān chéng wàn qí
千愁万恨,qiān chóu wàn hèn
千愁万绪,qiān chóu wàn xù
千疮百孔,qiān chuāng bǎi kǒng
千疮百痍,qiān chuāng bǎi yí
千锤百炼,qiān chuí bǎi liàn
千村万落,qiān cūn wàn luò
千刀万剁,qiān dāo wàn duò
千刀万剐,qiān dāo wàn guǎ
千叮万嘱,qiān dīng wàn zhǔ
千端万绪,qiān duān wàn xù
千恩万谢,qiān ēn wàn xiè
千方百计,qiān fāng bǎi jì
千方万计,qiān fāng wàn jì
千峰百嶂,qiān fēng bǎi zhàng
千峰万壑,qiān fēng wàn hè
千夫所指,qiān fū suǒ zhǐ
千沟万壑,qiān gōu wàn hè
千古不磨,qiān gǔ bù mó
千古不朽,qiān gǔ bù xiǔ
千古独步,qiān gǔ dú bù
千古绝唱,qiān gǔ jué chàng
千古绝调,qiān gǔ jué diào
千古奇闻,qiān gǔ qí wén
千古一律,qiān gǔ yī lǜ
千古一时,qiān gǔ yī shí
千古一辙,qiān gǔ yī zhé
千古罪人,qiān gǔ zuì rén
千红万紫,qiān hóng wàn zǐ
千呼万唤,qiān hū wàn huàn
千回百折,qiān huí bǎi zhé
千回百转,qiān huí bǎi zhuǎn
千回万转,qiān huí wàn zhuǎn
千汇万状,qiān huì wàn zhuàng
千家万户,qiān jiā wàn hù
千娇百媚,qiān jiāo bǎi mèi
千金敝帚,qiān jīn bì zhǒu
千金弊帚,qiān jīn bì zhǒu
千金买笑,qiān jīn mǎi xiào
千金市骨,qiān jīn shì gǔ
千金一瓠,qiān jīn yī hù
千金一刻,qiān jīn yī kè
千金一壸,qiān jīn yī kǔn
千金一诺,qiān jīn yī nuò
千金一笑,qiān jīn yī xiào
千金一掷,qiān jīn yī zhì
千金之家,qiān jīn zhī jiā
千金之子,qiān jīn zhī zǐ
千军万马,qiān jūn wàn mǎ
千钧一发,qiān jūn yī fà
千钧重负,qiān jūn zhòng fù
千里莼羹,qiān lǐ chún gēng
千里鹅毛,qiān lǐ é máo
千里结言,qiān lǐ jié yán
千里骏骨,qiān lǐ jùn gǔ
千里神交,qiān lǐ shén jiāo
千里迢迢,qiān lǐ tiáo tiáo
千里同风,qiān lǐ tóng fēng
千里无烟,qiān lǐ wú yān
千里一曲,qiān lǐ yī qǔ
千里犹面,qiān lǐ yóu miàn
千里之任,qiān lǐ zhī rèn
千里之志,qiān lǐ zhī zhì
千里之足,qiān lǐ zhī zú
千了百当,qiān liǎo bǎi dàng
千了百了,qiān le bǎi le
千了万当,qiān le wàn dàng
千伶百俐,qiān líng bǎi lì
千龄万代,qiān líng wàn dài
千虑一得,qiān lǜ yī dé
千虑一失,qiān lǜ yī shī
千门万户,qiān mén wàn hù
千磨百折,qiān mó bǎi shé
千难万苦,qiān nán wàn kǔ
千难万难,qiān nán wàn nán
千难万险,qiān nán wàn xiǎn
千年一律,qiān nián yī lǜ
千篇一律,qiān piān yī lǜ
千奇百怪,qiān qí bǎi guài
千千万万,qiān qiān wàn wàn
千秋人物,qiān qiū rén wù
千秋万代,qiān qiū wàn dài
千秋万古,qiān qiū wàn gǔ
千秋万世,qiān qiū wàn shì
千秋万岁,qiān qiū wàn suì
千人所指,qiān rén suǒ zhǐ
千人一面,qiān rén yī miàn
千仞无枝,qiān rèn wú zhī
千山万壑,qiān shān wàn hè
千山万水,qiān shān wàn shuǐ
千生万劫,qiān shēng wàn jié
千生万死,qiān shēng wàn sǐ
千水万山,qiān shuǐ wàn shān
千丝万缕,qiān sī wàn lǚ
千思万虑,qiān sī wàn lǜ
千思万想,qiān sī wàn xiǎng
千随百顺,qiān suí bǎi shùn
千岁鹤归,qiān suì hè guī
千岁一时,qiān suì yī shí
千态万状,qiān tai wàn zhuàng
千条万端,qiān tiáo wàn duān
千条万缕,qiān tiáo wàn lǚ
千条万绪,qiān tiáo wàn xù
千头万序,qiān tóu wàn xù
千头万绪,qiān tóu wàn xù
千推万阻,qiān tuī wàn zǔ
千万买邻,qiān wàn mǎi lín
千辛万苦,qiān xīn wàn kǔ
千形万状,qiān xíng wàn zhuàng
千绪万端,qiān xù wàn duān
千言万说,qiān yán wàn shuō
千言万语,qiān yán wàn yǔ
千岩竞秀,qiān yán jìng xiù
千岩万壑,qiān yán wàn hè
千依百顺,qiān yī bǎi shùn
千依万顺,qiān yī wàn shùn
千语万言,qiān yǔ wàn yán
千灾百难,qiān zāi bǎi nán
千载难逢,qiān zǎi nán féng
千载难遇,qiān zǎi nán yù
千载奇遇,qiān zǎi qí yù
千载一弹,qiān zǎi yī dàn
千载一逢,qiān zǎi yī féng
千载一合,qiān zài yī hé
千载一会,qiān zǎi yī huì
千载一日,qiān zǎi yī rì
千载一圣,qiān zǎi yī shèng
千载一时,qiān zǎi yī shí
千载一遇,qiān zǎi yī yù
千章万句,qiān zhāng wàn jù
千真万确,qiān zhēn wàn què
千状万端,qiān zhuàng wàn duān
千状万态,qiān zhuàng wàn tai
千姿百态,qiān zī bǎi tài
千姿万态,qiān zī wàn tai
迁臣逐客,qiān chén zhú kè
迁风移俗,qiān fēng yí sú
迁客骚人,qiān kè sāo rén
迁兰变鲍,qiān lán biàn bào
迁怒于人,qiān nù yú rén
迁乔出谷,qiān qiáo chū gǔ
迁善黜恶,qiān shàn chù è
迁善改过,qiān shàn gǎi guò
迁善去恶,qiān shàn qù è
迁善塞违,qiān shàn sāi wéi
迁善远罪,qiān shàn yuǎn zuì
迁思回虑,qiān sī huí lǜ
迁延顾望,qiān yán gù wàng
迁延观望,qiān yán guān wàng
迁延稽留,qiān yán jī liú
迁延羁留,qiān yán jī liú
迁延日月,qiān yán rì yuè
迁延时日,qiān yán shí rì
迁延岁月,qiān yán suì yuè
迁莺出谷,qiān yīng chū gǔ
迁于乔木,qiān yú qiáo mù
牵肠割肚,qiān cháng gē dù
牵肠挂肚,qiān cháng guà dù
牵肠萦心,qiān cháng yíng xīn
牵鬼上剑,qiān guǐ shàng jiàn
牵经引礼,qiān jīng yǐn lǐ
牵萝补屋,qiān luó bǔ wū
牵萝莫补,qiān luó mò bǔ
牵牛下井,qiān niú xià jǐng
牵牛织女,qiān niú zhī nǚ
牵强附合,qiān qiáng fù hé
牵强附会,qiān qiáng fù huì
牵丝攀藤,qiān sī pān téng
牵五挂四,qiān wǔ guà sì
牵物引类,qiān wù yǐn lèi
牵羊担酒,qiān yáng dàn jiǔ
牵衣投辖,qiān yī tóu xiá
牵衣肘见,qiān yī zhǒu jiàn
牵引附会,qiān yǐn fù huì
铅刀一割,qiān dāo yī gē
谦恭下士,qiān gōng xià shì
谦躬下士,qiān gōng xià shì
谦谦君子,qiān qiān jūn zǐ
谦让未遑,qiān ràng wèi huáng
谦虚谨慎,qiān xū jǐn shèn
谦虚敬慎,qiān xū jìng shèn
谦尊而光,qiān zūn ér guāng
搴旗取将,qiān qí qǔ jiàng
搴旗斩将,qiān qí zhǎn jiàng
前跋后痜,qián bá hòu máo
前车可鉴,qián chē kě jiàn
前车之鉴,qián chē zhī jiàn
前尘影事,qián chén yǐng shì
前程万里,qián chéng wàn lǐ
前度刘郎,qián dù liú láng
前俯后仰,qián fǔ hòu yǎng
前赴后继,qián fù hòu jì
前覆后戒,qián fù hòu jiè
前歌后舞,qián gē hòu wǔ
前功皆弃,qián gōng jiē qì
前功尽废,qián gōng jìn fèi
前功尽灭,qián gōng jìn miè
前功尽弃,qián gōng jìn qì
前古未闻,qián gǔ wèi wén
前古未有,qián gǔ wèi yǒu
前合后仰,qián hé hòu yǎng
前呼后拥,qián hū hòu yōng
前街后巷,qián jiē hòu xiàng
前襟后裾,qián jīn hòu jū
前倨后卑,qián jù hòu bēi
前倨后恭,qián jù hòu gōng
前目后凡,qián mù hòu fán
前仆后踣,qián pú hòu bó
前仆后继,qián pū hòu jì
前思后想,qián sī hòu xiǎng
前所未闻,qián suǒ wèi wén
前所未有,qián suǒ wèi yǒu
前庭悬鱼,qián tíng xuán yú
前徒倒戈,qián tú dǎo gē
前挽后推,qián wǎn hòu tuī
前无古人,qián wú gǔ rén
前言往行,qián yán wǎng xíng
前仰后合,qián yǎng hòu hé
前因后果,qián yīn hòu guǒ
前瞻后顾,qián zhān hòu gù
前辙可鉴,qián zhé kě jiàn
钱可通神,qián kě tōng shén
钳口不言,qián kǒu bù yán
钳口挢舌,qián kǒu jiǎo shé
钳口结舌,qián kǒu jié shé
钳口吞舌,qián kǒu tūn shé
乾端坤倪,qián duān kūn ní
乾乾翼翼,qián qián yì yì
潜德秘行,qián dé mì xíng
潜德隐行,qián dé yǐn xíng
潜光匿曜,qián guāng nì yào
潜光隐德,qián guāng yǐn dé
潜光隐耀,qián guāng yǐn yào
潜蛟困凤,qián jiāo kùn fèng
潜精积思,qián jīng jī sī
潜精研思,qián jīng yán sī
潜鳞戢羽,qián lín jí yǔ
潜龙伏虎,qián lóng fú hǔ
潜窃阳剽,qián qiè yáng piāo
潜濡默被,qián rú mò bèi
潜濡默化,qián rú mò huà
潜神嘿规,qián shén hēi guī
潜神默记,qián shén mò jì
潜消默化,qián xiāo mò huà
潜心涤虑,qián xīn dí lǜ
潜心笃志,qián xīn dǔ zhì
潜形谲迹,qián xíng jué jì
潜形匿迹,qián xíng nì jì
潜形匿影,qián xíng nì yǐng
潜休隐德,qián xiū yǐn dé
潜移暗化,qián yí àn huà
潜移嘿夺,qián yí hēi duó
潜移默夺,qián yí mò duó
潜移默化,qián yí mò huà
潜移默运,qián yí mò yùn
潜移默转,qián yí mò zhuǎn
潜踪匿影,qián zōng nì yǐng
潜踪蹑迹,qián zōng niè jì
潜踪隐迹,qián zōng yǐn jì
黔驴技孤,qián lǘ jì gū
黔驴技穷,qián lǘ jì qióng
黔驴之计,qián lǘ zhī jì
黔驴之技,qián lǘ zhī jì
黔突暖席,qián tū nuǎn xí
浅尝辄止,qiǎn cháng zhé zhǐ
浅见寡闻,qiǎn jiàn guǎ wén
浅斟低唱,qiǎn zhēn dī chàng
遣兵调将,qiǎn bīng diào jiàng
遣愁索笑,qiǎn chóu suǒ xiào
遣词措意,qiǎn cí cuò yì
遣词立意,qiǎn cí lì yì
遣词造意,qiǎn cí zào yì
遣辞措意,qiǎn cí cuò yì
遣将调兵,qiǎn jiāng diào bīng
遣将征兵,qiǎn jiāng zhēng bīng
遣兴陶情,qiǎn xìng táo qíng
遣言措意,qiǎn yán cuò yì
倩女离魂,qiàn nǚ lí hún
倩人捉刀,qiàn rén zhuō dāo
堑山堙谷,qiàn shān yīn gǔ
羌无故实,qiāng wú gù shí
戕身伐命,qiāng shēn fá mìng
枪林弹雨,qiāng lín dàn yǔ
枪林刀树,qiāng lín dāo shù
枪声刀影,qiāng shēng dāo yǐng
枪烟炮雨,qiāng yān pào yǔ
枪烟砲雨,qiāng yān pào yǔ
锵金铿玉,qiāng jīn kēng yù
锵金鸣玉,qiāng jīn míng yù
强本节用,qiáng běn jié yòng
强本弱末,qiáng běn ruò mò
强本弱支,qiáng běn ruò zhī
强本弱枝,qiáng běn ruò zhī
强兵富国,qiáng bīng fù guó
强唇劣嘴,qiáng chún liè zuǐ
强词夺理,qiǎng cí duó lǐ
强词夺正,qiǎng cí duó zhèng
强得易贫,qiǎng dé yì pín
强而后可,qiǎng ér hòu kě
强凫变鹤,qiǎng fú biàn hè
强干弱枝,qiáng gān ruò zhī
强弓劲弩,qiáng gōng jìn nǔ
强聒不舍,qiǎng guō bù shě
强记博闻,qiáng jì bó wén
强加于人,qiáng jiā yú rén
强奸民意,qiáng jiān mín yì
强弩末矢,qiáng nǔ mò shǐ
强弩之极,qiáng nǔ zhī jí
强弩之末,qiáng nǔ zhī mò
强人所难,qiǎng rén suǒ nán
强识博闻,qiǎng shí bó wén
强食靡角,qiǎng shí mí jiǎo
强食弱肉,qiáng shí ruò ròu
强食自爱,qiǎng shí zì ài
强死赖活,qiǎng sǐ lài huó
强死强活,qiǎng sǐ qiǎng huó
强文假醋,qiǎng wén jiǎ cù
强文浉醋,qiǎng wén jiǎ cù
强颜欢笑,qiǎng yán huān xiào
强枝弱本,qiáng zhī ruò běn
强直自遂,qiáng zhí zì suí
强自取折,qiáng zì qǔ shé
强自取柱,qiáng zì qǔ zhù
强嘴拗舌,jiàng zuǐ niù shé
强嘴硬牙,jiàng zuǐ yìng yá
强作解人,qiǎng zuò jiě rén
墙高基下,qiáng gāo jī xià
墙花路草,qiáng huā lù cǎo
墙花路柳,qiáng huā lù liǔ
墙面而立,qiáng miàn ér lì
墙头马上,qiáng tóu mǎ shàng
抢地呼天,qiāng dì hū tiān
悄然无声,qiǎo rán wú shēng
跷足而待,qiāo zú ér dài
跷足抗手,qiāo zú kàng shǒu
跷足抗首,qiāo zú kàng shǒu
敲冰戛玉,qiāo bīng jiá yù
敲冰求火,qiāo bīng qiú huǒ
敲冰索火,qiāo bīng suǒ huǒ
敲冰玉屑,qiāo bīng yù xiè
敲膏吸髓,qiāo gāo xī suǐ
敲骨剥髓,qiāo gǔ bāo suǐ
敲骨取髓,qiāo gǔ qǔ suǐ
敲骨吸髓,qiāo gǔ xī suǐ
敲骨榨髓,qiāo gǔ zhà suǐ
敲金击石,qiāo jīn jī shí
敲金击玉,qiāo jīn jī yù
敲金戛玉,qiāo jīn jiá yù
敲锣打鼓,qiāo luó dǎ gǔ
敲锣放炮,qiāo luó fàng pào
敲锣放砲,qiāo luó fàng pào
敲牛宰马,qiāo niú zǎi mǎ
敲山振虎,qiāo shān zhèn hǔ
敲山震虎,qiāo shān zhèn hǔ
敲髓洒膏,qiāo suǐ sǎ gāo
敲诈勒索,qiāo zhà lè suǒ
敲榨勒索,qiāo zhà lè suǒ
乔龙画虎,qiáo lóng huà hǔ
乔迁之喜,qiáo qiān zhī xǐ
乔松之寿,qiáo sōng zhī shòu
乔文假醋,qiáo wén jiǎ cù
乔妆打扮,qiáo zhuāng dǎ bàn
乔妆改扮,qiáo zhuāng gǎi bàn
乔装打扮,qiáo zhuāng dǎ bàn
乔装改扮,qiáo zhuāng gǎi bàn
憔神悴力,qiáo shén cuì lì
樵村渔浦,qiáo cūn yú pǔ
樵苏不爨,qiáo sū bù cuàn
樵苏失爨,qiáo sū shī cuàn
巧不可阶,qiǎo bù kě jiē
巧不可接,qiǎo bù kě jiē
巧夺天工,qiǎo duó tiān gōng
巧发奇中,qiǎo fā qí zhòng
巧捷万端,qiǎo jié wàn duān
巧立名目,qiǎo lì míng mù
巧立名色,qiǎo lì míng sè
巧取豪夺,qiǎo qǔ háo duó
巧舌如簧,qiǎo shé rú huáng
巧同造化,qiǎo tóng zào huà
巧偷豪夺,qiǎo tōu háo duó
巧伪趋利,qiǎo wěi qū lì
巧言利口,qiǎo yán lì kǒu
巧言令色,qiǎo yán lìng sè
巧言偏辞,qiǎo yán piān cí
巧言如簧,qiǎo yán rú huáng
巧语花言,qiǎo yǔ huā yán
巧作名目,qiǎo zuò míng mù
愀然不乐,qiǎo rán bù lè
愀然无乐,qiǎo rán wú lè
俏成俏败,qiào chéng qiào bài
峭论鲠议,qiào lùn gěng yì
翘首企足,qiáo shǒu qǐ zú
翘首引领,qiáo shǒu yǐn lǐng
翘足而待,qiáo zú ér dài
翘足引领,qiáo zú yǐn lǐng
鞘里藏刀,qiào lǐ cáng dāo
切齿拊心,qiè chǐ fǔ xīn
切齿腐心,qiè chǐ fǔ xīn
切齿痛恨,qiè chǐ tòng hèn
切齿痛心,qiè chǐ tòng xīn
切瑳琢磨,qiē cùn zhuó mó
切磋琢磨,qiē cuō zhuó mó
切肤之痛,qiè fū zhī tòng
切骨之仇,qiè gǔ zhī chóu
切近的当,qiē jìn de dāng
切理会心,qiē lǐ huì xīn
切理厌心,qiē lǐ yàn xīn
切理餍心,qiē lǐ yàn xīn
切切此布,qiè qiè cǐ bù
切切私语,qiè qiè sī yǔ
切切在心,qiè qiè zài xīn
切身体会,qiē shēn tǐ huì
切树倒根,qiē shù dǎo gēn
切中时弊,qiè zhòng shí bì
切中时病,qiè zhòng shí bìng
切中要害,qiē zhōng yào hài
且食蛤蜊,qiě shí há lí
且住为佳,qiě zhù wéi jiā
怯防勇战,qiè fáng yǒng zhàn
怯声怯气,qiè shēng qiè qì
窃钩窃国,qiè gōu qiè guó
窃据要津,qiè jù yào jīn
窃窃私议,qiè qiè sī yì
窃窃私语,qiè qiè sī yǔ
窃位素餐,qiè wèi sù cān
窃玉偷香,qiè yù tōu xiāng
挈领提纲,qiè lǐng tí gāng
挈瓶之知,qiè píng zhī zhì
挈瓶之智,qiè píng zhī zhì
惬心贵当,qiè xīn guì dāng
锲而不舍,qiè ér bù shě
亲操井臼,qīn cāo jǐng jiù
亲当矢石,qīn dāng shǐ shí
亲离众叛,qīn lí zhòng pàn
亲临其境,qīn lín qí jìng
亲冒矢石,qīn mào shǐ shí
亲密无间,qīn mì wú jiàn
亲仁善邻,qīn rén shàn lín
亲如骨肉,qīn rú gǔ ròu
亲如手足,qīn rú shǒu zú
亲上成亲,qīn shàng chéng qīn
亲上做亲,qīn shàng zuò qīn
亲疏贵贱,qīn shū guì jiàn
亲痛仇快,qīn tòng chóu kuài
亲贤远佞,qīn xián yuǎn nìng
钦差大臣,qīn chāi dà chén
衾寒枕冷,qīn hán zhěn lěng
衾影无惭,qīn yǐng wú cán
嵚崎磊落,qīn qí lěi luò
嵚崎历落,qīn qí lì luò
秦欢晋爱,qín huān jìn ài
秦晋之好,qín jìn zhī hǎo
秦镜高悬,qín jìng gāo xuán
秦楼楚馆,qín lóu chǔ guǎn
秦失其鹿,qín shī qí lù
秦庭之哭,qín tíng zhī kū
秦越肥瘠,qín yuè féi jí
琴断朱弦,qín duàn zhū xián
琴歌酒赋,qín gē jiǔ fù
琴剑飘零,qín jiàn piāo líng
琴棋书画,qín qí shū huà
琴瑟不调,qín sè bù tiáo
琴瑟调和,qín sè tiáo hé
琴瑟和好,qín sè hé hǎo
琴瑟失调,qín sè shī tiáo
琴瑟之好,qí sè zhī hǎo
琴挑文君,qín tiāo wén jūn
琴心剑胆,qín xīn jiàn dǎn
禽困覆车,qín kùn fù chē
禽息鸟视,qín xī niǎo shì
勤能补拙,qín néng bǔ zhuō
勤勤恳恳,qín qín kěn kěn
勤学好问,qín xué hǎo wèn
勤学苦练,qín xué kǔ liàn
噙齿戴发,qín chǐ dài fā
擒奸讨暴,qín jiān tǎo bào
擒奸擿伏,qín jiān fā fú
擒贼擒王,qín zéi qín wáng
螓首蛾眉,qín shǒu ér méi
寝不安席,qǐn bù ān xí
寝不成寐,qǐn bù chéng mèi
寝不聊寐,qǐn bù liáo mèi
寝关曝纩,qǐn guān pù kuàng
寝皮食肉,qǐn pí shí ròu
寝丘之志,qǐn qiū zhī zhì
寝苫枕草,qǐn shān zhěn cǎo
寝苫枕干,qǐn shān zhěn gàn
寝苫枕戈,qǐn shān zhěn gē
寝苫枕块,qǐn shān zhěn kuài
寝苫枕土,qǐn shān zhěn tǔ
寝食不安,qǐn shí bù ān
寝食俱废,qǐn shí jù fèi
沁人肺腑,qìn rén fèi fǔ
沁人心肺,qìn rén xīn fèi
沁人心腑,qìn rén xīn fǔ
沁人心脾,qìn rén xīn pí
沁入心脾,qìn rù xīn pí
青出于蓝,qīng chū yú lán
青灯古佛,qīng dēng gǔ fó
青灯黄卷,qīng dēng huáng juàn
青肝碧血,qīng gān bì xuè
青过于蓝,qīng guò yú lán
青红皁白,qīng hóng tóu bái
青红皂白,qīng hóng zào bái
青黄不接,qīng huáng bù jiē
青黄沟木,qīng huáng gōu mù
青黄未接,qīng huáng wèi jiē
青口白舌,qīng kǒu bái shé
青蓝冰水,qīng lán bīng shuǐ
青藜学士,qīng lí xué shì
青林黑塞,qīng lín hēi sài
青龙金匮,qīng lóng jīn kuì
青楼楚馆,qīng lóu chǔ guǎn
青梅竹马,qīng méi zhú mǎ
青面獠牙,qīng miàn liáo yá
青鸟殷勤,qīng niǎo yīn qín
青钱万选,qīng qián wàn xuǎn
青钱学士,qīng qián xué shì
青裙缟袂,qīng qún gǎo mèi
青山不老,qīng shān bù lǎo
青山绿水,qīng shān lǜ shuǐ
青山一发,qīng shān yī fà
青衫司马,qīng shān sī mǎ
青史标名,qīng shǐ biāo míng
青史传名,qīng shǐ chuán míng
青史垂名,qīng shǐ chuí míng
青史流芳,qīng shǐ liú fāng
青史留芳,qīng shǐ liú fāng
青史留名,qīng shǐ liú míng
青丝白马,qīng sī bái mǎ
青堂瓦舍,qīng táng wǎ shè
青天白日,qīng tiān bái rì
青天霹雳,qīng tiān pī lì
青霄白日,qīng xiāo bái rì
青霄直上,qīng xiāo zhí shàng
青鞋布袜,qīng xié bù wà
青眼相看,qīng yǎn xiāng kàn
青蝇点璧,qīng yíng diǎn bì
青蝇点素,qīng yíng diǎn sù
青蝇点玉,qīng yíng diǎn yù
青蝇吊客,qīng yíng diào kè
青蝇染白,qīng yíng rǎn bái
青蝇之吊,qīng yíng zhī diào
青云独步,qīng yún dú bù
青云万里,qīng yún wàn lǐ
青云直上,qīng yún zhí shàng
青枝绿叶,qīng zhī lǜ yè
青州从事,qīng zhōu cóng shì
青竹丹枫,qīng zhú dān fēng
青紫被体,qīng zǐ pī tǐ
轻薄无礼,qīng báo wú lǐ
轻薄无行,qīng báo wú xíng
轻薄无知,qīng báo wú zhī
轻才好施,qīng cái hào shī
轻财贵义,qīng cái guì yì
轻财好施,qīng cái hǎo shī
轻财好士,qīng cái hǎo shì
轻财好义,qīng cái hào yì
轻财敬士,qīng cái jìng shì
轻财仗义,qīng cái zhàng yì
轻财重士,qīng cái zhòng shì
轻财重义,qīng cái zhòng yì
轻车减从,qīng chē jiǎn cóng
轻车简从,qīng chē jiǎn cóng
轻车熟道,qīng chē shú dào
轻车熟路,qīng chē shú lù
轻而易举,qīng ér yì jǔ
轻赋薄敛,qīng fù báo liǎn
轻歌曼舞,qīng gē màn wǔ
轻举绝俗,qīng jǔ jué sú
轻举妄动,qīng jǔ wàng dòng
轻举远游,qīng jǔ yuǎn yóu
轻口薄舌,qīng kǒu báo shé
轻口轻舌,qīng kǒu qīng shé
轻怜疼惜,qīng lián téng xī
轻怜痛惜,qīng lián tòng xī
轻怜重惜,qīng lián zhòng xī
轻虑浅谋,qīng lǜ qiǎn móu
轻描淡写,qīng miáo dàn xiě
轻诺寡信,qīng nuò guǎ xìn
轻骑减从,qīng qí jiǎn cóng
轻骑简从,qīng jì jiǎn cóng
轻敲缓击,qīng qiāo huǎn jī
轻裘肥马,qīng qiú féi mǎ
轻裘缓带,qīng qiú huǎn dài
轻裘缓辔,qīng qiú huǎn pèi
轻饶素放,qīng ráo sù fàng
轻如鸿毛,qīng rú hóng máo
轻若鸿毛,qīng ruò hóng máo
轻身下气,qīng shēn xià qì
轻身殉义,qīng shēn xùn yì
轻身重义,qīng shēn zhòng yì
轻生重义,qīng shēng zhòng yì
轻世傲物,qīng shì ào wù
轻世肆志,qīng shì sì zhì
轻视傲物,qīng shì ào wù
轻手蹑脚,qīng shǒu niè jiǎo
轻手轻脚,qīng shǒu qīng jiǎo
轻手软脚,qīng shǒu ruǎn jiǎo
轻死重气,qīng sǐ zhòng qì
轻死重义,qīng sǐ zhòng yì
轻吞慢吐,qīng tūn màn tǔ
轻徙鸟举,qīng xǐ niǎo jǔ
轻言寡信,qīng yán guǎ xìn
轻言轻语,qīng yán qīng yǔ
轻言软语,qīng yán ruǎn yǔ
轻言肆口,qīng yán sì kǒu
轻言细语,qīng yán xì yǔ
轻傜薄赋,qīng yāo báo fù
轻徭薄赋,qīng yáo báo fù
轻徭薄税,qīng yáo báo shuì
轻繇薄赋,qīng yáo báo fù
轻于鸿毛,qīng yú hóng máo
轻重倒置,qīng zhòng dào zhì
轻重缓急,qīng zhòng huǎn jí
轻重失宜,qīng zhòng shī yí
轻装简从,qīng zhuāng jiǎn cóng
轻装上阵,qīng zhuāng shàng zhèn
轻卒锐兵,qīng zú ruì bīng
轻嘴薄舌,qīng zuǐ bó shé
倾抱写诚,qīng bào xiě chéng
倾肠倒肚,qīng cháng dào dǔ
倾巢出动,qīng cháo chū dòng
倾巢而出,qīng cháo ér chū
倾城倾国,qīng chéng qīng guó
倾耳而听,qīng ěr ér tīng
倾耳细听,qīng ěr xì tīng
倾耳注目,qīng ěr zhù mù
倾盖如故,qīng gài rú gù
倾肝沥胆,qīng gān lì dǎn
倾国倾城,qīng guó qīng chéng
倾家败产,qīng jiā bài chǎn
倾家荡产,qīng jiā dàng chǎn
倾家竭产,qīng jiā jié chǎn
倾家破产,qīng jiā pò chǎn
倾柯卫足,qīng kē wèi zú
倾筐倒庋,qīng kuāng dào guǐ
倾筐倒箧,qīng kuāng dào qiè
倾盆大雨,qīng pén dà yǔ
倾箱倒箧,qīng xiāng dào qiè
倾心吐胆,qīng xīn tǔ dǎn
倾摇懈弛,qīng yáo xiè chí
卿卿我我,qīng qīng wǒ wǒ
清尘浊水,qīng chén zhuó shuǐ
清词丽句,qīng cí lì jù
清辞丽句,qīng cí lì jù
清辞丽曲,qīng cí lì qǔ
清都绛阙,qīng dōu jiàng què
清都紫府,qīng dōu zǐ fǔ
清都紫微,qīng dōu zǐ wēi
清耳悦心,qīng ěr yuè xīn
清风高节,qīng fēng gāo jié
清风劲节,qīng fēng jìn jié
清风峻节,qīng fēng jùn jié
清风朗月,qīng fēng lǎng yuè
清风两袖,qīng fēng liǎng xiù
清风亮节,qīng fēng liàng jié
清风明月,qīng fēng míng yuè
清歌曼舞,qīng gē màn wǔ
清歌妙舞,qīng gē miào wǔ
清宫除道,qīng gōng chú dào
清规戒律,qīng guī jiè lǜ
清锅冷灶,qīng guō lěng zào
清灰冷火,qīng huī lěng huǒ
清灰冷灶,qīng huī lěng zào
清浑皁白,qīng hún wú bái
清净寂灭,qīng jìng jì miè
清净无为,qīng jìng wú wéi
清静无为,qīng jìng wú wéi
清廉正直,qīng lián zhèng zhí
清洌可鉴,qīng liè kě jiàn
清贫如洗,qīng pín rú xǐ
清平世界,qīng píng shì jiè
清身洁己,qīng shēn jié jǐ
清水衙门,qīng shuǐ yá mén
清汤寡水,qīng tāng guǎ shuǐ
清天白日,qīng tiān bái rì
清微淡远,qīng wēi dàn yuǎn
清渭浊泾,qīng wèi zhuó jīng
清闲自在,qīng xián zì zài
清心寡欲,qīng xīn guǎ yù
清心少欲,qīng xīn shǎo yù
清新俊逸,qīng xīn jùn yì
清虚洞府,qīng xū dòng fǔ
清夜扪心,qīng yè mén xīn
清音幽韵,qīng yīn yōu yùn
清莹秀澈,qing yin xou che
清源正本,qīng yuán zhèng běn
清浊同流,qīng zhuó tóng liú
蜻蜓点水,qīng tíng diǎn shuǐ
情不可却,qíng bù kě què
情不自禁,qíng bù zì jìn
情不自已,qíng bù zì yǐ
情长纸短,qíng cháng zhǐ duǎn
情窦初开,qíng dòu chū kāi
情非得已,qíng fēi dé yǐ
情孚意合,qíng fú yì hé
情急智生,qíng jí shēng zhì
情见乎词,qíng jiàn hū cí
情见乎辞,qíng xiàn hū cí
情见乎言,qíng jiàn hū yán
情见力屈,qíng xiàn lì qū
情见势屈,qíng xiàn shì qū
情见埶竭,qíng jiàn zhōu jié
情见于色,qíng jiàn yú sè
情景交融,qíng jǐng jiāo róng
情理难容,qíng lǐ nán róng
情面难却,qíng miàn nán què
情凄意切,qíng qī yì qiē
情深骨肉,qíng shēn gǔ ròu
情深似海,qíng shēn sì hǎi
情深潭水,qíng shēn tán shuǐ
情深一往,qíng shēn yī wǎng
情深义重,qíng shēn yì zhòng
情深意重,qíng shēn yì zhòng
情深友于,qíng shēn yǒu yú
情恕理遣,qíng shù lǐ qiǎn
情随事迁,qíng suí shì qiān
情天孽海,qíng tiān niè hǎi
情同骨肉,qíng tóng gǔ ròu
情同手足,qíng tóng shǒu zú
情同一家,qíng tóng yī jiā
情投契合,qíng tóu qì hé
情投谊合,qíng tóu yì hé
情投意合,qíng tóu yì hé
情投意和,qíng tóu yì hé
情投意洽,qíng tóu yì qià
情投意忺,qíng tóu yì xiān
情文并茂,qíng wén bìng mào
情意绵绵,qíng yì mián mián
情有可原,qíng yǒu kě yuán
情逾骨肉,qíng yú gǔ ròu
情真意切,qíng zhēn yì qiè
情至意尽,qíng zhì yì jìn
情重姜肱,qíng zhòng jiāng gōng
情逐事迁,qíng zhú shì qiān
晴天霹雳,qíng tiān pī lì
擎天架海,qíng tiān jià hǎi
擎天之柱,qíng tiān zhī zhù
请君入瓮,qǐng jūn rù wèng
请先入瓮,qǐng xiān rù wèng
请自隗始,qǐng zì wěi shǐ
庆吊不行,qìng diào bù xíng
磬笔难书,qìng bǐ nán shū
磬石之固,qìng shí zhī gù
磬竹难书,qìng zhú nán shū
罄竹难书,qìng zhú nán shū
跫然足音,qióng rán zú yīn
跫响空谷,qióng xiǎng kōng gǔ
穷兵黩武,qióng bīng dú wǔ
穷不失义,qióng bù shī yì
穷愁潦倒,qióng chóu liáo dǎo
穷大失居,qióng dà shī jū
穷当益坚,qióng dāng yì jiān
穷而后工,qióng ér hòu gōng
穷极思变,qióng jí sī biàn
穷极无聊,qióng jí wú liáo
穷极要妙,qióng jí yào miào
穷寇莫追,qióng kòu mò zhuī
穷寇勿追,qióng kòu wù zhuī
穷困潦倒,qióng kùn liáo dǎo
穷理尽性,qióng lǐ jìn xìng
穷年累世,qióng nián lěi shì
穷年累月,qióng nián lěi yuè
穷鸟入怀,qióng niǎo rù huái
穷且益坚,qióng qiě yì jiān
穷泉朽壤,qióng quán xiǔ rǎng
穷日之力,qióng rì zhī lì
穷山恶水,qióng shān è shuǐ
穷山僻壤,qióng shān pì rǎng
穷奢极侈,qióng shē jí chǐ
穷奢极欲,qióng shē jí yù
穷鼠啮狸,qióng shǔ niè lí
穷天极地,qióng tiān jí dì
穷途潦倒,qióng tú liáo dǎo
穷途末路,qióng tú mò lù
穷途之哭,qióng tú zhī kū
穷乡僻壤,qióng xiāng pì rǎng
穷巷陋室,qióng xiàng lòu shì
穷形尽相,qióng xíng jì xiàng
穷凶极恶,qióng xiōng jí è
穷阎漏屋,qióng yán lòu wū
穷幽极微,qióng yōu jí wēi
穷原竟委,qióng yuán jìng wěi
穷源竟委,qióng yuán jìng wěi
穷源朔流,qióng yuán shuò liú
穷源溯流,qióng yuán sù liú
穷猿奔林,qióng yuán bēn lín
穷猿投林,qióng yuán tóu lín
穷则思变,qióng zé sī biàn
茕茕孑立,qióng qióng jié lì
琼厨金穴,qióng chú jīn xué
琼岛春云,qióng dǎo chūn yún
琼堆玉砌,qióng duī yù qì
琼浆金液,qióng jiāng jīn yè
琼浆玉液,qióng jiāng yù yè
琼林玉树,qióng lín yù shù
琼林玉质,qióng lín yù zhì
琼楼金阙,qióng lóu jīn què
琼楼玉宇,qióng lóu yù yǔ
琼枝玉树,qióng zhī yù shù
琼枝玉叶,qióng zhī yù yè
丘山之功,qiū shān zhī gōng
秋波盈盈,qiū bō yíng yíng
秋风过耳,qiū fēng guò ěr
秋风落叶,qiū fēng luò yè
秋风扫叶,qiū fēng sǎo yè
秋风团扇,qiū fēng tuán shàn
秋风纨扇,qiū fēng wán shàn
秋高马肥,qiū gāo mǎ féi
秋高气和,qiū gāo qì hé
秋高气爽,qiū gāo qì shuǎng
秋高气肃,qiū gāo qì sù
秋毫不犯,qiū háo bù fàn
秋毫见捐,qiū háo jiàn juān
秋毫无犯,qiū háo wú fàn
秋毫勿犯,qiū háo wù fàn
秋毫之末,qiū háo zhī mò
秋豪之末,qiū háo zhī mò
秋后算账,qiū hòu suàn zhàng
秋色平分,qiū sè píng fēn
秋扇见捐,qiū shàn jiàn juān
秋实春华,qiū shí chūn huā
秋收东藏,qiū shōu dōng cáng
秋收冬藏,qiū shōu dōng cáng
秋水伊人,qiū shuǐ yī rén
秋水盈盈,qiū shuǐ yíng yíng
秋荼密网,qiū tú mì wǎng
秋行夏令,qiū xíng xià líng
秋月春风,qiū yuè chūn fēng
秋月春花,qiū yuè chūn huā
秋月寒江,qiū yuè hán jiāng
囚首垢面,qiú shǒu gòu miàn
囚首丧面,qiú shǒu sàng miàn
求道于盲,qiú dào yú máng
求福禳灾,qiú fú ráng zāi
求过于供,qiú guò yú gòng
求浆得酒,qiú jiāng dé jiǔ
求马唐肆,qiú mǎ táng sì
求名夺利,qiú míng duó lì
求亲告友,qiú qīn gào yǒu
求亲靠友,qiú qīn kào yǒu
求全责备,qiú quán zé bèi
求全之毁,qiú quán zhī huǐ
求仁得仁,qiú rén dé rén
求神问卜,qiú shén wèn bǔ
求生害仁,qiú shēng hài rén
求田问舍,qiú tián wèn shě
求同存异,qiú tóng cún yì
求贤如渴,qiú xián rú kě
求贤若渴,qiú xián ruò kě
求贤下士,qiú xián xià shì
求益反损,qiú yì fǎn sǔn
求之不得,qiú zhī bù dé
求知若渴,qiú zhī ruò kě
求志达道,qiú zhì dá dào
求忠出孝,qiú zhōng chū xiào
裘弊金尽,qiú bì jīn jìn
裘马轻肥,qiú mǎ qīng féi
裘马轻狂,qiú mǎ qīng kuáng
裘马清狂,qiú mǎ qīng kuáng
裘马声色,qiú mǎ shēng sè
区区此心,qū qū cǐ xīn
区区小事,qū qū xiǎo shì
区区之众,qū qū zhī zhòng
区闻陬见,qū wén zōu jiàn
曲不离口,qǔ bù lí kǒu
曲高和寡,qǔ gāo hè guǎ
曲肱而枕,qǔ gōng ér zhěn
曲尽其妙,qū jìn qí miào
曲尽奇妙,qǔ jìn qí miào
曲径通幽,qū jìng tōng yōu
曲里拐弯,qū lǐ guǎn wān
曲眉丰颊,qǔ méi fēng jiá
曲突徙薪,qū tū xǐ xīn
曲突移薪,qǔ tū yí xīn
曲学阿世,qǔ xué ā shì
曲学诐行,qǔ xué hǎo xíng
曲意承迎,qǔ yì chéng yíng
曲意逢迎,qū yì féng yíng
曲意奉迎,qǔ yì fèng yíng
曲意迎合,qǔ yì yíng hé
曲终奏雅,qǔ zhōng zòu yǎ
诎寸信尺,qū cùn xìn chǐ
诎要桡膎,qū yào ráo yù
驱雷策电,qū léi cè diàn
驱雷掣电,qū léi chè diàn
驱霆策电,qū tíng cè diàn
驱羊攻虎,qū yáng gōng hǔ
驱羊战狼,qū yáng zhàn láng
屈打成招,qū dǎ chéng zhāo
屈高就下,qū gāo jiù xià
屈谷巨瓠,qū gǔ jù hù
屈蠖求伸,qū huò qiú shēn
屈节辱命,qū jié rǔ mìng
屈艳班香,qū yàn bān xiāng
屈指可数,qū zhǐ kě shǔ
屈尊就卑,qū zūn jiù bēi
祛病延年,qū bìng yán nián
祛蠹除奸,qū dù chú jiān
趋吉避凶,qū jí bì xiōng
趋利避害,qū lì bì hài
趋权附势,qū quán fù shì
趋时奉势,qū shí fèng shì
趋时附势,qū shí fù shì
趋炎附热,qū yán fù rè
趋炎附势,qū yán fù shì
趋之若骛,qū zhī ruò wù
趋之若鹜,qū zhī ruò wù
劬劳顾复,qú láo gù fù
劬劳之恩,qú láo zhī ēn
取长补短,qǔ cháng bǔ duǎn
取长弃短,qǔ cháng qì duǎn
取而代之,qǔ é dài zhī
取精用弘,qǔ jīng yòng hóng
取精用宏,qǔ jīng yòng hóng
取乱存亡,qǔ luàn cún wáng
取乱侮亡,qǔ luàn wǔ wáng
取巧图便,qǔ qiǎo tú biàn
取青妃白,qǔ qīng fēi bái
取青媲白,qǔ qīng pì bái
取辖投井,qǔ xiá tóu jǐng
取信于民,qǔ xìn yú mín
取信于人,qǔ xìn yú rén
取义成仁,qǔ yì chéng rén
取予有节,qǔ yù yǒu jié
取诸宫中,qǔ zhū gōng zhōng
去暗投明,qù àn tóu míng
去本就末,qù běn jiù mò
去本趋末,qù běn qū mò
去粗取精,qù cū qǔ jīng
去故就新,qù gù jiù xīn
去故纳新,qù gù nà xīn
去就之分,qù jiù zhī fēn
去末归本,qù mò guī běn
去甚去泰,qù shèn qù tài
去食存信,qù shí cún xìn
去太去甚,qù tai qù shèn
去泰去甚,qù tài qù shèn
去天尺五,qù tiān chǐ wǔ
去危就安,qù wēi jiù ān
去伪存真,qù wěi cún zhēn
去邪归正,qù xié guī zhèng
去住两难,qù zhù liǎng nán
阒其无人,qù qí wú rén
阒然无声,qù rán wú shēng
阒无人声,qù wú rén shēng
阒无一人,qù wú yī rén
圈牢养物,juàn láo yǎng wù
全璧归赵,quán bì guī zhào
全功尽弃,quán gōng jìn qì
全军覆没,quán jūn fù mò
全军覆灭,quán jūn fù miè
全力以赴,quán lì yǐ fù
全民皆兵,quán mín jiē bīng
全能全智,quán néng quán zhì
全盘托出,quán pán tuō chū
全身远害,quán shēn yuǎn hài
全神关注,quán shén guān zhù
全神贯注,quán shén guàn zhù
全神灌注,quán shén guàn zhù
全始全终,quán shǐ quán zhōng
全受全归,quán shòu quán guī
全无心肝,quán wú xīn gān
全心全意,quán xīn quán yì
全知全能,quán zhī quán néng
全智全能,quán zhì quán néng
权变锋出,quán biàn fēng chū
权豪势要,quán háo shì yào
权衡利弊,quán héng lì bì
权衡轻重,quán héng qīng zhòng
权均力敌,quán jūn lì dí
权均力齐,quán jūn lì qí
权倾天下,quán qīng tiān xià
权倾中外,quán qīng zhōng wài
权时制宜,quán shí zhì yí
权宜之策,quán yí zhī cè
权宜之计,quán yí zhī jì
权移马鹿,quán yí mǎ lù
权重望崇,quán zhòng wàng chóng
权重秩卑,quán zhòng zhì bēi
诠才末学,quán cái mò xué
泉石膏肓,quán shí gāo huāng
拳打脚踢,quán dǎ jiǎo tī
拳拳服膺,quán quán fú yīng
拳拳盛意,quán quán shèng yì
拳拳在念,quán quán zài niàn
拳拳之枕,quán quán zhī zhěn
拳中掿沙,quán zhōng nuò shā
犬吠之盗,quǎn fèi zhī dào
犬吠之警,quǎn fèi zhī jǐng
犬马恋主,quǎn mǎ liàn zhǔ
犬马之报,quǎn mǎ zhī bào
犬马之诚,quǎn mǎ zhī chéng
犬马之疾,quǎn mǎ zhī jí
犬马之决,quǎn mǎ zhī jué
犬马之劳,quǎn mǎ zhī láo
犬马之力,quǎn mǎ zhī lì
犬马之恋,quǎn mǎ zhī liàn
犬马之年,quǎn mǎ zhī nián
犬马之养,quǎn mǎ zhī yǎng
犬兔俱毙,quān tù jǜ bì
犬牙交错,quǎn yá jiāo cuò
犬牙盘石,quǎn yá pán shí
犬牙相错,quǎn yá xiāng cuò
犬牙相制,quǎn yá xiāng zhì
犬牙鹰爪,quǎn yá yīng zhǎo
劝百讽一,quàn bǎi fěng yī
劝善惩恶,quàn shàn chéng è
劝善黜恶,quàn shàn chù è
劝善戒恶,quàn shàn jiè è
缺吃短穿,quē chī duǎn chuān
缺吃少穿,quē chī shǎo chuān
缺口镊子,quē kǒu niè zi
缺食无衣,quē shí wú yī
缺一不可,quē yī bù kě
缺衣少食,quē yī shǎo shí
却病延年,què bìng yán nián
却金暮夜,què jīn mù yè
却老还童,què lǎo huán tóng
却行求前,què xíng qiú qián
却之不恭,què zhī bù gōng
雀角鼠牙,què jiǎo shǔ yá
雀马鱼龙,què mǎ yú lóng
雀目鼠步,què mù shǔ bù
雀屏中选,què píng zhòng xuǎn
雀鼠之争,què shǔ zhī zhēng
雀小脏全,què xiǎo zàng quán
雀喧鸠聚,què xuān jiū jù
确固不拔,què gù bù bá
确乎不拔,què hū bù bá
确切不移,què qiè bù yí
确然不群,què rán bù qún
确凿不移,què záo bù yí
阙一不可,què yī bù kě
鹊巢鸠居,què cháo jiū jū
鹊巢鸠据,què cháo jiū jù
鹊巢鸠踞,què cháo jiū jù
鹊巢鸠占,què cháo jiū zhàn
鹊巢鸠佔,què cháo jiū zhàn
鹊巢鸠主,què cháo jiū zhǔ
鹊反鸾惊,què fǎn luán jīng
鹊返鸾回,què fǎn luán huí
鹊垒巢鸠,què lěi cháo jiū
鹊笑鸠舞,què xiào jiū wǔ
榷酒征茶,què jiǔ zhēng chá
裙布荆钗,qún bù jīng chāi
裙带关系,qún dài guān xì
裙屐少年,qún jī shào nián
群策群力,qún cè qún lì
群雌粥粥,qún cí yù yù
群而不党,qún ér bù dǎng
群鸿戏海,qún hóng xì hǎi
群居穴处,qún jū xué chǔ
群空冀北,qún kōng jì běi
群龙无首,qún lóng wú shǒu
群魔乱舞,qún mó luàn wǔ
群起效尤,qún qǐ xiào yóu
群轻折轴,qún qīng zhé zhóu
群情鼎沸,qún qíng dǐng fèi
群威群胆,qún wēi qún dǎn
群雄逐鹿,qún xióng zhú lù
群蚁附膻,qún yǐ fù shān
群蚁溃堤,qún yǐ kuì dī
然荻读书,rán dí dú shū
然糠照薪,rán kāng zhào xīn
然糠自照,rán kāng zì zhào
燃糠自照,rán kāng zì zhào
燃眉之急,rán méi zhī jí
燃萁煎豆,rán qí jiān dòu
燃萁之敏,rán qí zhī mǐn
燃萁煮豆,rán qí zhǔ dòu
染苍染黄,rǎn cāng rǎn huáng
染风习俗,rǎn fēng xí sú
染翰成章,rǎn hàn chéng zhāng
染旧作新,rǎn jiù zuò xīn
染蓝涅皂,rǎn lán niè zǎo
染神刻骨,rǎn shén kè gǔ
染神乱志,rǎn shén luàn zhì
染丝之变,rǎn sī zhī biàn
染须种齿,rǎn xū zhǒng chǐ
染指垂涎,rǎn zhǐ chuí xián
染指于鼎,rǎn zhǐ yú dǐng
穰穰满家,ráng ráng mǎn jiā
攘臂一呼,rǎng bì yī hū
攘肌及骨,rǎng jī jí gǔ
攘来熙往,rǎng lái xī wǎng
攘袂引领,rǎng mèi yǐn lǐng
攘权夺利,rǎng quán duó lì
攘攘熙熙,rǎng rǎng xī xī
攘人之美,rǎng rén zhī měi
攘外安内,rǎng wài ān nèi
攘往熙来,rǎng wǎng xī lái
让三让再,ràng sān ràng zài
让逸竞劳,ràng yì jìng láo
让再让三,ràng zài ràng sān
让枣推梨,ràng zǎo tuī lí
饶舌调唇,ráo shé tiáo chún
饶有风趣,ráo yǒu fēng qù
绕梁三日,rǎo liáng sān rì
绕梁之音,rǎo liáng zhī yīn
惹草拈花,rě cǎo niān huā
惹草沾花,rě cǎo zhān huā
惹火烧身,rě huǒ shāo shēn
惹祸招愆,rě huò zhāo qiān
惹祸招殃,rě huò zhāo yāng
惹祸招灾,rě huò zhāo zāi
惹事生非,rě shì shēng fēi
惹事招非,rě shì zhāo fēi
惹是生非,rě shì shēng fēi
惹是招非,rě shì zhāo fēi
惹灾招祸,rě zāi zhāo huò
热熬翻饼,rě áo fān bǐng
热肠古道,rè cháng gǔ dào
热火朝天,rè huǒ cháo tiān
热可炙手,rè kě zhì shǒu
热泪盈眶,rè lèi yíng kuàng
热气腾腾,rè qì téng téng
热情洋溢,rè qíng yáng yì
热心苦口,rè xīn kǔ kǒu
热心快肠,rè xīn kuài cháng
热血沸腾,rè xuè fèi téng
人百其身,rén bǎi qí shēn
人不聊生,rén bù liáo shēng
人不自安,rén bù zì ān
人才辈出,rén cái bèi chū
人才出众,rén cái chū zhòng
人才济济,rén cái jǐ jǐ
人才难得,rén cái cái dé
人材出众,rén cái chū zhòng
人财两空,rén cái liǎng kōng
人财两失,rén cái liǎng shī
人稠物穰,rén chóu wù ráng
人存政举,rén cún zhèng jǔ
人单势孤,rén dān shì gū
人地生疏,rén dì shēng shū
人丁兴旺,rén dīng xīng wàng
人定胜天,rén dìng shèng tiān
人多口杂,rén duō kǒu zá
人多阙少,rén duō què shǎo
人多势众,rén duō shì zhòng
人多手杂,rén duō shǒu zá
人多嘴杂,rén duō zuǐ zá
人非草木,rén fēi cǎo mù
人非木石,rén fēi mù shí
人非土木,rén fēi tǔ mù
人非物是,rén fēi wù shì
人浮于食,rén fú yú shí
人浮于事,rén fú yú shì
人各有志,rén gè yǒu zhì
人给家足,rén jǐ jiā zú
人喊马嘶,rén hǎn mǎ sī
人欢马叫,rén huān mǎ jiào
人荒马乱,rén huāng mǎ luàn
人极计生,rén jí jì shēng
人急计生,rén jí jì shēng
人急偎亲,rén jí wēi qīn
人急智生,rén jí zhì shēng
人己一视,rén jǐ yī shì
人间地狱,rén jiān dì yù
人间天上,rén jiān tiān shàng
人间天堂,rén jiān tiān táng
人杰地灵,rén jié dì líng
人尽其才,rén jìn qí cái
人困马乏,rén kùn mǎ fá
人来客去,rén lái kè qù
人来客往,rén lái kè wǎng
人来人往,rén lái rén wǎng
人老珠黄,rén lǎo zhū huáng
人离乡贱,rén lí xiāng jiàn
人满为患,rén mǎn wéi huàn
人面狗心,rén miàn gǒu xīn
人面兽心,rén miàn shòu xīn
人面桃花,rén miàn táo huā
人民城郭,rén mín chéng guō
人命关天,rén mìng guān tiān
人命危浅,rén mìng wēi qiǎn
人模狗样,rén mú gǒu yàng
人莫予毒,rén mò yú dú
人贫智短,rén pín zhì duǎn
人弃我取,rén qì wǒ qǔ
人千人万,rén qiān rén wàn
人强马壮,rén qiáng mǎ zhuàng
人强胜天,rén qiáng shèng tiān
人琴俱逝,rén qín jù shì
人琴俱亡,rén qín jù wáng
人琴两亡,rén qín liǎng wáng
人情冷暖,rén qíng lěng nuǎn
人情世故,rén qíng shì gù
人情世态,rén qíng shì tai
人情汹汹,rén qíng xiōng xiōng
人情恟恟,rén qíng xiōng xiōng
人情之常,rén qíng zhī cháng
人穷志短,rén qióng zhì duǎn
人穷智短,rén qióng zhì duǎn
人取我与,rén qǔ wǒ yǔ
人去楼空,rén qù lóu kōng
人人皆知,rén rén jiē zhī
人人自危,rén rén zì wēi
人山人海,rén shān rén hǎi
人涉卬否,rén shè áng fǒu
人神共愤,rén shén gòng fèn
人神共嫉,rén shén gòng jí
人神同嫉,rén shén tóng jí
人生朝露,rén shēng cháo lù
人生如寄,rén shēng rú jì
人生如梦,rén shēng rú mèng
人生若寄,rén shēng ruò jì
人声鼎沸,rén shēng dǐng fèi
人世沧桑,rén shì cāng sāng
人事不省,rén shì bù xǐng
人事不醒,rén shì bù xǐng
人事不知,rén shì bù zhī
人事代谢,rén shì dài xiè
人手一册,rén shǒu yī cè
人寿年丰,rén shòu nián fēng
人死留名,rén sǐ liú míng
人所共知,rén suǒ gòng zhī
人头畜鸣,rén tóu chù míng
人亡邦瘁,rén wáng bāng cuì
人亡家破,rén wáng jiā pò
人亡物在,rén wáng wù zài
人亡政息,rén wáng zhèng xī
人微权轻,rén wēi quán qīng
人微望轻,rén wēi wàng qīng
人微言贱,rén wēi yán jiàn
人微言轻,rén wēi yán qīng
人文荟萃,rén wén huì cuì
人我是非,rén wǒ shì fēi
人心不古,rén xīn bù gǔ
人心大快,rén xīn dà kuài
人心归向,rén xīn guī xiàng
人心涣散,rén xīn huàn sàn
人心皇皇,rén xīn huáng huáng
人心惶惶,rén xīn huáng huáng
人心莫测,rén xīn mò cè
人心难测,rén xīn nán cè
人心叵测,rén xīn pǒ cè
人心如面,rén xīn rú miàn
人心丧尽,rén xīn sàng jìn
人心所归,rén xīn suǒ guī
人心所向,rén xīn suǒ xiàng
人心惟危,rén xīn wéi wēi
人心向背,rén xīn xiàng bèi
人烟稠密,rén yān chóu mì
人烟浩穰,rén yān hào rǎng
人言籍籍,rén yán jí jí
人言藉藉,rén yán jí jí
人言可畏,rén yán kě wèi
人言啧啧,rén yán zé zé
人仰马翻,rén yǎng mǎ fān
人一己百,rén yī jǐ bǎi
人以群分,rén yǐ qún fēn
人语马嘶,rén yǔ mǎ sī
人欲横流,rén yù héng liú
人怨神怒,rén yuàn shén nù
人怨天怒,rén yuàn tiān nù
人约黄昏,rén yuē huáng hūn
人云亦云,rén yún yì yún
人之常情,rén zhī cháng qíng
人中龙虎,rén zhōng lóng hǔ
人中骐骥,rén zhōng qí jì
人中狮子,rén zhōng shī zǐ
人中之龙,rén zhōng zhī lóng
人众胜天,rén zhòng shèng tiān
人自为战,rén zì wéi zhàn
人自为政,rén zì wéi zhèng
人足家给,rén zú jiā jǐ
仁浆义粟,rén jiāng yì sù
仁民爱物,rén mín ài wù
仁人君子,rén rén jūn zǐ
仁人义士,rén rén yì shì
仁人志士,rén rén zhì shì
仁柔寡断,rén róu guǎ duàn
仁同一视,rén tóng yī shì
仁心仁术,rén xīn rén shù
仁心仁闻,rén xīn rén wén
仁言利博,rén yán lì bó
仁言利溥,rén yán lì pǔ
仁义道德,rén yì dào dé
仁义君子,rén yì jūn zǐ
仁义之兵,rén yì zhī bīng
仁义之师,rén yì zhī shī
仁者能仁,rén zhě néng rén
仁至义尽,rén zhì yì jìn
忍耻含垢,rěn chǐ hán gòu
忍耻含羞,rěn chǐ hán xiū
忍耻偷生,rěn chǐ tōu shēng
忍垢偷生,rěn gòu tōu shēng
忍饥受饿,rěn jī shòu è
忍俊不禁,rěn jùn bù jìn
忍俊不住,rěn jùn bù zhù
忍苦耐劳,rěn kǔ nai láo
忍气吞声,rěn qì tūn shēng
忍辱负重,rěn rǔ fù zhòng
忍辱含垢,rěn rǔ hán gòu
忍辱含羞,rěn rǔ hán xiū
忍辱偷生,rěn rǔ tōu shēng
忍无可忍,rěn wú kě rěn
忍心害理,rěn xīn hài lǐ
忍尤含垢,rěn yóu hán gòu
稔恶不悛,rěn è bù quān
稔恶藏奸,rěn è cáng jiān
稔恶盈贯,rěn è yíng guàn
刃树剑山,rèn shù jiàn shān
刃迎缕解,rèn yíng lǚ jiě
认仇作父,rèn chóu zuò fù
认敌作父,rèn dí zuò fù
认鸡作凤,rèn jī zuò fèng
认奴作郎,rèn nú zuò láng
认奴作鄌,rèn nú zuò láng
认影迷头,rèn yǐng mí tóu
认影为头,rèn yǐng wéi tóu
认贼为父,rèn zéi wéi fù
认贼为子,rèn zéi wéi zǐ
认贼作父,rèn zéi zuò fù
认贼作子,rèn zéi zuò zǐ
认祖归宗,rèn zǔ guī zōng
任达不拘,rèn láo bù jū
任劳任怨,rèn láo rèn yuàn
任其自流,rèn qí zì liú
任其自然,rèn qí zì rán
任人唯亲,rèn rén wéi qīn
任人唯贤,rèn rén wéi xián
任贤使能,rèn xián shǐ néng
任怨任劳,rèn yuàn rèn láo
任重才轻,rèn zhòng cái qīng
任重道悠,rèn zhòng dào yōu
任重道远,rèn zhòng dào yuǎn
任重至远,rèn zhòng zhì yuǎn
任重致远,rèn zhòng zhì yuǎn
衽革枕戈,rèn gé zhěn gē
衽抭囊括,rèn xī náng kuò
仍陋袭简,réng lòu xí jiǎn
日薄桑榆,rì báo sāng yú
日薄西山,rì bó xī shān
日薄虞渊,rì báo yú yuān
日不我与,rì bù wǒ yǔ
日不暇给,rì bù xiá jǐ
日不移晷,rì bù yí guǐ
日不移影,rì bù yí yǐng
日长似岁,rì cháng sì suì
日长一线,rì cháng yī xiàn
日程月课,rì chéng yuè kè
日出不穷,rì chū bù qióng
日出三竿,rì chū sān gān
日东月西,rì dōng yuè xī
日短心长,rì duǎn xīn cháng
日锻月炼,rì duàn yuè liàn
日复一日,rì fù yī rì
日旰不食,rì gàn bù shí
日旰忘餐,rì gàn wàng cān
日旰忘食,rì gàn wàng shí
日高三丈,rì gāo sān zhàng
日和风暖,rì hé fēng nuǎn
日积月聚,rì jī yuè jù
日积月累,rì jī yuè lěi
日渐月染,rì jiàn yuè rǎn
日角龙庭,rì jiǎo lóng tíng
日角龙颜,rì jiǎo lóng yán
日角偃月,rì jiǎo yǎn yuè
日角珠庭,rì jiǎo zhū tíng
日进斗金,rì jìn dǒu jīn
日久年深,rì jiǔ nián shēn
日久岁长,rì jiǔ suì cháng
日久岁深,rì jiǔ suì shēn
日久天长,rì jiǔ tiān cháng
日久月深,rì jiǔ yuè shēn
日就月将,rì jiù yuè jiāng
日居月诸,rì jī yuè zhu
日来月往,rì lái yuè wǎng
日累月积,rì lèi yuè jī
日理万机,rì lǐ wàn jī
日丽风和,rì lì fēng hé
日丽风清,rì lì fēng qīng
日陵月替,rì líng yuè tì
日落千丈,rì luò qiān zhàng
日落西山,rì luò xī shān
日迈月征,rì mài yuè zhēng
日莫途远,rì mò tú yuǎn
日暮道远,rì mù dào yuǎn
日暮路远,rì mù lù yuǎn
日暮途穷,rì mù tú qióng
日暮途远,rì mù tú yuǎn
日暖风和,rì nuǎn fēng hé
日暖风恬,rì nuǎn fēng tián
日乾夕惕,rì qián xī tì
日杒月减,rì juān yuè jiǎn
日杒月削,rì juān yuè xuē
日日夜夜,rì rì yè yè
日濡月染,rì rú yuè rǎn
日上三竿,rì shàng sān gān
日甚一日,rì shèn yī rì
日慎一日,rì shèn yī rì
日升月恒,rì shēng yuè gèng
日省月课,rì xǐng yuè kè
日省月试,rì xǐng yuè shì
日省月修,rì xǐng yuè xiū
日食万钱,rì shí wàn qián
日试万言,rì shì wàn yán
日诵五车,rì sòng wǔ chē
日往月来,rì wǎng yuè lái
日无暇晷,rì wú xiá guǐ
日下无双,rì xià wú shuāng
日削月割,rì xuē yuè gē
日削月杒,rì xuē yuè juān
日销月铄,rì xiāo yuè shuò
日新月盛,rì xīn yuè shèng
日新月异,rì xīn yuè yì
日新月著,rì xīn yuè zhù
日行千里,rì xíng qiān lǐ
日许多时,rì xǔ duō shí
日许时间,rì xǔ shí jiān
日夜兼程,rì yè jiān chéng
日已三竿,rì yǐ sān gān
日以继夜,rì yǐ jì yè
日以为常,rì yǐ wéi cháng
日异月更,rì yì yuè gèng
日异月殊,rì yì yuè shū
日异月新,rì yì yuè xīn
日益月滋,rì yì yuè zī
日堙月塞,rì yīn yuè sāi
日引月长,rì yǐn yuè cháng
日饮亡何,rì yǐn wáng hé
日饮无何,rì yǐn wú hé
日有万机,rì yǒu wàn jī
日月不居,rì yuè bù jū
日月参辰,rì yuè shēn chén
日月蹉跎,rì yuè cuō tuó
日月合壁,rì yuè hé bì
日月合璧,rì yuè hé bì
日月交食,rì yuè jiāo shí
日月经天,rì yuè jīng tiān
日月丽天,rì yuè lì tiān
日月其除,rì yuè qí chú
日月如流,rì yuè rú liú
日月如梭,rì yuè rú suō
日月入怀,rì yuè rù huái
日月无光,rì yuè wú guāng
日月逾迈,rì yuè yú mài
日月重光,rì yuè chóng guāng
日昃不食,rì zè bù shí
日昃旰食,rì zè gàn shí
日昃忘食,rì zè wàng shí
日增月盛,rì zēng yuè shèng
日增月益,rì zēng yuè yì
日征月迈,rì zhēng yuè mài
日炙风吹,rì zhì fēng chuī
日炙风筛,rì zhì fēng shāi
日中必彗,rì zhōng bì huì
日中必移,rì zhōng bì yí
日中必湲,rì zhōng bì tóng
日中必昃,rì zhōng bì zè
日中将昃,rì zhōng jiāng zè
日中为市,rì zhōng wéi shì
日中则移,rì zhōng zé yí
日中则昃,rì zhōng zé zè
日转千阶,rì zhuǎn qiān jiē
日转千街,rì zhuǎn qiān jiē
日滋月益,rì zī yuè yì
日坐愁城,rì zuò chóu chéng
戎马仓皇,róng mǎ cāng huáng
戎马倥偬,róng mǎ kǒng zǒng
戎马倥傯,róng mǎ kǒng zǒng
戎马劻勷,róng mǎ dān xiào
戎马生郊,róng mǎ shēng jiāo
戎马生涯,róng mǎ shēng yá
荣古陋今,róng gǔ lòu jīn
荣古虐今,róng gǔ nüè jīn
荣华富贵,róng huá fù guì
荣谐伉俪,róng xié kàng lì
荣宗耀祖,róng zōng yào zǔ
容光焕发,róng guāng huàn fā
容头过身,róng tóu guò shēn
容膝之地,róng xī zhī dì
熔古铸今,róng gǔ zhù jīn
熔今铸古,róng jīn zhù gǔ
熔于一炉,róng yú yī lú
融汇贯通,róng huì guàn tōng
融会贯通,róng huì guàn tōng
融会通浃,róng huì tōng jiā
融洽无间,róng qià wú jiàn
融释贯通,róng shì guàn tōng
融为一体,róng wéi yī tǐ
融液贯通,róng yè guàn tōng
冗词赘句,rǒng cí zhuì jù
柔肠百结,róu cháng bǎi jié
柔肠百转,róu cháng bǎi zhuǎn
柔肠寸断,róu cháng cùn duàn
柔而不犯,róu ér bù fàn
柔肤弱体,róu fū ruò tǐ
柔筋脆骨,róu jīn cuì gǔ
柔能克刚,róu néng kè gāng
柔能制刚,róu néng zhì gāng
柔懦寡断,róu nuò guǎ duàn
柔情绰态,róu qíng chuō tai
柔情媚态,róu qíng mèi tài
柔情密意,róu qíng mì yì
柔情蜜意,róu qíng mì yì
柔情侠骨,róu qíng xiá gǔ
柔茹刚吐,róu rú gāng tǔ
柔茹寡断,róu rú guǎ duàn
柔声下气,róu shēng xià qì
柔心弱骨,róu xīn ruò gǔ
柔远怀迩,róu yuǎn huái ěr
柔远怀来,róu yuǎn huái lái
柔远能迩,róu yuǎn néng ěr
柔远绥怀,róu yuǎn suí huái
柔远镇迩,róu yuǎn zhèn ěr
柔枝嫩条,róu zhī nèn tiáo
柔枝嫩叶,róu zhī nèn yè
肉薄骨并,ròu bó gǔ bìng
肉颤心惊,ròu chàn xīn jīng
肉山脯林,ròu shān fǔ lín
肉山酒海,ròu shān jiǔ hǎi
肉食者鄙,ròu shí zhě bǐ
肉袒面缚,ròu tǎn miàn fù
肉袒牵羊,ròu tǎn qiān yáng
肉跳神惊,ròu tiào shén jīng
肉跳心惊,ròu tiào xīn jīng
肉眼凡夫,ròu yǎn fán fū
肉眼凡胎,ròu yǎn fán tāi
肉眼愚眉,ròu yǎn yú méi
如臂使指,rú bì shǐ zhǐ
如不胜衣,rú bù shèng yī
如操左券,rú cāo zuǒ quàn
如痴如狂,rú chī rú kuáng
如痴如梦,rú chī rú mèng
如痴如醉,rú chī rú zuì
如痴似醉,rú chī sì zuì
如持左券,rú chí zuǒ quàn
如出一口,rú chū yī kǒu
如出一辙,rú chū yī zhé
如椽大笔,rú chuán dà bǐ
如此而已,rú cǐ ér yǐ
如蹈水火,rú dǎo shuǐ huǒ
如蹈汤火,rú dǎo tāng huǒ
如登春台,rú dé chūn tái
如堕烟海,rú duò yān hǎi
如堕烟雾,rú duò yān wù
如法炮制,rú fǎ páo zhì
如法泡制,rú fǎ pào zhì
如法砲制,rú fǎ pào zhì
如风过耳,rú fēng guò ěr
如鲠在喉,rú gěng zài hóu
如虎得翼,rú hǔ dé yì
如虎傅翼,rú hǔ fù yì
如虎生翼,rú hǔ shēng yì
如虎添翼,rú hǔ tiān yì
如花似朵,rú huā sì duǒ
如花似锦,rú huā sì jǐn
如花似玉,rú huā sì yù
如花似月,rú huā sì yuè
如火燎原,rú huǒ liáo yuán
如火如荼,rú huǒ rú tú
如获至宝,rú huò zhì bǎo
如获至珍,rú huò zhì zhēn
如饥如渴,rú jī rú kě
如饥似渴,rú jī sì kě
如见肺肝,rú jiàn fèi gān
如箭在弦,rú jiàn zài xián
如胶如漆,rú jiāo rú qī
如胶似漆,rú jiāo sì qī
如胶投漆,rú jiāo tóu qī
如解倒悬,rú jiě dào xuán
如渴如饥,rú kě rú jī
如狼牧羊,rú láng mù yáng
如狼如虎,rú láng sì hǔ
如狼似虎,rú láng sì hǔ
如雷贯耳,rú léi guàn ěr
如雷灌耳,rú léi guàn ěr
如临大敌,rú lín dà dí
如临深谷,rú lín shēn gǔ
如临深渊,rú lín shēn yuān
如龙似虎,rú lóng sì hǔ
如履薄冰,rú lǚ bó bīng
如履平地,rú lǚ píng dì
如履如临,rú lǚ rú lín
如芒刺背,rú máng cì bèi
如芒在背,rú máng zài bèi
如梦初觉,rú mèng chū jué
如梦初醒,rú mèng chū xǐng
如梦方醒,rú mèng fāng xǐng
如梦如醉,rú mèng rú zuì
如鸟兽散,rú niǎo shòu sàn
如牛负重,rú niú fù zhòng
如弃敝屣,rú qì bì xǐ
如泣草芥,rú qì cǎo jiè
如泣如诉,rú qì rú sù
如切如磋,rú qiē rú cuō
如丘而止,rú qiū ér zhǐ
如日方升,rú rì fāng shēng
如日方中,rú rì fāng zhōng
如日中天,rú rì zhōng tiān
如丧考妣,rú sàng kǎo bǐ
如山压卵,rú shān yā luǎn
如石投水,rú shí tóu shuǐ
如拾地芥,rú shí dì jiè
如是我闻,rú shì wǒ wén
如释重负,rú shì zhòng fù
如手如足,rú shǒu rú zú
如数家珍,rú shǔ jiā zhēn
如水赴壑,rú shǔ fù hè
如水投石,rú shǔ tóu shí
如汤灌雪,rú tāng guàn xuě
如汤浇雪,rú tāng jiāo xuě
如汤泼雪,rú tāng pō xuě
如汤沃雪,rú tāng wò xuě
如天之福,rú tiān zhī fú
如无其事,rú wú qí shì
如兄如弟,rú xiōng rú dì
如埙如篪,rú xūn rú chí
如埙如箎,rú xūn rú chí
如蚁附膻,rú yǐ fù shān
如蚁慕膻,rú yǐ mù shān
如意算盘,rú yì suàn pán
如饮醍醐,rú yǐn tí hú
如应斯响,rú yìng sī xiǎng
如蝇逐臭,rú yíng zhú chòu
如影随形,rú yǐng suí xíng
如有所失,rú yǒu suǒ shī
如鱼得水,rú yú dé shuǐ
如鱼似水,rú yú sì shuǐ
如原以偿,rú yuán yǐ cháng
如愿以偿,rú yuàn yǐ cháng
如运诸掌,rú yùn zhū zhǎng
如振落叶,rú zhèn luò yè
如之奈何,rú zhī nài hé
如指诸掌,rú zhǐ zhū zhǎng
如锥画沙,rú zhuī huà shā
如醉初醒,rú zuì chū xǐng
如醉方醒,rú zuì fāng xǐng
如醉如痴,rú zuì rú chī
如醉如狂,rú zuì rú kuáng
如醉如梦,rú zuì rú mèng
如左右手,rú zuǒ yòu shǒu
如坐春风,rú zuò chūn fēng
如坐云雾,rú zuò yún wù
如坐针毡,rú zuò zhēn zhān
茹古涵今,rú gǔ hán jīn
茹苦含辛,rú kǔ hán xīn
茹毛饮血,rú máo yǐn xuè
茹柔吐刚,rú róu tǔ gāng
儒雅风流,rú yǎ fēng liú
孺子可教,rú zǐ kě jiào
汝成人耶,nu cheng ren ye
汝南晨鸡,rǔ nán chén jī
乳臭未除,rǔ chòu wèi chú
乳臭未干,rǔ xiù wèi gān
乳间股脚,rǔ jiān gǔ jiǎo
乳声乳气,rǔ shēng rǔ qì
辱国丧师,rǔ guó sàng shī
辱国殄民,rǔ guó tiǎn mín
辱国殃民,rǔ guó yāng mín
辱门败户,rǔ mén bài hù
辱身败名,rǔ shēn bài míng
入邦问俗,rù bāng wèn sú
入不敷出,rù bù fū chū
入地无门,rù dì wú mén
入阁登坛,rù gé dēng tán
入骨相思,rù gǔ xiāng sī
入国问俗,rù guó wèn sú
入海算沙,rù hǎi suàn shā
入火赴汤,rù huǒ fù tāng
入井望天,rù jǐng wàng tiān
入竟问禁,rù jìng wèn jìn
入境问禁,rù jìng wèn jìn
入境问俗,rù jìng wèn sú
入理切情,rù lǐ qiē qíng
入门问讳,rù mén wèn huì
入木三分,rù mù sān fēn
入幕之宾,rù mù zhī bīn
入情入理,rù qíng rù lǐ
入圣超凡,rù shèng chāo fán
入室昻堂,rù shì shēng táng
入室操戈,rù shǐ cāo gē
入室升堂,rù shì shēng táng
入死出生,rù sǐ chū shēng
入铁主簿,rù tiě zhǔ bù
入土为安,rù tú wéi ān
入文出武,rù wén chū wǔ
入吾彀中,rù wǔ gòu zhōng
入乡随俗,rù xiāng suí sú
入乡问俗,rù xiāng wèn sú
入孝出弟,rù xiào chū tì
入孝出悌,rù xiào chū tì
入主出奴,rù zhǔ chū nú
缛礼烦仪,rù lǐ fán yí
阮囊羞涩,ruǎn náng xiū sè
软红十丈,ruǎn hóng shí zhàng
软红香土,ruǎn hóng xiāng yù
软裘快马,ruǎn qiú kuài mǎ
软弱无力,ruǎn ruò wú lì
软谈丽语,ruǎn tán lì yǔ
软香温玉,ruǎn xiāng wēn yù
软硬兼施,ruǎn yìng jiān shī
软语温言,ruǎn yǔ wēn yán
软玉温香,ruǎn yù wēn xiāng
蕤宾铁响,ruí bīn tiě xiǎng
枘圆凿方,rùi yuán záo fāng
枘凿冰炭,ruì záo bīng tàn
枘凿方圆,ruì záo fāng yuán
锐不可当,ruì bù kě dāng
锐挫气索,ruì cuò qì suǒ
锐挫望绝,ruì cuò wàng jué
润屋润身,rùn wū rùn shēn
若敖鬼馁,ruò áo guǐ něi
若敖之鬼,ruò áo zhī guǐ
若崩厥角,ruò bēng jué jiǎo
若不胜衣,ruò bù shèng yī
若存若亡,ruò cún ruò wáng
若合符节,ruò hé fú jié
若即若离,ruò jì ruò lí
若离若即,ruò lí ruò jí
若卵投石,ruò luǎn tóu shí
若明若暗,ruò míng ruò àn
若明若昧,ruò míng ruò mèi
若烹小鲜,ruò pēng xiǎo xiān
若丧考妣,ruò sàng kǎo bǐ
若涉渊冰,ruò shè yuān bīng
若涉渊水,ruò shè yuān shuǐ
若释重负,ruò shì zhòng fù
若无其事,ruò wú qí shì
若隐若显,ruò yǐn ruò xiǎn
若隐若现,ruò yǐn ruò xiàn
若有若无,ruò yǒu ruò wú
若有所丧,ruò yǒu suǒ sàng
若有所失,ruò yǒu suǒ shī
若有所思,ruò yǒu suǒ sī
若有所亡,ruò yǒu suǒ wáng
弱本强末,ruò běn qiáng mò
弱不好弄,ruò bù hǎo nòng
弱不禁风,ruò bù jīn fēng
弱不胜衣,ruò bù shèng yī
弱肉强食,ruò ròu qiáng shí
弱水之隔,ruò shuǐ zhī gé
撒痴撒娇,sā chī sā jiāo
撒豆成兵,sǎ dòu chéng bīng
撒娇卖俏,sā jiāo mài qiào
撒娇撒痴,sā jiāo sā chī
撒科打诨,sā kē dǎ hùn
撒泼打滚,sā pō dǎ gǔn
撒泼放刁,sā pō fàng diāo
撒骚放屁,sā sāo fàng pì
撒水拿鱼,sā shuǐ ná yú
撒诈捣虚,sā zhà dǎo xū
洒洒潇潇,sǎ sǎ xiāo xiāo
洒扫应对,sǎ sào yìng duì
洒心更始,sǎ xīn gèng shǐ
飒爽英姿,sà shuǎng yīng zī
塞北江南,sāi běi jiāng nán
塞耳盗钟,sāi ěr dào zhōng
塞耳偷铃,sāi ěr tōu líng
塞井焚舍,sāi jǐng fén shě
塞井夷灶,sāi jǐng yí zào
塞上江南,sāi shàng jiāng nán
塞翁得马,sài wēng dé mǎ
塞翁失马,sài wēng shī mǎ
塞翁之马,sài wēng zhī mǎ
三百瓮齑,sān bǎi wèng jī
三班六房,sān bān liù fáng
三般两样,sān bān liǎng yàng
三榜定案,sān bǎng dìng àn
三病四痛,sān bìng sì tòng
三不拗六,sān bù niù liù
三步两脚,sān bù liǎng jiǎo
三曹对案,sān cáo duì àn
三茶六饭,sān chá liù fàn
三茶六礼,sān chá liù lǐ
三差两错,sān chā liǎng cuò
三差五错,sān chā wǔ cuò
三长两短,sān cháng liǎng duǎn
三长四短,sān cháng sì duǎn
三朝五日,sān cháo wǔ rì
三朝元老,sān cháo yuán lǎo
三从四德,sān cóng sì dé
三寸之舌,sān cùn zhī shé
三等九般,sān děng jiǔ bān
三等九格,sān děng jiǔ gé
三迭阳关,sān dié yáng guān
三叠阳关,sān dié yáng guān
三冬二夏,sān dōng èr xià
三对六面,sān duì liù miàn
三番两次,sān fān liǎng cì
三番五次,sān fān wǔ cì
三翻四复,sān fān sì fù
三翻四覆,sān fān sì fù
三反四覆,sān fǎn sì fù
三分鼎立,sān fēn dǐng lì
三分鼎足,sān fēn dǐng zú
三坟五典,sān fén wǔ diǎn
三风十愆,sān fēng shí qiān
三夫之对,sān fū zhī duì
三夫之言,sān fū zhī yán
三复白圭,sān fù bái guī
三复斯言,sān fù sī yán
三纲五常,sān gāng wǔ cháng
三告投杼,sān gào tóu zhù
三更半夜,sān gēng bàn yè
三宫六院,sān gōng liù yuàn
三姑六婆,sān gū liù pó
三顾草庐,sān gù cǎo lú
三顾茅庐,sān gù máo lú
三跪九叩,sān guì jiǔ kòu
三好二怯,sān hǎo èr qiè
三好两歹,sān hǎo liǎng dǎi
三好两歉,sān hǎo liǎng qiàn
三户亡秦,sān hù wáng qín
三槐九棘,sān huái jiǔ jí
三环五扣,sān huán wǔ kòu
三皇五帝,sān huáng wǔ dì
三回九转,sān huí jiǔ zhuǎn
三回五次,sān huí wǔ cì
三荤五厌,sān hūn wǔ yàn
三魂出窍,sān hún chū qiào
三魂七魄,sān hún qī pò
三饥两饱,sān jī liǎng bǎo
三缄其口,sān jiān qí kǒu
三谏之义,sān jiàn zhī yì
三江七泽,sān jiāng qī zé
三江五湖,sān jiāng wǔ hú
三脚两步,sān jiǎo liǎng bù
三教九流,sān jiào jiǔ liú
三街两市,sān jiē liǎng shì
三街六市,sān jiē liù shì
三街六巷,sān jiē liù xiàng
三节两寿,sān jié liǎng shòu
三老四少,sān lǎo sì shǎo
三老五更,sān lǎo wǔ gēng
三邻四舍,sān lín sì shè
三令五申,sān lìng wǔ shēn
三六九等,sān liù jiǔ děng
三马同槽,sān mǎ tóng cáo
三毛七孔,sān máo qī kǒng
三媒六证,sān méi liù zhèng
三命而俯,sān mìng ér fǔ
三沐三熏,sān mù sān xūn
三沐三薰,sān mù sān xūn
三年化碧,sān nián huà bì
三年五载,sān nián wǔ zài
三年之艾,sān nián zhī ài
三朋四友,sān péng sì yǒu
三平二满,sān píng èr mǎn
三婆两嫂,sān pó liǎng sǎo
三舖八菹,sān ní bā zū
三妻四妾,sān qī sì qiè
三期贤佞,sān qī xián nìng
三迁之教,sān qiān zhī jiào
三亲六故,sān qīn liù gù
三亲六眷,sān qīn liù juàn
三亲四眷,sān qīn sì juàn
三清四白,sān qīng sì bái
三求四告,sān qiú sì gào
三拳两脚,sān quán liǎng jiǎo
三人成虎,sān rén chéng hǔ
三人为众,sān rén wèi zhòng
三日新妇,sān rì xīn fù
三三两两,sān sān liǎng liǎng
三三四四,sān sān sì sì
三三五五,sān sān wǔ wǔ
三山五岳,sān shān wǔ yuè
三蛇七鼠,sān shé qī shǔ
三生有幸,sān shēng yǒu xìng
三牲五鼎,sān shēng wǔ dǐng
三省吾身,sān xǐng wú shēn
三尸暴跳,sān shī bào tiào
三尸五鬼,sān shī wǔ guǐ
三十而立,sān shí ér lì
三十六行,sān shí liù háng
三十三天,sān shí sān tiān
三豕涉河,sān shǐ shè hé
三首六臂,sān shǒu liù bì
三兽渡河,sān shòu dù hé
三思而行,sān sī ér xíng
三台八座,sān tái bā zuò
三汤两割,sān tāng liǎng gē
三汤五割,sān tāng wǔ gē
三天两头,sān tiān liǎng tóu
三头八臂,sān tóu bā bì
三头对案,sān tóu duì àn
三头两面,sān tóu liǎng miàn
三头两日,sān tóu liǎng rì
三头两绪,sān tóu liǎng xù
三头六臂,sān tóu liù bì
三头六面,sān tóu liù miàn
三头六证,sān tóu liù zhèng
三吐三握,sān tǔ sān wò
三推六问,sān tuī liù wèn
三瓦两舍,sān wǎ liǎng shě
三瓦两巷,sān wǎ liǎng xiàng
三位一体,sān wèi yī tǐ
三窝两块,sān wō liǎng kuài
三五成群,sān wǔ chéng qún
三徙成都,sān xǐ chéng dōu
三徙成国,sān xǐ chéng guó
三写成乌,sān xiě chéng wū
三写易字,sān xiě yì zì
三心二意,sān xīn èr yì
三心两意,sān xīn liǎng yì
三衅三浴,sān xìn sān yù
三星在户,sān xīng zài hù
三星在天,sān xīng zài tiān
三熏三沐,sān xūn sān mù
三薰三沐,sān xūn sān mù
三旬九食,sān xún jiǔ shí
三言讹虎,sān yán é hǔ
三言两句,sān yán liǎng jù
三言两语,sān yán liǎng yǔ
三阳交泰,sān yáng jiāo tài
三阳开泰,sān yáng kāi tài
三盈三虚,sān yíng sān xū
三余读书,sān yú dú shū
三浴三衅,sān yù sān xìn
三怨成府,sān yuàn chéng fǔ
三灾八难,sān zāi bā nàn
三灾六难,sān zāi liù nán
三占从二,sān zhān cóng èr
三战三北,sān zhān sān běi
三贞九烈,sān zhēn jiǔ liè
三贞五烈,sān zhēn wǔ liè
三旨相公,sān zhǐ xiàng gōng
三纸无驴,sān zhǐ wú lǘ
三智五猜,sān zhì wǔ cāi
三足鼎立,sān zú dǐng lì
散兵游勇,sǎn bīng yóu yǒng
散带衡门,sàn dài héng mén
散灰扃户,sàn huī jiōng hù
散马休牛,sàn mǎ xiū niú
散伤丑害,sàn shāng chǒu hài
散言碎语,sàn yán suì yǔ
散阵投巢,sàn zhèn tóu cháo
桑弧蒿矢,sāng hú hāo shǐ
桑弧蓬矢,sāng hú péng shǐ
桑户桊枢,sāng hù juàn shū
桑户蓬枢,sāng hù péng shū
桑户棬枢,sāng hù juàn shū
桑间濮上,sāng jiān pú shàng
桑间之音,sāng jiān zhī yīn
桑间之咏,sāng jiān zhī yǒng
桑间之约,sāng jiān zhī yuē
桑落瓦解,sāng luò wǎ jiě
桑枢畒牖,sāng shū wèng yǒu
桑枢韦带,sāng shū wéi dài
桑枢瓮牖,sāng shū wěng yǒu
桑田碧海,sāng tián bì hǎi
桑田沧海,sāng tián cāng hǎi
桑土绸缪,sāng tǔ chóu miù
桑土之防,sāng tǔ zhī fáng
桑土之谋,sāng tǔ zhī móu
桑荫不徙,sāng yīn bù xǐ
桑荫未移,sāng yīn wèi yí
桑榆末景,sāng yú mò jǐng
桑榆暮景,sāng yú mù jǐng
桑榆之景,sāng yú zhī jǐng
桑中之喜,sāng zhōng zhī xǐ
桑中之约,sāng zhōng zhī yuē
丧胆亡魂,sàng dǎn wáng hún
丧胆销魂,sàng hún xiāo hún
丧胆游魂,sàng dǎn yóu hún
丧魂落魄,sàng hún luò pò
丧魂失魄,sàng hún shī pò
丧家之狗,sàng jiā zhī gǒu
丧家之犬,sàng jiā zhī quǎn
丧尽天良,sàng jìn tiān liáng
丧明之痛,sàng míng zhī tòng
丧权辱国,sàng quán rǔ guó
丧身失节,sàng shēn shī jié
丧师辱国,sàng shī rǔ guó
丧天害理,sàng tiān hài lǐ
丧心病狂,sàng xīn bìng kuáng
搔到痒处,sāo dào yǎng chù
搔首踟蹰,sāo shǒu chí chú
搔首弄姿,sāo shǒu nòng zī
搔头摸耳,sāo tóu mō ěr
搔头弄姿,sāo tóu nòng zī
搔头抓耳,sāo tóu zhuā ěr
搔着痒处,sāo zhe yǎng chù
骚情赋骨,sāo qíng fù gǔ
骚人词客,sāo rén cí kè
骚人墨客,sāo rén mò kè
骚人墨士,sāo rén mò shì
骚人雅士,sāo rén yǎ shì
骚人逸客,sāo rén yì kè
骚翁墨客,sāo wēng mò kè
扫除天下,sǎo chú tiān xià
扫地出门,sǎo dì chū mén
扫地俱尽,sǎo dì jù jìn
扫地无遗,sǎo dì wú yí
扫地无余,sǎo dì wú yú
扫地以尽,sǎo dì yǐ jìn
扫锅刮灶,sǎo guō guā zào
扫眉才子,sǎo méi cái zǐ
扫墓望丧,sǎo mù wàng sàng
扫榻以待,sǎo tà yǐ dài
扫穴犁庭,sǎo xué lí tíng
扫穴擒渠,sǎo xué qín qú
嫂溺叔援,sǎo nì shū yuán
色胆包天,sè dǎn bāo tiān
色胆迷天,sè dǎn mí tiān
色胆如天,sè dǎn rú tiān
色厉胆薄,sè lì dǎn bó
色厉内荏,sè lì nèi rěn
色仁行违,sè rén xíng wéi
色如死灰,sè rú sǐ huī
色若死灰,sè ruò sǐ huī
色色俱全,sè sè jù quán
色授魂与,sè shòu hún yǔ
色衰爱弛,sè shuāi ài chí
涩于言论,sè yú yán lùn
啬己奉公,sè jǐ fèng gōng
瑟调琴弄,sè tiáo qín nòng
瑟弄琴调,sè nòng qín tiáo
森罗万象,sēn luó wàn xiàng
森严壁垒,sēn yán bì lěi
僧多粥少,sēng duō zhōu shǎo
杀敌致果,shā dí zhì guǒ
杀鸡哧猴,shā jī chī hóu
杀鸡骇猴,shā jī hài hóu
杀鸡儆猴,shā jī jǐng hóu
杀鸡抹脖,shā jī mǒ bó
杀鸡取蛋,shā jī qǔ dàn
杀鸡取卵,shā jī qǔ luǎn
杀鸡为黍,shā jī wéi shǔ
杀鸡吓猴,shā jī xià hóu
杀马毁车,shā mǎ huǐ chē
杀妻求将,shā qī qiú jiàng
杀气腾腾,shā qì téng téng
杀人放火,shā rén fàng huǒ
杀人灭口,shā rén miè kǒu
杀人如草,shā rén rú cǎo
杀人如蒿,shā rén rú hāo
杀人如麻,shā rén rú má
杀人如蓺,shā rén rú tiě
杀人盈野,shā rén yíng yě
杀人越货,shā rén yuè huò
杀身报国,shā shēn bào guó
杀身成仁,shā shēn chéng rén
杀身成义,shā shēn chéng yì
杀身之祸,shā shēn zhī huò
杀一儆百,shā yī jǐng bǎi
杀一警百,shā yī jǐng bǎi
杀一利百,shā yī lì bǎi
杀一砺百,shā yī lì bǎi
杀衣缩食,shài yī suō shí
杀彘教子,shā zhì jiào zǐ
沙里淘金,shā lǐ táo jīn
沙鸥翔集,sha ou xiang ji
砂里淘金,shā lǐ táo jīn
铩羽暴鳞,shā yǔ bào lín
铩羽而归,shā yǔ ér guī
铩羽涸鳞,shā yǔ hé lín
傻头傻脑,shǎ tóu shǎ nǎo
歃血为盟,shà xuè wéi méng
煞费苦心,shà fèi kǔ xīn
煞费心机,shà fèi xīn jī
煞有介事,shà yǒu jiè shì
筛锣擂鼓,shāi luó léi gǔ
山包海容,shān bāo hǎi róng
山崩川竭,shān bēng chuān jié
山崩地坼,shān bēng dì chè
山崩地裂,shān bēng dì liè
山崩地塌,shān bēng dì tā
山崩地陷,shān bēng dì xiàn
山崩海啸,shān bēng hǎi xiào
山崩水竭,shān bēng shuǐ jié
山崩钟应,shān bēng zhōng yìng
山长水阔,shān cháng shuǐ kuò
山长水远,shān cháng shuǐ yuǎn
山川米聚,shān chuān mǐ jù
山肤水豢,shān fū shuǐ huàn
山复整妆,shan fu zheng zhuang
山高水长,shān gāo shuǐ cháng
山高水低,shān gāo shuǐ dī
山高水险,shān gāo shuǐ xiǎn
山公倒载,shān gōng dǎo zǎi
山光水色,shān guāng shuǐ sè
山寒水冷,shān hán shuǐ lěng
山河表里,shān hé biǎo lǐ
山呼海啸,shān hū hǎi xiào
山鸡舞镜,shān jī wǔ jìng
山积波委,shān jī bō wěi
山节藻棁,shān jié zǎo lì
山砠水厓,shān jū shuǐ zhì
山枯石死,shān kū shí sǐ
山亏一篑,shān kuī yī kuì
山林隐逸,shān lín yǐn yì
山溜穿石,shān liù chuān shí
山眉水眼,shān méi shuǐ yǎn
山盟海誓,shān méng hǎi shì
山明水秀,shān míng shuǐ xiù
山鸣谷应,shān míng gǔ yìng
山木自寇,shān mù zì kòu
山南海北,shān nán hǎi běi
山栖谷饮,shān qī gǔ yǐn
山栖谷隐,shān qī gǔ yǐn
山清水秀,shān qīng shuǐ xiù
山穷水断,shān qióng shuǐ duàn
山穷水尽,shān qióng shuǐ jìn
山穷水绝,shān qióng shuǐ jué
山容海纳,shān róng hǎi nà
山水相连,shān shuǐ xiāng lián
山童石烂,shān tóng shí làn
山颓木坏,shān tuí mù huài
山行海宿,shān xíng hǎi xiǔ
山肴海错,shān yáo hǎi cuò
山肴野蔌,shān yáo yě sù
山殽野湋,shān yāo yě fù
山摇地动,shān yáo dì dòng
山遥路远,shān yáo lù yuǎn
山遥水远,shān yáo shuǐ yuǎn
山阴乘兴,shān yīn chéng xīng
山阴夜雪,shān yīn yè xuě
山吟泽唱,shān yín zé chàng
山珍海错,shān zhēn hǎi cuò
山珍海味,shān zhēn hǎi wèi
山止川行,shān zhǐ chuān xíng
山峙渊渟,shān zhì yuān zī
山中宰相,shān zhōng zǎi xiàng
山重水复,shān zhòng shuǐ fù
山陬海噬,shān zōu hǎi shì
山陬海澨,shān zōu hǎi shì
删繁就简,shān fán jiù jiǎn
删华就素,shān huá jiù sù
芟繁就简,shān fán jiù jiǎn
姗姗来迟,shān shān lái chí
珊瑚在网,shān hú zài wǎng
珊珊来迟,shān shān lái chí
煽风点火,shān fēng diǎn huǒ
潸然泪下,shān rán lèi xià
闪烁其词,shǎn shuò qí cí
闪烁其辞,shǎn shuò qí cí
讪皮讪脸,shàn pí shàn liǎn
讪牙闲嗑,shàn yá xián kē
苫眼铺眉,shān yǎn pū méi
扇风点火,shàn fēng diǎn huǒ
扇火止沸,shàn huǒ zhǐ fèi
扇席温枕,shàn xí wēn zhěn
扇枕温被,shān zhěn wēn chuáng
扇枕温衾,shàn zhěn wēn qīn
扇枕温席,shān zhěn wēn xí
善罢干休,shàn bà gān xiū
善罢甘休,shàn bà gān xiū
善财难舍,shàn cái nán shě
善刀而藏,shàn dāo ér cáng
善贾而沽,shàn jià ér gū
善马熟人,shàn mǎ shú rén
善眉善眼,shàn méi shàn yǎn
善门难开,shàn mén nán kāi
善男信女,shàn nán xìn nǚ
善骑者堕,shàn qí zhě duò
善气迎人,shàn qì yíng rén
善善从长,shàn shàn cóng cháng
善善恶恶,shàn shàn wù è
善始令终,shàn shǐ lìng zhōng
善始善终,shàn shǐ shàn zhōng
善颂善祷,shàn sòng shàn dǎo
善为说辞,shàn wéi shuō cí
善文能武,shàn wén néng wǔ
善游者溺,shàn yóu zhě nì
善有善报,shàn yǒu shàn bào
善与人交,shàn yǔ rén jiāo
善自为谋,shàn zì wéi móu
缮甲治兵,shàn jiǎ zhì bīng
擅壑专丘,shàn hè zhuān qiū
擅作威福,shàn zuò wēi fú
伤风败化,shāng fēng bài huà
伤风败俗,shāng fēng bài sú
伤弓之鸟,shāng gōng zhī niǎo
伤化败俗,shāng huà bài sú
伤教败俗,shāng jiào bài sú
伤筋动骨,shāng jīn dòng gǔ
伤天害理,shāng tiān hài lǐ
伤心惨目,shāng xīn cǎn mù
伤心蒿目,shāng xīn hāo mù
伤心疾首,shāng xīn jí shǒu
伤言扎语,shāng yán zhā yǔ
商彝夏鼎,shāng yí xià dǐng
商彝周鼎,shāng yí zhōu dǐng
觞酒豆肉,shāng jiǔ dòu ròu
赏不当功,shǎng bù dāng gōng
赏不逾日,shǎng bù yú rì
赏不逾时,shǎng bù yú shí
赏罚不明,shǎng fá bù míng
赏罚分明,shǎng fá fēn míng
赏罚信明,shǎng fá xìn míng
赏罚严明,shǎng fá yán míng
赏高罚下,shǎng gāo fá xià
赏功罚罪,shǎng gōng fá zuì
赏劳罚罪,shǎng láo fá zuì
赏立诛必,shǎng lì zhū bì
赏奇析疑,shǎng qí xī yí
赏善罚恶,shǎng shàn fá è
赏善罚否,shǎng shàn fá fǒu
赏同罚异,shǎng tóng fá yì
赏贤罚暴,shǎng xián fá bào
赏贤使能,shǎng xián shǐ néng
赏心乐事,shǎng xīn lè shì
赏心悦目,shǎng xīn yuè mù
赏信罚必,shǎng xìn fá bì
赏信罚明,shǎng xìn fá míng
赏一劝百,shǎng yī quàn bǎi
赏一劝众,shǎng yī quàn zhòng
上兵伐谋,shàng bīng fá móu
上谄下渎,shàng chǎn xià dú
上窜下跳,shàng cuàn xià tiào
上当学乖,shàng dāng xué guāi
上方宝剑,shàng fāng bǎo jiàn
上竿掇梯,shàng gān duō tī
上根大器,shàng gēn dà qì
上好下甚,shàng hǎo xià shèn
上和下睦,shàng hé xià mù
上交不谄,shàng jiāo bù chǎn
上焌下报,shàng zhēng xià bào
上陵下替,shàng líng xià tì
上楼去梯,shàng lóu qù tī
上漏下湿,shàng lòu xià shī
上嫚下暴,shàng màn xià bào
上慢下暴,shàng màn xià bào
上南落北,shàng nán luò běi
上篇上论,shàng piān shàng lùn
上勤下顺,shàng qín xià shùn
上情下达,shàng qíng xià dá
上树拔梯,shàng shù bá tī
上替下陵,shàng tì xià líng
上天入地,shàng tiān rù dì
上下交困,shàng xià jiāo kùn
上下其手,shàng xià qí shǒu
上下同门,shàng xià tóng mén
上下同心,shàng xià tóng xīn
上下同欲,shàng xià tóng yù
上下一心,shàng xià yī xīn
上行下效,shàng xíng xià xiào
上医医国,shàng yī yī guó
上溢下漏,shàng yì xià lòu
上雨旁风,shàng yǔ páng fēng
上援下推,shàng yuán xià tuī
上蒸下报,shàng zhēng xià bào
上智下愚,shàng zhì xià yú
尚虚中馈,shàng xū zhōng kuì
捎关打节,shāo guān dǎ jié
烧眉之急,shāo méi zhī jí
烧琴煮鹤,shāo qín zhǔ hè
烧犀观火,shāo xī guān huǒ
稍胜一筹,shāo shèng yī chóu
稍逊一筹,shāo xùn yī chóu
稍纵即逝,shāo zòng jí shì
勺水一脔,sháo shuǐ yī luán
韶华如驶,sháo huá rú shǐ
韶颜稚齿,sháo yán zhì chǐ
少安无躁,shǎo ān wú zào
少安毋躁,shǎo ān wú zào
少不更事,shào bù gēng shì
少不经事,shào bù jīng shì
少成若性,shào chéng ruò xìng
少吃俭用,shǎo chī jiǎn yòng
少见多怪,shǎo jiàn duō guài
少年老成,shào nián lǎo chéng
少年老诚,shǎo nián lǎo chéng
少气无力,shǎo qì wú lì
少私寡欲,shǎo sī guǎ yù
少条失教,shǎo tiáo shī jiào
少头缺尾,shǎo tóu quē wěi
少小无猜,shào xiǎo wú cāi
少言寡语,shǎo yán guǎ yǔ
少纵即逝,shǎo zòng jí shì
舌敝唇焦,shé bì chún jiāo
舌敝耳聋,shé bì ěr lóng
舌端月旦,shé duān yuè dàn
舌锋如火,shé fēng rú huǒ
舌尖口快,shé jiān kǒu kuài
舌剑唇枪,shé jiàn chún qiāng
舌挢不下,shé jiǎo bù xià
舌桥不下,shé qiáo bù xià
舌战群儒,shé zhàn qún rú
蛇口蜂针,shé kǒu fēng zhēn
蛇食鲸吞,shé shí jīng tūn
蛇头鼠眼,shé tóu shǔ yǎn
蛇蝎为心,shé xiē wéi xīn
蛇蝎心肠,shé xiē xīn cháng
蛇心佛口,shé xīn fó kǒu
蛇影杯弓,shé yǐng bēi gōng
蛇欲吞象,shé yù tūn xiàng
舍本求末,shě běn qiú mò
舍本逐末,shě běn zhú mò
舍策追羊,shě cè zhuī yáng
舍短取长,shě duǎn qǔ cháng
舍己从人,shě jǐ cóng rén
舍己救人,shě jǐ jiù rén
舍己就人,shě jǐ jiù rén
舍己为公,shě jǐ wèi gōng
舍己为人,shě jǐ wèi rén
舍己芸人,shě jǐ yún rén
舍近即远,shě jìn jí yuǎn
舍近求远,shě jìn qiú yuǎn
舍近务远,shě jìn wù yuǎn
舍旧谋新,shě jiù móu xīn
舍身求法,shě shēn qiú fǎ
舍身为国,shě shēn wéi guó
舍生取义,shě shēng qǔ yì
舍生忘死,shě shēng wàng sǐ
舍死忘生,shě sǐ wàng shēng
舍我其谁,shě wǒ qí shuí
设身处地,shè shēn chǔ dì
设心处虑,shè xīn chǔ lǜ
设心积虑,shè xīn jī lǜ
社会贤达,shè huì xián dá
社鼠城狐,shè shǔ chéng hú
社威擅势,shè wēi shàn shì
社燕秋鸿,shè yàn qiū hóng
射利沽名,shè lì gū míng
射石饮羽,shè shí yǐn yǔ
射像止啼,shè xiàng zhǐ tí
射影含沙,shè yǐng hán shā
射鱼指天,shè yú zhǐ tiān
涉笔成趣,shè bǐ chéng qù
涉海登山,shè hǎi dēng shān
赦过宥罪,shè guò yòu zuì
摄魄钩魂,shè pò gōu hún
摄威擅势,shè wēi shàn shì
申祸无良,shēn huò wú liáng
申冤吐气,shēn yuān tǔ qì
伸头缩颈,shēn tóu suō jǐng
伸头探脑,shēn tóu tàn nǎo
伸冤理枉,shēn yuān lǐ wǎng
身败名隳,shēn bài míng huī
身败名裂,shēn bài míng liè
身不由己,shēn bù yóu jǐ
身不由主,shēn bù yóu zhǔ
身不遇时,shēn bù yù shí
身操井臼,shēn cāo jǐng jiù
身单力薄,shēn dān lì bó
身当其境,shēn dāng qí jìng
身当矢石,shēn dāng shǐ shí
身非木石,shēn fēi mù shí
身废名裂,shēn fèi míng liè
身后萧条,shēn hòu xiāo tiáo
身怀六甲,shēn huái liù jiǎ
身寄虎吻,shēn jì hǔ wěn
身家性命,shēn jiā xìng mìng
身价百倍,shēn jià bǎi bèi
身经百战,shēn jīng bǎi zhàn
身历其境,shēn lì qí jìng
身临其境,shēn lín qí jìng
身名俱败,shēn míng jù bài
身名俱灭,shēn míng jù miè
身名俱泰,shēn míng jù tai
身名两泰,shēn míng liǎng tai
身强力壮,shēn qiáng lì zhuàng
身轻言微,shēn qīng yán wēi
身首异处,shēn shǒu yì chù
身首异地,shēn shǒu yì dì
身体发肤,shēn tǐ fà fū
身体力行,shēn tǐ lì xíng
身退功成,shēn tuì gōng chéng
身外之物,shēn wài zhī wù
身微力薄,shēn wēi lì báo
身微言轻,shēn wēi yán qīng
身无长处,shēn wú cháng chù
身无长物,shēn wú cháng wù
身无寸缕,shēn wú cùn lǚ
身无寸铁,shēn wú cùn tiě
身无分文,shēn wú fēn wén
身无立锥,sheng wu li zhui
身无完肤,shēn wú wán fū
身无择行,shēn wú zé xíng
身先朝露,shēn xiān cháo lù
身先士众,shēn xiān shì zhòng
身先士卒,shēn xiān shì zú
身显名扬,shēn xiǎn míng yáng
身心交病,shēn xīng jiāo bìng
身心交瘁,shēn xīn jiāo cuì
身遥心迩,shēn yáo xīn ěr
身远心近,shēn yuǎn xīn jìn
身做身当,shēn zuò shēn dāng
深奥莫测,shēn ào mò cè
深闭固拒,shēn bì gù jù
深闭固距,shēn bì gù jù
深壁固垒,shēn bì gù lěi
深不可测,shēn bù kě cè
深藏若虚,shēn cáng ruò xū
深仇大恨,shēn chóu dà hèn
深仇宿怨,shēn chóu xiǔ yuàn
深仇重怨,shēn chóu zhòng yuàn
深雠大恨,shēn chóu dà hèn
深刺腧髓,shēn cì shù suǐ
深得人心,shēn dé rén xīn
深恶痛疾,shēn wù tòng jí
深恶痛嫉,shēn wù tòng jí
深恶痛绝,shēn wù tòng jué
深根固本,shēn gēn gù běn
深根固柢,shēn gēn gù dǐ
深根固蒂,shēn gēn gù dì
深根宁极,shēn gēn níng jí
深根蟠结,shēn gēn pán jié
深更半夜,shēn gēng bàn yè
深耕易耨,shēn gēng yì nòu
深沟壁垒,shēn gōu bì lěi
深沟高垒,shēn gōu gāo lěi
深沟固垒,shēn gōu gù lěi
深谷为陵,shēn gǔ wéi líng
深计远虑,shēn jì yuǎn lǜ
深奸巨猾,shēn jiān jù huá
深见远虑,shēn jiàn yuǎn lǜ
深扃固钥,shēn jiōng gù yào
深居简出,shēn jū jiǎn chū
深厉浅揭,shēn lì qiǎn qì
深明大义,shēn míng dà yì
深铭肺腑,shēn míng fèi fǔ
深谋远虑,shēn móu yuǎn lǜ
深谋远略,shēn móu yuǎn lüè
深切著白,shēn qiè zhù bái
深切著明,shēn qiè zhù míng
深切着白,shēn qiē zhe bái
深切着明,shēn qiē zhe míng
深情底理,shēn qíng dǐ lǐ
深情故剑,shēn qíng gù jiàn
深情厚谊,shēn qíng hòu yì
深情厚意,shēn qíng hòu yì
深仁厚泽,shēn rén hòu zé
深入膏肓,shēn rù gāo huāng
深入骨髓,shēn rù gǔ suǐ
深入浅出,shēn rù qiǎn chū
深入人心,shēn rù rén xīn
深入显出,shēn rù xiǎn chū
深山长谷,shēn shān cháng gǔ
深山老林,shēn shān lǎo lín
深山密林,shēn shān mì lín
深山穷谷,shēn shān qióng gǔ
深山穷林,shēn shān qióng lín
深山野墺,shēn shān yě ào
深山幽谷,shēn shān yōu gǔ
深思苦索,shēn sī kǔ suǒ
深思熟虑,shēn sī shú lǜ
深思远虑,shēn sī yuǎn lǜ
深图远算,shēn tú yuǎn suàn
深惟重虑,shēn wéi zhòng lǜ
深文大义,shēn wén dà yì
深文附会,shēn wén fù huì
深文傅会,shēn wén fù huì
深文峻法,shēn wén jùn fǎ
深文巧诋,shēn wén qiǎo dǐ
深文曲折,shēn wén qǔ shé
深文周内,shēn wén zhōu nà
深文周纳,shēn wén zhōu nà
深信不疑,shēn xìn bù yí
深猷远计,shēn yóu yuǎn jì
深宅大院,shēn zhái dà yuàn
深知灼见,shēn zhī zhuó jiàn
深中笃行,shēn zhōng dǔ xíng
深中肯綮,shēn zhōng kěn qìng
深中隐厚,shēn zhōng yǐn hòu
神安气集,shén ān qì jí
神兵天将,shén bīng tiān jiāng
神不附体,shén bù fù tǐ
神不收舍,shén bù shōu shě
神不守舍,shén bù shǒu shě
神采飞扬,shén cǎi fēi yáng
神采焕发,shén cǎi huàn fā
神采奕然,shén cǎi yì rán
神采奕奕,shén cǎi yì yì
神采英拔,shén cǎi yīng bá
神藏鬼伏,shén cáng guǐ fú
神差鬼遣,shén chà guǐ qiǎn
神差鬼使,shén chāi guǐ shǐ
神超形越,shén chāo xíng yuè
神驰力困,shén chí lì kùn
神抶电击,shén chì diàn jī
神愁鬼哭,shén chóu guǐ kū
神出鬼没,shén chū guǐ mò
神出鬼入,shén chū guǐ rù
神到之笔,shén dào zhī bǐ
神道设教,shén dào shè jiào
神短气浮,shén duǎn qì fú
神而明之,shén ér míng zhī
神飞气扬,shén fēi qì yáng
神飞色舞,shén fēi sè wǔ
神工鬼斧,shén gōng guǐ fǔ
神工鬼力,shén gōng guǐ lì
神工天巧,shén gōng tiān qiǎo
神工意匠,shén gōng yì jiàng
神功圣化,shén gōng shèng huà
神鬼不测,shén guǐ bù cè
神鬼莫测,shén guǐ mò cè
神鬼难测,shén guǐ nán cè
神嚎鬼哭,shén háo guǐ kū
神号鬼哭,shén háo guǐ kū
神号鬼泣,shén hào guǐ qì
神乎其技,shén hū qí jì
神乎其神,shén hū qí shén
神哗鬼叫,shén huá guǐ jiào
神会心融,shén huì xīn róng
神魂荡飏,shén hún dàng chén
神魂颠倒,shén hún diān dǎo
神魂飞越,shén hún fēi yuè
神魂飘荡,shén hún piāo dàng
神魂摇荡,shén hún yáo dàng
神机鬼械,shén jī guǐ xiè
神机妙算,shén jī miào suàn
神奸巨蠹,shén jiān jù dù
神奸巨猾,shén jiān jù huá
神閒气定,shén xián qì dìng
神焦鬼烂,shén jiāo guǐ làn
神经错乱,shén jīng cuò luàn
神经过敏,shén jīng guò mǐn
神来气旺,shén lái qì wàng
神来之笔,shén lái zhī bǐ
神领意得,shén lǐng yì dé
神领意造,shén lǐng yì zào
神流气鬯,shén liú qì chàng
神龙见首,shén lóng jiàn shǒu
神龙马壮,shén lóng mǎ zhuàng
神龙失埶,shén lóng shī zhì
神眉鬼道,shén méi guǐ dào
神眉鬼眼,shén méi guǐ yǎn
神迷意夺,shén mí yì duó
神妙莫测,shén miào mò cè
神灭形消,shén miè xíng xiāo
神谟庙算,shén mó miào suàn
神谟远算,shén mó yuǎn suàn
神谋魔道,shén móu mó dào
神怒人怨,shén nù rén yuàn
神气活现,shén qì huó xiàn
神气十足,shén qì shí zú
神牵鬼制,shén qiān guǐ zhì
神清骨秀,shén qīng gǔ xiù
神清气朗,shén qīng qì lǎng
神清气茂,shén qīng qì mào
神清气爽,shén qīng qì shuǎng
神情不属,shén qíng bù shǔ
神情恍惚,shén qíng huǎng hū
神情自若,shén qíng zì ruò
神区鬼奥,shén qū guǐ ào
神融气泰,shén róng qì tai
神丧胆落,shén sàng dǎn luò
神色不动,shén sè bù dòng
神色不惊,shén sè bù jīng
神色仓皇,shén sè cāng huáng
神色张皇,shén sè zhāng huáng
神色自若,shén sè zì ruò
神圣工巧,shén shèng gōng qiǎo
神施鬼设,shén shī guǐ shè
神使鬼差,shén shǐ guǐ chà
神逝魄夺,shén shì pò duó
神枢鬼藏,shén shū guǐ cáng
神输鬼运,shén shū guǐ yùn
神术妙计,shén shù miào jì
神思恍惚,shén sī huǎng hū
神竦心惕,shén sǒng xīn tì
神通广大,shén tōng guǎng dà
神头鬼脸,shén tóu guǐ liǎn
神头鬼面,shén tóu guǐ miàn
神完气足,shén wán qì zú
神往神来,shén wǎng shén lái
神武挂冠,shén wǔ guà guàn
神仙中人,shén xiān zhōng rén
神闲气定,shén xián qì dìng
神闲气静,shén xián qì jìng
神霄绛阙,shén xiāo jiàng què
神摇目夺,shén yáo mù duó
神摇意夺,shén yáo yì duó
神怡心旷,shén yí xīn kuàng
神怿气愉,shén yì qì yú
神意自若,shén yì zì ruò
神郁气悴,shén yù qì cuì
神运鬼输,shén yùn guǐ shū
神湛骨寒,shén zhàn gǔ hán
神至之笔,shén zhì zhī bǐ
神州赤县,shén zhōu chì xiàn
神州陆沉,shén zhōu lù chén
神醉心往,shén zuì xīn wǎng
沈博绝丽,chén bó jué lì
沈诗任笔,shěn shī rèn bǐ
沈腰潘鬓,shěn yāo pān bìn
审几度势,shěn jǐ dù shì
审己度人,shěn jǐ duó rén
审曲面势,shěn qǔ miàn shì
审曲面埶,shěn qǔ miàn xīn
审时度势,shěn shí duó shì
甚嚣尘上,shèn xiāo chén shàng
慎身修永,shèn shēn xiū yǒng
慎始敬终,shèn shǐ jìng zhōng
慎小谨微,shèn xiǎo jǐn wēi
慎小事微,shèn xiǎo shì wēi
慎终承始,shèn zhōng chéng shǐ
慎终如始,shèn zhōng rú shǐ
慎终于始,shèn zhōng yú shǐ
慎终追远,shèn zhōng zhuī yuǎn
慎重其事,shèn zhòng qí shì
蜃楼海市,shèn lóu hǎi shì
升官发财,shēng guān fā cái
升山采珠,shēng shān cǎi zhū
升堂拜母,shēng táng bài mǔ
升堂入室,shēng táng rù shì
生搬硬套,shēng bān yìng tào
生不逢辰,shēng bù féng chén
生不逢时,shēng bù féng shí
生不遇时,shēng bù yù shí
生财有道,shēng cái yǒu dào
生财之道,shēng cái zhī dào
生齿日繁,shēng chǐ rì fán
生动活泼,shēng dòng huó pō
生栋覆屋,shēng dòng fù wū
生而知之,shēng ér zhī zhī
生发未燥,shēng fà wèi zào
生公说法,shēng gōng shuō fǎ
生关死劫,shēng guān sǐ jié
生花妙笔,shēng huā miào bǐ
生花之笔,shēng huā zhī bǐ
生机勃勃,shēng jī bó bó
生寄死归,shēng jì sǐ guī
生聚教训,shēng jù jiào xùn
生拉硬扯,shēng lā yìng chě
生老病死,shēng lǎo bìng sǐ
生离死别,shēng lí sǐ bié
生灵涂地,shēng líng tú dì
生灵涂炭,shēng líng tú tàn
生龙活虎,shēng lóng huó hǔ
生民涂炭,shēng mín tú tàn
生气勃勃,shēng qì bó bó
生荣死哀,shēng róng sǐ āi
生荣死衰,shēng róng sǐ shuāi
生杀予夺,shēng shā yù duó
生生不息,shēng shēng bù xī
生生不已,shēng shēng bù yǐ
生生世世,shēng shēng shì shì
生生死死,shēng shēng sǐ sǐ
生死不渝,shēng sǐ bù yú
生死存亡,shēng sǐ cún wáng
生死关头,shēng sǐ guān tóu
生死肉骨,shēng sǐ ròu gǔ
生死未卜,shēng sǐ wèi bǔ
生死相依,shēng sǐ xiāng yī
生死攸关,shēng sǐ yōu guān
生死予夺,shēng sǐ yǔ duó
生死与共,shēng sǐ yǔ gòng
生死之交,shēng sǐ zhī jiāo
生吞活剥,shēng tūn huó bō
生拖死拽,shēng tuō sǐ zhuāi
生张熟魏,shēng zhāng shú wèi
生众食寡,shēng zhòng shí guǎ
声东击西,shēng dōng jī xī
声动梁尘,shēng dòng liáng chén
声价十倍,shēng jià shí bèi
声泪俱下,shēng lèi jù xià
声名狼藉,shēng míng láng jí
声气相求,shēng qì xiāng qiú
声气相通,shēng qì xiāng tōng
声气相投,shēng qì xiāng tóu
声情并茂,shēng qíng bìng mào
声求气应,shēng qiú qì yìng
声如洪钟,shēng rú hóng zhōng
声色狗马,shēng sè gǒu mǎ
声色货利,shēng sè huò lì
声色俱厉,shēng sè jù lì
声色犬马,shēng sè quǎn mǎ
声势浩大,shēng shì hào dà
声嘶力竭,shēng sī lì jié
声威大震,shēng wēi dà zhèn
声闻过情,shēng wén guò qíng
声希味淡,shēng xī wèi dàn
声音笑貌,shēng yīn xiào mào
声应气求,shēng yìng qì qiú
声誉鹊起,shēng yù què qǐ
声振寰宇,shēng zhèn huán yǔ
声振林木,shēng zhèn lín mù
声振屋瓦,shēng zhèn wū wǎ
声罪致讨,shēng zuì zhì tǎo
胜残去杀,shèng cán qù shā
胜任愉快,shèng rèn yú kuài
胜友如云,shèng yǒu rú yún
笙歌鼎沸,shēng gē dǐng fèi
笙磬同音,shēng qìng tóng yīn
鼪鼯之径,wéi wú zhī jìng
鼪鼬之迳,tiān yòu zhī jìng
渑池之功,miǎn chí zhī gōng
绳床瓦灶,shéng chuáng wǎ zào
绳锯木断,shéng jù mù duàn
绳厥祖武,shéng jué zǔ wǔ
绳墨之言,shéng mò zhī yán
绳其祖武,shéng qí zǔ wǔ
绳愆纠谬,shéng qiān jiū miù
绳愆纠缪,sheng qian jiu miu
绳趋尺步,shéng qū chǐ bù
绳枢瓮牖,shéng shū wèng yǒu
绳之以法,shéng zhī yǐ fǎ
省吃俭用,shěng chī jiǎn yòng
省烦从简,shěng fán cóng jiǎn
省身克己,xǐng shēn kè jǐ
圣帝明王,shèng dì míng wáng
圣经贤传,shèng jīng xián zhuàn
圣君贤相,shèng jīng xián xiàng
圣神文武,shèng shén wén wǔ
圣主垂衣,shèng zhǔ chuí yī
盛必虑衰,shèng bì lǜ shuāi
盛极一时,shèng jí yī shí
盛况空前,shèng kuàng kōng qián
盛名难副,shèng míng nán fù
盛气凌人,shèng qì líng rén
盛情难却,shèng qíng nán què
盛食厉兵,shèng shí lì bīng
盛衰荣辱,shèng shuāi róng rǔ
盛衰兴废,shèng shuāi xīng fèi
盛水不漏,chéng shuǐ bù lòu
盛筵必散,shèng yán bì sàn
盛筵难再,shèng yán nán zài
盛宴难再,shèng yàn nán zài
剩菜残羹,shèng cài cán gēng
剩馥残膏,shèng fù cán gāo
剩山残水,shèng shān cán shuǐ
剩水残山,shèng shuǐ cán shān
尸横遍野,shī héng biàn yě
尸鸠之平,shī jiū zhī píng
尸居龙见,shī jū lóng xiàn
尸居余气,shī jū yú qì
尸禄素飡,shī lù sù cān
尸禄素餐,shī lù sù cān
尸山血海,shī shān xuè hǎi
尸位素餐,shī wèi sù cān
失道寡助,shī dào guǎ zhù
失魂荡魄,shī hún dàng pò
失魂落魄,shī hún luò pò
失魂丧胆,shī hún sàng dǎn
失魂丧魄,shī hún sàng pò
失惊打怪,shī jīng dǎ guài
失惊倒怪,shī jīng dǎo guài
失精落彩,shī jīng luò cǎi
失马塞翁,shī mǎ sài wēng
失时落势,shī shí luò shì
失张冒势,shī zhāng mào shì
失张失志,shī zhāng shī zhì
失张失致,shī zhāng shī zhì
失张失智,shī zhāng shī zhì
失之东隅,shī zhī dōng yú
失之交臂,shī zhī jiāo bì
失诸交臂,shī zhū jiāo bì
师出无名,shī chū wú míng
师出有名,shī chū yǒu míng
师道尊严,shī dào zūn yán
师老兵疲,shī lǎo bīng pí
师老兵破,shī lǎo bīng pò
师心自是,shī xīn zì shì
师心自用,shī xīn zì yòng
师严道尊,shī yán dào zūn
师直为壮,shī zhí wéi zhuàng
虱处裻中,shī chǔ kūn zhōng
虱多不痒,shī duō bù yǎng
虱胫虮肝,shī jìng jī gān
诗肠鼓吹,shī chá gǔ chuì
诗家三昧,shī jiā sān mèi
诗酒风流,shī jiǔ fēng liú
诗酒朋侪,shī jiǔ péng chái
诗礼传家,shī lǐ chuán jiā
诗礼人家,shī lǐ rén jiā
诗礼之家,shī lǐ zhī jiā
诗礼之训,shī lǐ zhī xùn
诗朋酒侣,shī péng jiǔ lǚ
诗朋酒友,shī péng jiǔ yǒu
诗情画意,shī qíng huà yì
诗书发冢,shī shū fà zhǒng
诗庭之训,shī tíng zhī xùn
诗以言志,shī yǐ yán zhì
诗云子曰,shī yún zǐ yuè
诗中有画,shī zhōng yǒu huà
施而不费,shī ér bù fèi
施绯拖绿,shī fēi tuō lǜ
施号发令,shī hào fā lìng
施衿结褵,shī jīn jié lí
施命发号,shī mìng fā hào
施仁布德,shī rén bù dé
施施而行,shī shī ér xíng
十变五化,shí biàn wǔ huà
十病九痛,shí bìng jiǔ tòng
十不当一,shí bù huò yī
十步芳草,shí bù fāng cǎo
十步香草,shí bù xiāng cǎo
十步香车,shí bù xiāng chē
十成九稳,shí chéng jiǔ wěn
十冬腊月,shí dōng là yuè
十恶不赦,shí è bù shè
十恶五逆,shí è wǔ nì
十二金钗,shí èr jīn chāi
十二金牌,shí èr jīn pái
十二万分,shí èr wàn fēn
十发十中,shí fā shí zhōng
十风五雨,shí fēng wǔ yǔ
十夫榪椎,shí fū zhī zhuī
十夫桡椎,shí fū ráo zhuī
十光五色,shí guāng wǔ sè
十寒一暴,shí hán yī bào
十浆五馈,shí jiāng wǔ kuì
十拷九棒,shí kǎo jiǔ bàng
十口相传,shí kǒu xiāng chuán
十里长亭,shí lǐ cháng tíng
十里洋场,shí lǐ yáng chǎng
十米九糠,shí mǐ jiǔ kāng
十眠九坐,shí mián jiǔ zuò
十面埋伏,shí miàn mái fú
十目所视,shí mù suǒ shì
十拏九稳,shí mù jiǔ wěn
十拿九稳,shí ná jiǔ wěn
十年窗下,shí nián chuāng xià
十年读书,shí nián dú shū
十年寒窗,shí nián hán chuāng
十年磨剑,shí nián mó jiàn
十年生聚,shí nián shēng jù
十亲九故,shí qīn jiǔ gù
十亲九眷,shí qīn jiǔ juàn
十全十美,shí quán shí měi
十人九慕,shí rén jiǔ mù
十日并出,shí rì bìng chū
十日之饮,shí rì zhī yǐn
十生九死,shí shēng jiǔ sǐ
十十五五,shí shí wǔ wǔ
十世单传,shí shì dān chuán
十室九空,shí shì jiǔ kōng
十室九匮,shí shì jiǔ kuì
十室容贤,shí shì róng xián
十手争指,shí shǒu zhēng zhǐ
十鼠同穴,shí shǔ tóng xué
十死不问,shí sǐ bù wèn
十死九活,shí sǐ jiǔ huó
十死一生,shí sǐ yī shēng
十万火急,shí wàn huǒ jí
十万火速,shí wàn huǒ sù
十围五攻,shí wén wǔ gōng
十行俱下,shí háng jù xià
十羊九牧,shí yáng jiǔ mù
十有八九,shí yǒu bā jiǔ
十雨五风,shí yǔ wǔ fēng
十载寒窗,shí zǎi hán chuāng
十战十胜,shí zhàn shí shèng
十之八九,shí zhī bā jiǔ
十指连心,shí zhǐ lián xīn
十转九空,shí zhuǎn jiǔ kōng
十捉九着,shí zhuō jiǔ zhe
十字街口,shí zì jiē kǒu
十字街头,shí zì jiē tóu
十字路口,shí zì lù kǒu
十字路头,shí zì lù tóu
什围伍攻,shí wéi wǔ gōng
什伍东西,shí wǔ dōng xī
什袭而藏,shí xī ér cáng
什袭以藏,shí xí yǐ cáng
什袭珍藏,shí xí zhēn cáng
石沉大海,shí chén dà hǎi
石城汤池,shí chéng tāng chí
石赤不夺,shí chì bù duó
石火电光,shí huǒ diàn guāng
石火风灯,shí huǒ fēng dēng
石火风烛,shí huǒ fēng zhú
石火光阴,shí huǒ guāng yīn
石缄金匮,shí jiān jīn kuì
石烂海枯,shí làn hǎi kū
石烂江枯,shí làn jiāng kū
石泐海枯,shí lè hǎi kū
石破天惊,shí pò tiān jīng
石室金匮,shí shì jīn guì
石室金鐀,shí shì jīn guì
石心木肠,shí xīn mù cháng
时不可失,shí bù kě shī
时不我待,shí bù wǒ dài
时不我与,shí bù wǒ yǔ
时不再来,shí bù zài lái
时绌举盈,shí chù jǔ yíng
时绌举赢,shí chù jǔ yíng
时乖命蹇,shí guāi mìng jiǎn
时乖运舛,shí guāi yùn chuǎn
时乖运乖,shí guāi yùn guāi
时乖运蹇,shí guāi yùn jiǎn
时乖运拙,shí guāi yùn zhuō
时过境迁,shí guò jìng qiān
时和年丰,shí hé nián fēng
时和岁丰,shí hé suì fēng
时和岁稔,shí hé suì rěn
时亨运泰,shí hēng yùn tài
时来运来,shí lái yùn lái
时来运旋,shí lái yùn xuán
时来运转,shí lái yùn zhuǎn
时清海宴,shí qīng hǎi yàn
时诎举赢,shí qū jǔ yíng
时日曷丧,shí rì hé sàng
时殊风异,shí shū fēng yì
时望所归,shí wàng suǒ guī
时无再来,shí wú zài lái
时移世变,shí yí shì biàn
时移世异,shí yí shì yì
时移世易,shí yí shì yì
时移势迁,shí yí shì qiān
时移势易,shí yí shì yì
时移俗易,shí yí sú yì
时异事殊,shí yì shì shū
时异势殊,shí yì shì shū
时易世变,shí yì shì biàn
时隐时见,shí yǐn shí jiàn
时运不济,shí yùn bù jì
时运不齐,shí yùn bù jì
时运亨通,shí yùn hēng tōng
时至运来,shí zhì yùn lái
识变从宜,shí biàn cóng yí
识才尊贤,shí cái zūn xián
识礼知书,shí lǐ zhī shū
识明智审,shí míng zhì shěn
识时达变,shí shí dá biàn
识时达务,shí shí dá wù
识时通变,shí shí tōng biàn
识涂老马,shí tú lǎo mǎ
识途老马,shí tú lǎo mǎ
识微见几,shí wēi jiàn jǐ
识微见远,shí wēi jiàn yuǎn
识微知著,shí wēi zhī zhuó
识文断字,shí wén duàn zì
识文谈字,shí wén tán zì
识字知书,shí zì zhī shū
实偪处此,shí bèng chǔ cǐ
实逼处此,shí bī chǔ cǐ
实蕃有徒,shí fān yǒu tú
实繁有徒,shí fán yǒu tú
实获我心,shí huò wǒ xīn
实事求是,shí shì qiú shì
实心实意,shí xīn shí yì
实与有力,shí yù yǒu lì
实至名归,shí zhì míng guī
拾陈蹈故,shí chén dǎo gù
拾带重还,shí dài zhòng huán
拾掇无遗,shi duo wu yi
拾金不昧,shí jīn bù mèi
拾人涕唾,shí rén tì tuò
拾人唾涕,shí rén tuò tì
拾人唾余,shí rén tuò yú
拾人牙慧,shí rén yá huì
拾遗补阙,shí yí bǔ quē
食案方丈,shí àn fāng zhàng
食必方丈,shí bì fāng zhàng
食辨劳薪,shí biàn láo xīn
食不充肠,shí bù chōng cháng
食不充饥,shí bù chōng jī
食不充口,shí bù chōng kǒu
食不二味,shí bù èr wèi
食不甘味,shí bù gān wèi
食不果腹,shí bù guǒ fù
食不餬口,shí bù hú kǒu
食不遑味,shí bù huáng wèi
食不兼肉,shí bù jiān ròu
食不兼味,shí bù jiān wèi
食不累味,shí bù lèi wèi
食不求甘,shí bù qiú gān
食不暇饱,shí bù xiá bǎo
食不下咽,shí bù xià yàn
食不知味,shí bù zhī wèi
食不终味,shí bù zhōng wèi
食不重肉,shí bù zhóng ròu
食不重味,shí bù chóng wèi
食箪浆壶,shí dān jiāng hú
食而不化,shí ér bù huà
食方于前,shí fāng yú qián
食甘寝安,shí gān qǐn ān
食甘寝宁,shí gān qǐn níng
食古不化,shí gǔ bù huà
食古如鲠,shí gǔ rú gěng
食藿悬鹑,shí huò xuán chún
食饥息劳,shí jī xī láo
食马留肝,shí mǎ liú gān
食毛践土,shí máo jiàn tǔ
食前方丈,shí qián fāng zhàng
食亲财黑,shí qīn cái hēi
食日万钱,shí rì wàn qián
食肉寝皮,shí ròu qǐn pí
食少事烦,shí shǎo shì fán
食少事繁,shí shǎo shì fán
食生不化,shí shēng bù huà
食宿相兼,shí sù xiāng jiān
食荼卧棘,shí tú wò jí
食为民天,shí wéi mín tiān
食味方丈,shí wèi fāng zhàng
食言而肥,shí yán ér féi
食鱼遇鲭,shí yú yù qīng
食玉炊桂,shí yù chuī guì
食指大动,shí zhǐ dà dòng
食子徇君,shí zǐ xùn jūn
食租衣税,shí zū yī shuì
史不绝书,shǐ bù jué shū
史无前例,shǐ wú qián lì
矢不虚发,shǐ bù xū fā
矢口抵赖,shǐ kǒu dǐ lài
矢口否认,shǐ kǒu fǒu rèn
矢口狡赖,shǐ kǒu jiǎo lài
矢石之难,shǐ shí zhī nán
矢在弦上,shǐ zài xián shàng
矢志不移,shǐ zhì bù yí
矢志不渝,shǐ zhì bù yú
矢忠不二,shǐ zhōng bù èr
豕窜狼逋,shǐ cuàn láng bū
豕分蛇断,shǐ fēn shé duàn
豕亥鱼鲁,shǐ hài yú lǔ
豕虎传讹,shǐ hǔ chuán é
豕交兽畜,shǐ jiāo shòu chù
豕食丐衣,shǐ shí gài yī
豕突狼奔,shǐ tū láng bēn
使臂使指,shǐ bì shǐ zhǐ
使乖弄巧,shǐ guāi nòng qiǎo
使酒骂坐,shǐ jiǔ mà zuò
使酒骂座,shǐ jiǔ mà zuò
使料所及,shǐ liào suǒ jí
使贪使愚,shǐ tān shǐ yú
使蚊负山,shǐ wén fù shān
使贤任能,shǐ xián rèn néng
使心别气,shǐ xīn bié qì
使心用腹,shǐ xīn yòng fù
使心用幸,shǐ xīn yòng xìng
使心用倖,shǐ xīn yòng xìng
使心作幸,shǐ xīn zuò xìng
使心作倖,shǐ xīn zuò xìng
使性傍气,shǐ xìng bàng qì
使性谤气,shǐ xìng bàng qì
使性掼气,shǐ xìng guàn qì
使羊将狼,shǐ yáng jiàng láng
使愚使过,shǐ yú shǐ guò
使智使勇,shǐ zhì shǐ yǒng
使嘴使舌,shǐ zuǐ shǐ shé
始乱终弃,shǐ luàn zhōng qì
始末原由,shǐ mò yuán yóu
始末缘由,shǐ mò yuán yóu
始终不懈,shǐ zhōng bù xiè
始终不易,shǐ zhōng bù yì
始终不渝,shǐ zhōng bù yú
始终如一,shǐ zhōng rú yī
始终若一,shǐ zhōng ruò yī
始作俑者,shǐ zuò yǒng zhě
屎滚尿流,shǐ gǔn niào liú
屎流屁滚,shǐ liú pì gǔn
屎屁直流,shǐ pì zhí liú
士饱马腾,shì bǎo mǎ téng
士农工商,shì nóng gōng shāng
士死知己,shì sǐ zhī jǐ
世代书香,shì dài shū xiāng
世道人情,shì dào rén qíng
世道人心,shì dào rén xīn
世风日下,shì fēng rì xià
世济其美,shì jì qí měi
世扰俗乱,shì rǎo sú luàn
世俗之见,shì sú zhī jiàn
世态人情,shì tai rén qíng
世态炎凉,shì tài yán liáng
世外桃源,shì wài táo yuán
世异时移,shì yì shí yí
世掌丝纶,shì zhǎng sī lún
市不二价,shì bù èr jià
市道之交,shì dào zhī jiāo
市井无赖,shì jǐng wú lài
市井小人,shì jǐng xiǎo rén
市井之臣,shì jǐng zhī chén
市井之徒,shì jǐng zhī tú
市民文学,shì mín wén xué
市无二价,shì wú èr jià
示贬于褒,shì biǎn yú bāo
事败垂成,shì bài chuí chéng
事半功百,shì bàn gōng bǎi
事半功倍,shì bàn gōng bèi
事倍功半,shì bèi gōng bàn
事必躬亲,shì bì gōng qīn
事不关己,shì bù guān jǐ
事不过三,shì bù guò sān
事不师古,shì bù shī gǔ
事不宜迟,shì bù yí chí
事不有余,shì bù yǒu yú
事出无奈,shì chū wú nài
事出有因,shì chū yǒu yīn
事过景迁,shì guò jǐng qiān
事过境迁,shì guò jìng qiān
事过情迁,shì guò qíng qiān
事核言直,shì hé yán zhí
事缓则圆,shì huǎn zé yuán
事火咒龙,shì huǒ zhòu lóng
事捷功倍,shì jié gōng bèi
事宽即圆,shì kuān jí yuán
事宽则圆,shì kuān zé yuán
事款则圆,shì kuǎn zé yuán
事齐事楚,shì qí shì chǔ
事生肘腋,shì shēng zhǒu yè
事往日迁,shì wǎng rì qiān
事危累卵,shì wēi lèi luǎn
事无常师,shì wú cháng shī
事无大小,shì wú dà xiǎo
事无二成,shì wú èr chéng
事无巨细,shì wú jù xì
事以密成,shì yǐ mì chéng
事与心违,shì yù xīn wéi
事与原违,shì yǔ yuán wéi
事与愿违,shì yǔ yuàn wéi
事预则立,shì yù zé lì
事在必行,shì zài bì xíng
事在人为,shì zài rén wéi
事在萧墙,shì zài xiāo qiáng
侍执巾节,shì zhí jīn jié
势不可当,shì bù kě dāng
势不可挡,shì bù kě dǎng
势不可遏,shì bù kě è
势不两存,shì bù liǎng cún
势不两立,shì bù liǎng lì
势成骑虎,shì chéng qí hǔ
势孤力薄,shì gū lì báo
势合形离,shì hé xíng lí
势均力敌,shì jūn lì dí
势钧力敌,shì jūn lì dí
势倾朝野,shì qīng cháo yě
势倾天下,shì qīng tiān xià
势穷力蹙,shì qióng lì cù
势穷力竭,shì qióng lì jié
势穷力屈,shì qióng lì qū
势如劈竹,shì rú pī zhú
势如破竹,shì rú pò zhú
势如水火,shì rú shuǐ huǒ
势若脱兔,shì ruò tuō tù
势焰熏天,shì yàn xūn tiān
势在必行,shì zài bì xíng
视财如命,shì cái rú mìng
视丹如绿,shì dān rú lǜ
视而不见,shì ér bù jiàn
视民如伤,shì mín rú shāng
视民如子,shì mín rú zǐ
视人如伤,shì rén rú shāng
视人如子,shì rén rú zǐ
视日如年,shì rì rú nián
视如敝屐,shì rú bì jī
视如敝屣,shì rú bì xǐ
视如草芥,shì rú cǎo jiè
视如粪土,shì rú fèn tǔ
视如寇仇,shì rú kòu chóu
视如陌路,shì rú mò lù
视如土芥,shì rú tǔ jiè
视如珍宝,shì rú zhēn bǎo
视若儿戏,shì ruò ér xì
视若路人,shì ruò lù rén
视若无睹,shì ruò wú dǔ
视死如归,shì sǐ rú guī
视死如生,shì sǐ rú shēng
视死如饴,shì sǐ rú yí
视死若归,shì sǐ ruò guī
视死若生,shì sǐ ruò shēng
视死犹归,shì sǐ yóu guī
视同儿戏,shì tóng ér xì
视同拱璧,shì tóng gǒng bì
视同路人,shì tóng lù rén
视同陌路,shì tóng mò lù
视同秦越,shì tóng qín yuè
视同一律,shì tóng yī lǜ
视微知著,shì wēi zhī zhuó
视为儿戏,shì wéi ér xì
视为寇雠,shì wéi kòu chóu
视为畏途,shì wéi wèi tú
视为知己,shì wéi zhī jǐ
视下如伤,shì xià rú shāng
视险如夷,shì xiǎn rú yí
视险若夷,shì xiǎn ruò yí
视远步高,shì yuǎn bù gāo
饰非拒谏,shì fēi jù jiàn
饰非遂过,shì fēi suí guò
饰非文过,shì fēi wén guò
饰非掩过,shì fēi yǎn guò
饰非养过,shì fēi yǎng guò
饰垢掩疵,shì gòu yǎn cī
饰怪装奇,shì guài zhuāng qí
饰情矫行,shì qíng jiǎo xíng
饰智矜愚,shì zhì jīn yú
室迩人遐,shì ěr rén xiá
室迩人遥,shì ěr rén yáo
室迩人远,shì ěr rén yuǎn
室怒市色,shì nù shì sè
室如县罄,shì rú xiàn qìng
室如悬磬,shì rú xuán qìng
室如悬罄,shì rú xuán qìng
室徒四壁,shì tú sì bì
恃才傲物,shì cái ào wù
恃强凌弱,shì qiáng líng ruò
恃勇轻敌,shì yǒng qīng dí
拭面容言,shì miàn róng yán
拭目而待,shì mù ér dài
拭目以待,shì mù yǐ dài
拭目以俟,shì mù yǐ sì
是非得失,shì fēi dé shī
是非颠倒,shì fēi diān dǎo
是非分明,shì fēi fēn míng
是非口舌,shì fēi kǒu shé
是非曲直,shì fēi qǔ zhí
是非之心,shì fēi zhī xīn
是古非今,shì gǔ fēi jīn
是是非非,shì shì fēi fēi
适材适所,shì cái shì suǒ
适当其冲,shì dāng qí chōng
适当其时,shì dāng qí shí
适得其反,shì dé qí fǎn
适逢其会,shì féng qí huì
适逢其时,shì féng qí shí
适居其反,shì jú qí fǎn
适可而止,shì kě ér zhǐ
适情率意,shì qíng shuài yì
适情任欲,shì qíng rèn yù
适如其分,shì rú qí fèn
适时应务,shì shí yīng wù
适俗随时,shì sú suí shí
适心娱目,shì xīn yú mù
适性任情,shì xìng rèn qíng
适性忘虑,shì xìng wàng lǜ
适以相成,shì yǐ xiāng chéng
舐犊情深,shì dú qíng shēn
舐犊之爱,shì dú zhī ài
舐糠及米,shì kāng jí mǐ
舐皮论骨,shì pí lùn gǔ
舐痈吮痔,shì yōng shǔn zhì
逝将去汝,shì jiāng qù rǔ
逝者如斯,shì zhě rú sī
释缚焚榇,shì fù fén chèn
释回增美,shì huí zēng měi
释生取义,shì shēng qǔ yì
释知遗形,shì shì yí xíng
嗜痂之癖,shì jiā zhī pǐ
嗜杀成性,shì shā chéng xìng
誓不两立,shì bù liǎng lì
誓海盟山,shì hǎi méng shān
誓日指天,shì rì zhǐ tiān
誓山盟海,shì shān méng hǎi
誓死不二,shì sǐ bù èr
誓死不贰,shì sǐ bù èr
誓死不屈,shì sǐ bù qū
誓死不渝,shì sǐ bù yú
誓天断发,shì tiān duàn fā
誓天指日,shì tiān zhǐ rì
誓同生死,shì tóng shēng sǐ
誓以皦日,shì yǐ wéi rì
噬脐何及,shì qí hé jí
噬脐莫及,shì qí mò jí
噬脐无及,shì qí wú jí
螫手解腕,shì shǒu jǐe wǎn
收残缀轶,shōu cán zhuì yì
收成弃败,shōu chéng qì bài
收刀检卦,shōu dāo jiǎn guà
收回成命,shōu huí chéng mìng
收离纠散,shōu lí jiū sàn
收离聚散,shōu lí jù sàn
收锣罢鼓,shōu luó bà gǔ
收旗卷伞,shōu qí juàn sǎn
收视反听,shōu shì fǎn tīng
收因结果,shōu yīn jié guǒ
收因种果,shōu yīn zhǒng guǒ
收园结果,shōu yuán jié guǒ
收缘结果,shōu yuán jié guǒ
收之桑榆,shōu zhī sāng yú
手不释卷,shǒu bù shì juàn
手不释书,shǒu bù shì shū
手不停挥,shǒu bù tíng huī
手不应心,shǒu bù yīng xīn
手到病除,shǒu dào bìng chú
手到拿来,shǒu dào ná lái
手到拈来,shǒu dào niān lái
手到擒来,shǒu dào qín lái
手高手低,shǒu gāo shǒu dī
手高眼低,shǒu gāo yǎn dī
手挥目送,shǒu huī mù sòng
手急眼快,shǒu jí yǎn kuài
手疾眼快,shǒu jí yǎn kuài
手脚干净,shǒu jiǎo gàn jìng
手脚无措,shǒu jiǎo wú cuò
手零脚碎,shǒu líng jiǎo suì
手忙脚乱,shǒu máng jiǎo luàn
手胼足胝,shǒu pián zú zhī
手无寸刃,shǒu wú cùn rèn
手无寸铁,shǒu wú cùn tiě
手舞足蹈,shǒu wǔ zú dǎo
手下留情,shǒu xià liú qíng
手眼通天,shǒu yǎn tōng tiān
手泽之遗,shǒu zé zhī yí
手足胼胝,shǒu zú pián zhī
手足失措,shǒu zú shī cuò
手足无措,shǒu zú wú cuò
手足异处,shǒu zú yì chǔ
手足之情,shǒu zú zhī qíng
手足重茧,shǒu zú chóng jiǎn
守道安贫,shǒu dào ān pín
守分安常,shǒu fēn ān cháng
守节不移,shǒu jié bù yí
守经达权,shǒu jīng dá quán
守口如瓶,shǒu kǒu rú píng
守瓶缄口,shǒu píng jiān kǒu
守缺抱残,shǒu quē bào cán
守阙抱残,shǒu què bào cán
守身如玉,shǒu shēn rú yù
守土有责,shǒu tǔ yǒu zé
守望相助,shǒu wàng xiāng zhù
守先待后,shǒu xiān dài hòu
守约施搏,shǒu yuē shī bó
守正不阿,shǒu zhèng bù ē
守正不回,shǒu zhèng bù huí
守正不挠,shǒu zhèng bù náo
守正不桡,shǒu zhèng bù ráo
守株待兔,shǒu zhū dài tù
首当其冲,shǒu dāng qí chōng
首丘之情,shǒu qiū zhī qíng
首屈一指,shǒu qū yī zhǐ
首善之地,shǒu shàn zhī dì
首善之区,shǒu shàn zhī qū
首身分离,shǒu shēn fēn lí
首施两端,shǒu shī liǎng duān
首鼠两端,shǒu shǔ liǎng duān
首尾共济,shǒu wěi gòng jì
首尾两端,shǒu wěi liǎng duān
首尾相继,shǒu wěi xiāng jì
首尾相连,shǒu wěi xiāng lián
首尾相卫,shǒu wěi xiāng wèi
首尾相应,shǒu wěi xiāng yìng
首尾相援,shǒu wěi xiāng yuán
首下尻高,shǒu xià kāo gāo
首足异处,shǒu zú yì chǔ
寿比南山,shòu bǐ nán shān
寿不压职,shòu bù yā zhí
寿陵失步,shòu líng shī bù
寿满天年,shòu mǎn tiān nián
寿元无量,shòu yuán wú liàng
寿终正寝,shòu zhōng zhèng qǐn
受宠若惊,shòu chǒng ruò jīng
受制于人,shòu zhì yù rén
狩岳巡方,shòu yuè xún fāng
兽迒鸟迹,shòu hàn niǎo jì
兽聚鸟散,shòu jù niǎo sàn
兽困则噬,shòu kùn zé shì
兽穷则啮,shòu qióng zé niè
兽穷则齧,shòu qióng zé niè
兽心人面,shòu xīn rén miàn
授柄于人,shòu bǐng yú rén
授人口实,shòu rén kǒu shí
授人以柄,shòu rén yǐ bǐng
授受不亲,shòu shòu bù qīn
授业解惑,shòu yè jiě huò
瘦骨嶙嶙,shòu gǔ lín lín
瘦骨嶙峋,shòu gǔ lí xún
瘦骨伶仃,shòu gǔ líng dīng
瘦骨如柴,shòu gǔ rú chái
瘦骨梭棱,shòu gǔ léng léng
瘦羊博士,shòu yáng bó shì
书不尽言,shū bù jìn yán
书不尽意,shū bù jìn yì
书不释手,shū bù shì shǒu
书读五车,shū dú wǔ chē
书画卯酉,shū huà mǎo yǒu
书空咄咄,shū kōng duō duō
书囊无底,shū náng wú dǐ
书缺有间,shū quē yǒu jiàn
书生之见,shū shēng zhī jiàn
书声琅琅,shū shēng lǎng lǎng
书声朗朗,shū shēng lǎng lǎng
书通二酉,shū tōng èr yǒu
书香门第,shū xiāng mén dì
书香门户,shū xiāng mén hù
书香人家,shū xiāng rén jiā
书香世家,shū xiāng shì jiā
叔度陂湖,shū dù bēi hú
倏忽之间,shū hū zhī jiān
殊方绝域,shū fāng jué yù
殊方同致,shū fāng tóng zhì
殊方异域,shū fāng yì yù
殊路同归,shū lù tóng guī
殊深轸念,shū shēn zhěn niàn
殊涂同归,shū tú tóng guī
殊涂同会,shū tú tóng huì
殊涂同致,shū tú tóng zhì
殊途同归,shū tú tóng guī
殊形诡状,shū xíng guǐ zhuàng
殊形妙状,shū xíng miào zhuàng
殊勋异绩,shū xūn yì jì
殊言别语,shū yán bié yǔ
殊致同归,shū zhì tóng guī
梳文栉字,shū wén zhì zì
梳云掠月,shū yún lüě yuè
梳妆打扮,shū zhuāng dǎ bàn
淑人君子,shū rén jūn zǐ
淑质英才,shū zhì yīng cái
菽水承欢,shū shuǐ chéng huān
疏不间亲,shū bù jiàn qīn
疏财仗义,shū cái zhàng yì
疏财重义,shū cái zhòng yì
疏而不漏,shū ér bù lòu
舒眉展眼,shū méi zhǎn yǎn
舒头探脑,shū tóu tàn nǎo
摅肝沥胆,shū gān lì dǎn
输财助边,shū cái zhù biān
输肝沥胆,shū gān lì dǎn
输肝剖胆,shū gān pōu dǎn
输肝写胆,shū gān xiě dǎn
输心服意,shū xīn fú yì
熟读深思,shú dú shēn sī
熟路轻车,shú lù qīng chē
熟路轻辙,shú lù qīng zhé
熟门熟路,shú mén shú lù
熟能生巧,shú néng shēng qiǎo
熟视无睹,shú shì wú dǔ
熟思审处,shú sī shěn chǔ
熟魏生张,shú wèi shēng zhāng
暑来寒往,shǔ lái hán wǎng
暑往寒来,shǔ wǎng hán lái
暑雨祁寒,shǔ yǔ qí hán
黍离麦秀,shǔ lí mài xiù
黍秀宫庭,shǔ xiù gōng tíng
黍油麦秀,shǔ yóu mài xiù
鼠臂虮肝,shǔ bì jǐ gān
鼠窜蜂逝,shǔ cuàn fēng shì
鼠窜狗盗,shǔ cuàn gǒu dào
鼠窜狼奔,shǔ cuàn láng bēn
鼠盗狗窃,shǔ dào gǒu qiè
鼠肚鸡肠,shǔ dù jī cháng
鼠腹鸡肠,shǔ fù jī cháng
鼠腹蜗肠,shǔ fù wō cháng
鼠肝虫臂,shǔ gān chóng bì
鼠目寸光,shǔ mù cùn guāng
鼠目獐头,shǔ mù zhāng tóu
鼠目麞头,shǔ mù zhāng tóu
鼠啮虫穿,shǔ niè chóng chuān
鼠啮蠹蚀,shǔ niè dù shí
鼠齧虫穿,shǔ niè chóng chuān
鼠齧蠹蚀,shǔ niè dù shí
鼠凭社贵,shǔ píng shè guì
鼠窃狗盗,shǔ qiè gǒu dào
鼠窃狗偷,shǔ qiè gǒu tōu
鼠雀之辈,shǔ què zhī bèi
鼠雀之牙,shǔ què zhī yá
鼠入牛角,shǔ rù niú jiǎo
鼠屎汙羹,shǔ shǐ wū gēng
鼠屎污羹,shǔ shǐ wū gēng
鼠首偾事,shǔ shǒu fèn shì
鼠偷狗盗,shǔ tōu gǒu dào
鼠心狼肺,shǔ xīn láng fèi
鼠穴寻羊,shǔ xué xún yáng
鼠牙雀角,shǔ yá què jiǎo
蜀锦吴绫,shǔ jǐn wú líng
蜀犬吠日,shǔ quǎn fèi rì
曙后星孤,shǔ hòu xīng gū
束贝含犀,shù bèi hán xī
束兵秣马,shù bīng mò mǎ
束椽为柱,shù chuán wéi zhù
束带结发,shù dài jié fā
束发封帛,shù fā fēng bó
束戈卷甲,shù gē juàn jiǎ
束广就狭,shù guǎng jiù xiá
束肩敛息,shù jiān liǎn xī
束教管闻,shù jiào guǎn wén
束马县车,shù mǎ xiàn chē
束马悬车,shù mǎ xuán chē
束蒲为脯,shù pú wéi pú
束上起下,shù shàng qǐ xià
束身就缚,shù shēn jiù fù
束身受命,shù shēn shòu mìng
束身自爱,shù shēn zì ài
束身自好,shù shēn zì hào
束身自修,shù shēn zì xiū
束手待毙,shù shǒu dài bì
束手待死,shù shǒu dài sǐ
束手缚脚,shù shǒu fù jiǎo
束手就毙,shù shǒu jiù bì
束手就缚,shù shǒu jiù fù
束手就困,shù shǒu jiù kùn
束手就禽,shù shǒu jiù qín
束手就擒,shù shǒu jiù qín
束手就殪,shù shǒu jiù yì
束手旁观,shù shǒu páng guān
束手束脚,shù shǒu shù jiǎo
束手束足,shù shǒu shù zú
束手听命,shù shǒu tīng mìng
束手无策,shù shǒu wú cè
束手无措,shù shǒu wú cuò
束手无计,shù shǒu wú jì
束手无术,shù shǒu wú shù
束手自毙,shù shǒu zì bì
束手坐视,shù shǒu zuò shì
束修自好,shù xiū zì hǎo
束缊还妇,shù yūn huán fù
束缊举火,shù yūn jǔ huǒ
束缊请火,shù yùn qǐng huǒ
束蕴乞火,shù yùn qǐ huǒ
束蕴请火,shù yùn qǐng huǒ
束在高阁,shù zài gāo gé
束杖理民,shù zhàng lǐ mín
束之高阁,shù zhī gāo gé
束之高屋,shù zhī gāo wū
束置高阁,shù zhì gāo gé
束装盗金,shù zhuāng dào jīn
束装就道,shù zhuāng jiù dào
述而不作,shù ér bù zuò
树碑立传,shù bēi lì zhuàn
树大根深,shù dà gēn shēn
树大招风,shù dà zhāo fēng
树倒根摧,shù dǎo gēn cuī
树德务滋,shù dé wù zī
树高招风,shù gāo zhāo fēng
树上开花,shù shàng kāi huā
树俗立化,shù sú lì huà
树同拔异,shù tóng bá yì
树元立嫡,shù yuán lì dí
竖起脊梁,shù qǐ jí liáng
竖子成名,shù zǐ chéng míng
数白论黄,shǔ bái lùn huáng
数不胜数,shǔ bù shèng shǔ
数典忘祖,shǔ diǎn wàng zǔ
数短论长,shǔ duǎn lùn cháng
数黑论白,shù hēi lùn bái
数黑论黄,shǔ hēi lùn huáng
数黄道白,shù huáng dào bái
数黄道黑,shu huang dao hei
数见不鲜,shuò jiàn bù xiān
数米而炊,shǔ mǐ ér chuī
数米量柴,shǔ mǐ ér chái
数往知来,shǔ wǎng zhī lái
数一数二,shǔ yī shǔ èr
鉥肝刿肾,diāo gān guì shèn
鉥心刿目,tóng xīn guì mù
鉥心刿肾,huì xīn guì shèn
漱流枕石,shù liú zhěn shí
漱石枕流,shù shí zhěn liú
耍嘴皮子,shuǎ zuǐ pí zi
衰当益壮,shuāi dāng yì zhuàng
闩门闭户,shuān mén bì hù
双凫一雁,shuāng fú yī yàn
双柑斗酒,shuài gān dǒu jiǔ
双管齐下,shuāng guǎn qí xià
双桂联芳,shuāng guì lián fāng
双栖双宿,shuāng qī shuāng sù
双宿双飞,shuāng sù shuāng fēi
双瞳剪水,shuāng tóng jiǎn shuǐ
双喜临门,shuāng xǐ lín mén
双足重茧,shuāng zú chóng jiǎn
霜凋夏绿,shuāng diāo xià lǜ
霜露之悲,shuāng lù zhī bēi
霜露之病,shuāng lù zhī bìng
霜露之辰,shuāng lù zhī chén
霜露之感,shuāng lù zhī gǎn
霜露之思,shuāng lù zhī sī
霜气横秋,shuāng qì héng qiū
霜行草宿,shuāng xíng cǎo xiǔ
孀妻弱子,shuāng qī ruò zǐ
爽然若失,shuǎng rán ruò shī
爽然自失,shuǎng rán zì shī
爽心豁目,shuǎng xīn huō mù
爽心悦目,shuǎng xīn yuè mù
谁是谁非,shuí shì shuí fēi
水碧山青,shuǐ bì shān qīng
水菜不交,shuǐ cài bù jiāo
水长船高,shuǐ zhǎng chuán gāo
水到渠成,shuǐ dào qú chéng
水到鱼行,shuǐ dào yú xíng
水滴石穿,shuǐ dī shí chuān
水底捞月,shuǐ dǐ lāo yuè
水底捞针,shuǐ dǐ lāo zhēn
水底摸月,shuǐ dǐ mō yuè
水底纳瓜,shuǐ dǐ nà guā
水调歌头,shuǐ diào gē tóu
水光山色,shuǐ guāng shān sè
水过鸭背,shuǐ guò yā bèi
水火兵虫,shuǐ huǒ bīng chóng
水火不避,shuǐ huǒ bù bì
水火不辞,shuǐ huǒ bù cí
水火无交,shuǐ huǒ wú jiāo
水火无情,shuǐ huǒ wú qíng
水火之中,shuǐ huǒ zhī zhōng
水洁冰清,shuǐ jié bīng qīng
水尽鹅飞,shuǐ jìn é fēi
水尽山穷,shuǐ jìn shān qióng
水晶灯笼,shuǐ jīng dēng lóng
水净鹅飞,shuǐ jìng é fēi
水枯石烂,shuǐ kū shí làn
水阔山高,shuǐ kuò shān gāo
水来土掩,shuǐ lái tǔ yǎn
水里纳瓜,shuǐ lǐ nà guā
水流花落,shuǐ liú huā luò
水流花谢,shuǐ liú huā xiè
水流云散,shuǐ liú yún sàn
水陆毕陈,shuǐ lù bì chén
水陆杂陈,shuǐ lù zái chén
水落归漕,shuǐ luò guī cáo
水落归槽,shuǐ luò guī cáo
水落石出,shuǐ luò shí chū
水满金山,shuǐ mǎn jīn shān
水漫金山,shuǐ màn jīn shān
水米无干,shuǐ mǐ wú gàn
水米无交,shuǐ mǐ wú jiāo
水明山秀,shuǐ míng shān xiù
水磨工夫,shuǐ mó gōng fū
水母目虾,shuǐ mǔ mù xiā
水木清华,shuǐ mù qīng huá
水佩风裳,shuǐ pèi fēng shang
水清无鱼,shuǐ qīng wú yú
水穷山尽,shuǐ qióng shān jìn
水乳交融,shuǐ rǔ jiāo róng
水软山温,shuǐ ruǎn shān wēn
水色山光,shuǐ sè shān guāng
水深火热,shuǐ shēn huǒ rè
水剩山残,shuǐ shèng shān cán
水石清华,shuǐ shí qīng huá
水宿风餐,shuǐ xiǔ fēng cān
水宿山行,shuǐ xiǔ shān xíng
水天一色,shuǐ tiān yī sè
水土不服,shuǐ tǔ bù fú
水楔不通,shuǐ xiē bù tōng
水泄不漏,shuǐ xiè bù lòu
水泄不通,shuǐ xiè bù tōng
水泄不透,shuǐ xiè bù tòu
水洩不通,shuǐ xiè bù tōng
水性杨花,shuǐ xìng yáng huā
水秀山明,shuǐ xiù shān míng
水远山长,shuǐ yuǎn shān cháng
水远山遥,shuǐ yuǎn shān yáo
水月观音,shuǐ yuè guān yīn
水月镜花,shuǐ yuè jìng huā
水涨船高,shuǐ zhǎng chuán gāo
水中捞月,shuǐ zhōng lāo yuè
水中著盐,shuǐ zhōng zhuó yán
水中捉月,shui zhong zhuo yue
睡卧不宁,shuì wò bù níng
睡眼惺忪,shuì yǎn xīng sōng
吮疽舐痔,shǔn jū shì zhì
吮痈舐痔,shǔn yōng shì zhì
顺非而泽,shùn fēi ér zé
顺风扯帆,shùn fēng chě fān
顺风吹火,shǔn fēng chuī huǒ
顺风而呼,shǔn fēng ér hū
顺风使船,shǔn fēng shǐ chuán
顺风使舵,shùn fēng shǐ duò
顺风使帆,shùn fēng shǐ fān
顺风驶船,shǔn fēng shǐ chuán
顺风行船,shùn fēng xíng chuán
顺风张帆,shùn fēng zhāng fān
顺风转舵,shǔn fēng zhuǎn duò
顺过饰非,shùn guò shì fēi
顺口开河,shùn kǒu kāi hé
顺理成章,shùn lǐ chéng zhāng
顺蔓摸瓜,shùn màn mō guā
顺美匡恶,shùn měi kuāng è
顺人应天,shùn rén yìng tiān
顺时而动,shùn shí ér dòng
顺时随俗,shùn shí suí sú
顺手牵羊,shùn shǒu qiān yáng
顺水放船,shùn shuǐ fàng chuán
顺水人情,shùn shuǐ rén qíng
顺水顺风,shùn shuǐ shùn fēng
顺水推船,shùn shuǐ tuī chuán
顺水推舟,shùn shuǐ tuī zhōu
顺水行舟,shùn shuǐ xíng zhōu
顺藤摸瓜,shùn téng mō guā
顺天从人,shùn tiān cóng rén
顺天应人,shùn tiān yìng rén
顺天应时,shùn tiān yīng shí
舜日尧年,shùn rì yáo nián
舜日尧天,shùn rì yáo tiān
瞬息万变,shùn xī wàn biàn
瞬息之间,shùn xī zhī jiān
说白道黑,shuō bái dào hēi
说白道绿,shuō bái dào lǜ
说长道短,shuō cháng dào duǎn
说长话短,shuō cháng huà duǎn
说长论短,shuō cháng lùn duǎn
说长说短,shuō cháng shuō duǎn
说地谈天,shuō dì tán tiān
说东道西,shuō dōng dào xī
说东谈西,shuō dōng tán xī
说短道长,shuō duǎn dào cháng
说短论长,shuō duǎn lùn cháng
说古道今,shuō gǔ dào jīn
说古谈今,shuō gǔ tán jīn
说好说歹,shuō hǎo shuō dǎi
说好嫌歹,shuō hǎo xián dǎi
说黑道白,shuō hēi dào bái
说黄道黑,shuō huáng dào hēi
说今道古,shuō jīn dào gǔ
说来话长,shuō lái huà cháng
说来说去,shuō lái shuō qù
说梅止渴,shuō méi zhǐ kě
说千道万,shuō qiān dào wàn
说千说万,shuō qiān shuō wàn
说亲道热,shuō qīn dào rè
说三道四,shuō sān dào sì
说是道非,shuō shì dào fēi
说是弄非,shuō shì nòng fēi
说是谈非,shuō shì tán fēi
说一不二,shuō yī bù èr
说嘴郎中,shuō zuǐ láng zhōng
烁石流金,shuò shí liú jīn
烁玉流金,shuò yù liú jīn
铄古切今,shuò gǔ qiē jīn
铄金点玉,shuò jīn diǎn yù
铄金毁骨,shuò jīn huǐ gǔ
铄石流金,shuò shí liú jīn
铄懿渊积,shuò yì yuān jī
硕大无比,shuò dà wú bǐ
硕大无朋,shuò dà wú péng
硕果仅存,shuò guǒ jǐn cún
硕望宿德,shuò wàng xiǔ dé
硕学通儒,shuò xué tōng rú
搠笔巡街,shuò bǐ xún jiē
槊血满袖,shuò xuè mǎn xiù
丝恩发怨,sī ēn fà yuàn
丝发之功,sī fā zhī gōng
丝来线去,sī lái xiàn qù
丝丝入扣,sī sī rù kòu
丝竹管弦,sī zhú guǎn xián
司空见惯,sī kōng jiàn guàn
司马称好,sī mǎ chēng hǎo
司马青衫,sī mǎ qīng shān
司农仰屋,sī nóng yǎng wū
私淑弟子,sī shū dì zǐ
私相授受,sī xiāng shòu shòu
私心杂念,sī xīn zá niàn
思不出位,sī bù chū wèi
思潮起伏,sī cháo qǐ fú
思断义绝,ēn duàn yì jué
思妇病母,sī fù bìng mǔ
思归其雌,sī guī qí cí
思患预防,sī huàn yù fáng
思前想后,sī qián xiǎng hòu
思如涌泉,sī rú yǒng quán
思深忧远,sī shēn yōu yuǎn
思所逐之,si shuo zhu zi
思贤如渴,sī xián rú kě
思绪万千,sī xù wàn qiān
斯事体大,ī shì tǐ dà
斯斯文文,sī sī wén wén
斯文扫地,sī wén sǎo dì
死败涂地,sǐ bài tú dì
死标白缠,sǐ biāo bái chán
死别生离,sǐ bié shēng lí
死不改悔,sǐ bù gǎi huǐ
死不悔改,sǐ bù huǐ gǎi
死不瞑目,sǐ bù míng mù
死不旋踵,sǐ bù xuán zhǒng
死不足惜,sǐ bù zú xī
死得其所,sǐ dé qí suǒ
死而不朽,sǐ ér bù xiǔ
死而复生,sǐ ér fù shēng
死而后已,sǐ ér hòu yǐ
死而无悔,sǐ ér wú huǐ
死而无怨,sǐ ér wú yuàn
死告活央,sǐ gào huó yāng
死骨更肉,sǐ gǔ gèng ròu
死灰复然,sǐ huī fù rán
死灰复燃,sǐ huī fù rán
死灰槁木,sǐ huī kū mù
死里求生,sǐ lǐ qiú shēng
死里逃生,sǐ lǐ táo shēng
死眉瞪眼,sǐ méi dèng yǎn
死模活样,sǐ mó huó yàng
死皮赖脸,sǐ pí lài liǎn
死乞白赖,sǐ qǐ bái lài
死乞百赖,sǐ qǐ bǎi lài
死气沉沉,sǐ qì chén chén
死且不朽,sǐ qiě bù xiǔ
死求白赖,sǐ qiú bái lài
死求百赖,sǐ qiú bǎi lài
死去活来,sǐ qù huó lái
死生存亡,sǐ shēng cún wáng
死生荣辱,sǐ shēng róng rǔ
死声唃气,sǐ shēng huó qì
死声活气,sǐ shēng huó qì
死声淘气,sǐ shēng táo qì
死亡无日,sǐ wáng wú rì
死亡枕藉,sǐ wáng zhěn jiè
死无对证,sǐ wú duì zhèng
死心搭地,sǐ xīn dā dì
死心落地,sǐ xīn luò dì
死心塌地,sǐ xīn tā dì
死心踏地,sǐ xīn tà dì
死样活气,sǐ yàng huó qì
死有余辜,sǐ yǒu yú gū
死有余僯,sǐ yǒu yú lù
死有余责,sǐ yǒu yú zé
死有余诛,sǐ yǒu yú zhū
死有余罪,sǐ yǒu yú zuì
死于非命,sǐ yú fēi mìng
死欲速朽,sǐ yù sù xiǔ
死中求活,sǐ zhōng qiú huó
死重泰山,sǐ zhòng tài shān
四百四病,sì bǎi sì bìng
四不拗六,sì bù niù liù
四冲八达,sì chōng bā dá
四冲六达,sì chōng liù dá
四大皆空,sì dà jiē kōng
四方八面,sì fāng bā miàn
四方辐辏,sì fāng fú còu
四方之志,sì fāng zhī zhì
四分五裂,sì fēn wǔ liè
四分五落,sì fēn wǔ luò
四分五剖,sì fēn wǔ pōu
四纷五落,sì fēn wǔ luò
四海昻平,sì hǎi shēng píng
四海波静,sì hǎi bō jìng
四海承风,sì hǎi chéng fēng
四海鼎沸,sì hǎi dǐng fèi
四海九州,sì hǎi jiǔ zhōu
四海飘零,sì hǎi piāo líng
四海升平,sì hǎi shēng píng
四海他人,sì hǎi tā rén
四海为家,sì hǎi wéi jiā
四海一家,sì hǎi yī jiā
四荒八极,sì huāng bā jí
四郊多垒,sì jiāo duō lěi
四角俱全,sì jiǎo jù quán
四脚朝天,sì jiǎo cháo tiān
四马攒蹄,sì mǎ cuán tí
四面八方,sì miàn bā fāng
四面出击,sì miàn chū jī
四面楚歌,sì miàn chǔ gē
四面受敌,sì miàn shòu dí
四平八稳,sì píng bā wěn
四清六活,sì qīng liù huó
四衢八街,sì qú bā jiē
四山五岳,sì shān wǔ yuè
四时八节,sì shí bā jié
四时之气,sì shí zhī qì
四书五经,sì shū wǔ jīng
四体百骸,sì tǐ bǎi hái
四体不勤,sì tǐ bù qín
四亭八当,sì tíng bā dàng
四停八当,sì tíng bā dāng
四通八达,sì tōng bā dá
四通五达,sì tōng wǔ dá
四姻九戚,sì yīn jiǔ qī
四战之地,sì zhàn zhī dì
四战之国,sì zhàn zhī guó
四肢百骸,sì zhī bǎi hái
四肢百体,sì zhī bǎi tǐ
四至八道,sì zhì bā dào
伺瑕导蠙,sì xiá dǎo pín
伺瑕导隙,sì xiá dǎo xì
伺瑕抵蠙,sì xiá dǐ pín
伺瑕抵隙,sì xiá dǐ xì
似懂非懂,sì dǒng fēi dǒng
似箭在弦,sì jiàn zài xián
似漆如胶,sì qī rú jiāo
似是而非,sì shì ér fēi
似水流年,sì shuǐ liú nián
似水如鱼,sì shuǐ rú yú
似笑非笑,sì xiào fēi xiào
似有如无,sì yǒu rú wú
似曾相识,sì céng xiāng shí
似醉如痴,sì zuì rú chī
驷不及舌,sì bù jí shé
驷马不追,sì mǎ bù zhuī
驷马高车,sì mǎ gāo chē
驷马高盖,sì mǎ gāo gài
驷马高门,sì mǎ gāo mén
驷马莫追,sì mǎ mò zhuī
驷马难追,sì mǎ nán zhuī
驷马轩车,sì mǎ xuān chē
驷马仰秣,sì mǎ yǎng mò
驷之过蠙,sì zhī guò pín
驷之过隙,sì zhī guò xì
俟河之清,sì hé zhī qīng
肆虐横行,sì nüè héng xíng
肆无忌惮,sì wú jì dàn
肆行无忌,sì xíng wú jì
肆言詈辱,sì yán lì rǔ
肆意横行,sì yì héng xíng
肆意妄为,sì yì wàng wéi
松柏寒盟,sōng bǎi hán méng
松柏后凋,sōng bǎi hòu diāo
松柏之茂,sōng bǎi zhī mào
松柏之寿,sōng bǎi zhī shòu
松柏之志,sōng bǎi zhī zhì
松筠之节,sōng jūn zhī jié
松萝共倚,sōng luó gòng yǐ
松茂竹苞,sōng mào zhú bāo
松乔之寿,sōng qiáo zhī shòu
松形鹤骨,sōng xíng hè gǔ
松枝挂剑,sōng zhī guà jiàn
崧生岳降,sōng shēng yuè jiàng
嵩生岳降,sōng shēng yuè jiàng
耸膊成山,sǒng bó chéng shān
耸壑昂霄,sǒng hè áng xiāo
耸壑凌霄,sǒng hè líng xiāo
耸肩曲背,sǒng jiān qū bèi
耸肩缩背,sǒng jiān suō bèi
耸人听闻,sǒng rén tīng wén
耸入云霄,sǒng rù yún xiāo
宋才潘面,sòng cái pān mìan
宋画吴冶,sòng huà wú yě
宋斤鲁削,sòng jīn lǔ xuē
宋玉东墙,sòng yù dōng qiáng
送抱推襟,sòng bào tuī jīn
送故迎新,sòng gù yíng xīn
送旧迎新,sòng jiù yíng xīn
送暖偷寒,sòng nuǎn tōu hán
送暖偎寒,sòng nuǎn wēi hán
送去迎来,sòng qù yíng lái
送往劳来,sòng wǎng láo lái
送往事居,sòng wǎng shì jū
送往视居,sòng wǎng shì jū
送往迎来,sòng wǎng yíng lái
送眼流眉,sòng yǎn liú méi
颂德歌功,sòng dé gē gōng
颂古非今,sòng gǔ fēi jīn
颂声载道,sòng shēng zǎi dào
搜肠刮肚,sōu cháng guā dù
搜肠润吻,sōu cháng rùn wěn
搜根剔齿,sōu gēn tī chǐ
搜奇抉怪,sōu qí jué guài
搜索枯肠,sōu suǒ kū cháng
搜索肾胃,sōu suǒ shèn wèi
搜岩采干,sōu yán cǎi gàn
搜扬侧陋,sōu yáng cè lòu
搜章摘句,sōu zhāng zhāi jù
薮中荆曲,sǒu zhōng jí qǔ
俗不可耐,sú bù kě nài
俗不可医,sú bù kě yī
俗下文字,sú xià wén zì
俗谚口碑,sú yàn kǒu bēi
夙世冤家,sù shì yuān jiā
夙世冤业,sù shì yuān yè
夙兴昧旦,sù xīng mèi dàn
夙兴夜处,sù xīng yè chǔ
夙兴夜寐,sù xīng yè mèi
夙夜不解,sù yè bù jiě
夙夜匪解,sù yè fěi jiě
夙夜匪懈,sù yè fěi xiè
夙夜在公,sù yè zài gōng
肃然起敬,sù rán qǐ jìng
肃然生敬,sù rán shēng jìng
素不相能,sù bù xiāng néng
素不相识,sù bù xiāng shí
素餐尸位,sù cān shī wèi
素车白马,sù chē bái mǎ
素口骂人,sù kǒu mà rén
素昧平生,sù mèi píng shēng
素昧生平,sù mèi shēng píng
素丝羔羊,sù sī gāo yáng
素丝良马,sù sī liáng mǎ
素未谋面,sù wèi móu miàn
素隐行怪,sù yǐn xíng guài
速战速决,sù zhàn sù jué
宿弊一清,sù bì yī qīng
宿水飡风,xiǔ shuǐ cān fēng
宿水餐风,xiǔ shuǐ cān fēng
宿学旧儒,sù xué jiù rú
宿雨餐风,xiǔ yǔ cān fēng
粟陈贯朽,sù chén guàn xiǔ
粟红贯朽,sù hóng guàn xiǔ
溯端竟委,sù duān jìng wěi
溯流徂源,sù liú cú yuán
溯流穷源,sù liú qióng yuán
溯流求源,sù liú qiú yuán
溯流追源,sù liú zhuī yuán
溯水行舟,sù shuǐ xíng zhōu
溯源穷流,sù yuán qióng liú
遬听远闻,tì tīng yuǎn wén
酸甜苦辣,suān tián kǔ là
酸文假醋,suān wén jiǎ cù
酸咸苦辣,suān xián kǔ là
算无遗策,suàn wú yí cè
虽覆能复,suī fù néng fù
虽死犹生,suī sǐ yóu shēng
隋侯之珠,suí hóu zhī zhū
隋珠弹雀,suí zhū tán què
隋珠和璧,suí zhū hé bì
隋珠和玉,suí zhū hé yù
隋珠荆璧,suí zhū jīng bì
随波逐尘,suí bō zhú chén
随波逐浪,suí bō zhú làng
随波逐流,suí bō zhú liú
随才器使,suí cái qì shǐ
随车甘雨,suí chē gān yǔ
随车夏雨,suí chē xià yǔ
随车致雨,suí chē zhì yǔ
随地随时,suí dì suí shí
随方就圆,suí fāng jiù yuán
随方逐圆,suí fāng zhú yuán
随风倒舵,suí fēng dǎo duò
随风而靡,suí fēng ér mǐ
随风逐浪,suí fēng zhú làng
随风转舵,suí fēng zhuǎn duò
随高就低,suí gāo jiù dī
随高逐低,suí gāo zhú dī
随机应变,suí jī yìng biàn
随近逐便,suí jìn zhú biàn
随人俯仰,suí rén fǔ yǎng
随人作计,suí rén zuò jì
随声吠影,suí shēng fèi yǐng
随声附和,suí shēng fù hè
随声趋和,suí shēng qū hé
随声是非,suí shēng shì fēi
随时施宜,suí shí shī yí
随时随地,suí shí suí dì
随时制宜,suí shí zhì yí
随世沉浮,suí shì chén fú
随事制宜,suí shì zhì yí
随俗沉浮,suí sú chén fú
随俗浮沉,suí sú fú chén
随物赋形,suí wù fù xíng
随物应机,suí wù yīng jī
随乡入俗,suí xiāng rù sú
随乡入乡,suí xiāng rù xiāng
随心所欲,suí xīn suǒ yù
随行就市,suí háng jiù shì
随行逐队,suí xíng zhú duì
随寓而安,suí yù ér ān
随寓随安,suí yù suí ān
随遇而安,suí yù ér ān
随圆就方,suí yuán jiù fāng
随缘乐助,suí yuán lè zhù
随踵而至,suí zhǒng ér zhì
随珠弹雀,suí zhū tán què
随珠和璧,suí zhū hé bì
随珠荆玉,suí zhū jīng yù
岁比不登,suì bǐ bù dēng
岁不我与,suì bù wǒ yǔ
岁丰年稔,suì fēng nián rěn
岁寒三友,suì hán sā yǒu
岁寒松柏,suì hán sōng bǎi
岁暮天寒,suì mù tiān hán
岁稔年丰,suì rěn nián fēng
岁时伏腊,suì shí fú là
岁序更新,suì xù gēng xīn
岁聿其莫,suì yù qí mù
岁聿云暮,suì yù yún mù
岁月不居,suì yuè bù jú
岁月蹉跎,suì yuè cuō tuó
岁月如流,suì yuè rú liú
岁月峥嵘,suì yuè zhēng róng
岁在龙蚮,suì zài lóng shé
岁在龙蛇,suì zài lóng shé
谇帚德锄,suì zhǒu dé chú
遂非文过,suí fēi wén guò
遂迷不竝,suí méi bù wù
遂迷不寤,suí mí bù wù
遂迷忘反,suí mí wàng fǎn
遂心快意,suí xīn kuài yì
遂心满意,suì xīn mǎn yì
遂心如意,suì xīn rú yì
遂心应手,suì xīn yīng shǒu
碎骨粉身,suì gǔ fěn shēn
碎骨粉尸,suì gǔ fěn shī
碎琼乱玉,suì qióng luàn yù
碎身粉骨,suì shēn fěn gǔ
碎身糜躯,suì shēn mí qū
碎尸万段,suì shī wàn duàn
碎首糜躯,suì shǒu mí qū
碎首縻躯,suì shǒu mí qū
碎瓦颓垣,suì wǎ tuí yuán
碎心裂胆,suì xīn liè dǎn
碎玉零玑,suì yù líng jī
孙康映雪,sūn kāng yìng xuě
孙庞斗智,sūn páng dòu zhì
损本逐末,sǔn běn zhú mò
损兵折将,sǔn bīng zhé jiàng
损公肥私,sǔn gōng féi sī
损己利人,sǔn jǐ lì rén
损军折将,sǔn jūn zhé jiàng
损人肥己,sǔn rén féi jǐ
损人害己,sǔn rén hài jǐ
损人利己,sǔn rén lì jǐ
损人益己,sǔn rén yì jǐ
损上益下,sǔn shàng yì xià
损之又损,sǔn zhī yòu sǔn
梭天摸地,suō tiān mō dì
缩地补天,suō dì bǔ tiān
缩手缩脚,suō shǒu suō jiǎo
缩头缩颈,suō tóu suō jǐng
缩头缩脑,suō tóu suō nǎo
缩衣节口,suō yī jié kǒu
缩衣节食,suō yī jié shí
缩衣啬食,suō yī sè shí
所当无敌,suǒ dāng wú dí
所费不赀,suǒ fèi bù zī
所见略同,suǒ jiàn lüè tóng
所见所闻,suǒ jiàn suǒ wén
所剩无几,suǒ shèng wú jǐ
所向皆靡,suǒ xiàng jiē mí
所向克捷,suǒ xiàng kè jié
所向披靡,suǒ xiàng pī mǐ
所向无敌,suǒ xiàng wú dí
所向无前,suǒ xiàng wú qián
所在皆是,suǒ zài jiē shì
所作所为,suǒ zuò suǒ wéi
索垢吹瘢,suǒ gòu chuī bān
索垢寻疵,suǒ gòu xún cī
索然寡味,suǒ rán guǎ wèi
索然无味,suǒ rán wú wèi
索隐行怪,suǒ yǐn xíng guài
琐尾流离,suǒ wěi liú lí
他山攻错,tā shān gōng cuò
他山之石,tā shān zhī shí
他乡故知,tā xiāng gù zhī
他乡异县,tā xiāng yì xiàn
遝冈复岭,tà gāng fù lǐng
踏故习常,tà gù xí cháng
踏破铁鞋,tà pò tiě xié
骀背鹤发,dài bèi hè fā
台阁生风,tái gé shēng fēng
抬脚动手,tái jiǎo dòng shǒu
太阿倒持,tài ē dào chí
太仓稊米,tài cāng tí mǐ
太仓一粟,tài cāng yī sù
太平盛世,tài píng shèng shì
太平无事,tài píng wú shì
太平无象,tài píng wú xiàng
太丘道广,tài qiū dào guǎng
太山北斗,tài shān běi dòu
太上忘情,tài shàng wàng qíng
汰劣留良,tài liè liú liáng
泰极而否,tài jí ér pǐ
泰来否极,tai lái fǒu jí
泰来否往,tài lái pǐ wǎng
泰然处之,tài rán chǔ zhī
泰然自若,tài rán zì ruò
泰山北斗,tài shān běi dǒu
泰山鸿毛,tài shān hóng máo
泰山梁木,tài shān liáng mù
泰山盘石,tai shān pán shí
泰山磐石,tài shān pán shí
泰山其颓,tài shān qí tuí
泰山压顶,tài shān yā dǐng
泰山压卵,tài shān yā luǎn
贪财好色,tān cái hào sè
贪吃懒做,tān chī lǎn zuò
贪得无厌,tān dé wú yàn
贪多务得,tān duō wù dé
贪而无信,tān ér wú xìn
贪夫徇财,tān fū xùn cái
贪夫殉利,tān fū xùn lì
贪夫猣财,tān fū huái cái
贪夫猣利,tān fū yě lì
贪功起衅,tān gōng qǐ xìn
贪官污吏,tān guān wū lì
贪贿无艺,tān huì wú yì
贪婪无厌,tān lán wú yàn
贪利忘义,tān lì wàng yì
贪惏无餍,tān lín wú yàn
贪名逐利,tān míng zhú lì
贪墨成风,tān mò chéng fēng
贪求无厌,tān qiú wú yàn
贪求无已,tān qiú wú yǐ
贪蛇忘尾,tān shé wàng wěi
贪生恶死,tān shēng è sǐ
贪生怕死,tān shēng pà sǐ
贪生畏死,tān shēng wèi sǐ
贪声逐色,tān shēng zhú sè
贪天之功,tān tiān zhī gōng
贪猥无厌,tān wěi wú yàn
贪位慕禄,tān wèi mù lù
贪污腐化,tān wū fǔ huà
贪污狼藉,tān wū láng jí
贪小失大,tān xiǎo shī dà
贪心不足,tān xīn bù zú
贪欲无厌,tān yù wú yàn
贪欲无艺,tān yù wú yì
贪赃坏法,tān zāng huài fǎ
贪赃枉法,tān zāng wǎng fǎ
贪脏枉法,tān zāng wǎng fǎ
昙花一现,tán huā yī xiàn
谈不容口,tán bù róng kǒu
谈霏玉屑,tán fēi yù xiè
谈古论今,tán gǔ lùn jīn
谈古说今,tán gǔ shuō jīn
谈过其实,tán guò qí shí
谈何容易,tán hé róng yì
谈虎色变,tán hǔ sè biàn
谈今论古,tán jīn lùn gǔ
谈空说幻,tán kōng shuō huàn
谈空说有,tán kōng shuō yǒu
谈论风生,tán lùn fēng shēng
谈情说爱,tán qíng shuō ài
谈若悬河,tán ruò xuán hé
谈天论地,tán tiān lùn dì
谈天说地,tán tiān shuō dì
谈吐风生,tán tǔ fēng shēng
谈吐生风,tán tǔ shēng fēng
谈笑风生,tán xiào fēng shēng
谈笑封侯,tán xiào fēng hóu
谈笑自如,tán xiào zì rú
谈笑自若,tán xiào zì ruò
谈玄说妙,tán xuán shuō miào
谈言微中,tán yán wēi zhòng
谈议风生,tán yì fēng shēng
谈优务劣,tán yōu wù liè
谈圆说通,tán yuán shuō tōng
痰迷心窍,tán mí xīn qiào
谭天说地,tán tiān shuō dì
谭言微中,tán yán wēi zhòng
檀郎谢女,tán láng xiè nǚ
忐上忑下,tǎn shàng tè xià
忐忐忑忑,tǎn tǎn tè tè
忐忑不安,tǎn tè bù ān
忐忑不定,tǎn tè bù dìng
坦腹东床,tǎn fù dōng chuáng
坦然自若,tǎn rán zì ruò
袒臂挥拳,tǎn bì huī quán
袒裼裸裎,tǎn xī luǒ chéng
袒胸露背,tǎn xiōng lù bèi
叹观止矣,tàn guān zhǐ yǐ
叹老嗟卑,tàn lǎo jiē bēi
叹为观止,tàn wéi guān zhǐ
探本穷源,tàn běn qióng yuán
探竿影草,tàn gān yǐng cǎo
探观止矣,tàn guān zhǐ yǐ
探口而出,tàn kǒu ér chū
探骊得珠,tàn lí dé zhū
探囊胠箧,tàn náng wú qiè
探囊取物,tàn náng qǔ wù
探汤蹈火,tàn tāng dǎo huǒ
探头缩脑,tàn tóu suō nǎo
探头探脑,tàn tóu tàn nǎo
探丸借客,tàn wán jiè kè
探幽索隐,tàn yōu suǒ yǐn
探赜钩深,tàn zé gōu shēn
探赜索隐,tàn zé suǒ yǐn
汤池铁城,tāng chí tiě chéng
汤去三面,tāng qù sān miàn
汤烧火热,tāng shāo huǒ rè
唐临晋帖,táng lín jìn tiē
唐突西施,táng tū xī shī
唐突西子,táng tū xī zǐ
唐虞之治,táng yú zhī zhì
唐哉皇哉,táng zāi huáng zāi
堂而皇之,táng ér huáng zhī
堂皇富丽,táng huáng fù lì
堂皇冠冕,táng huáng guàn miǎn
堂皇正大,táng huáng zhèng dà
堂堂一表,táng táng yī biǎo
堂堂正正,táng táng zhèng zhèng
堂哉皇哉,táng zāi huáng zāi
糖舌蜜口,táng shé mì kǒu
糖衣炮弹,táng yī pào dàn
螳臂当车,táng bì dāng chē
螳臂当辙,táng bì dāng zhé
螳臂挡车,táng bì dǎng chē
螳螂奋臂,táng láng fèn bì
螳螂黄雀,táng láng huáng què
螳螂拒辙,táng láng jù zhé
倘来之物,tǎng lái zhī wù
傥来之物,tǎng lái zhī wù
弢迹匿光,tāo jì nì guāng
滔滔不断,tāo tāo bù duàn
滔滔不竭,tāo tāo bù jié
滔滔不尽,tāo tāo bù jìn
滔滔不绝,tāo tāo bù jué
滔滔汩汩,tāo tāo gǔ gǔ
滔滔滚滚,tāo tāo gǔn gǔn
滔天大罪,tāo tiān dà zuì
滔天之罪,tāo tiān zhī zuì
滔天罪行,tāo tiān zuì xíng
韬戈卷甲,tāo gē juàn jiǎ
韬戈偃武,tāo gē yǎn wǔ
韬光晦迹,tāo guāng huì jì
韬光敛彩,tāo guāng liǎn cǎi
韬光敛迹,tāo guāng liǎn jì
韬光灭迹,tāo guāng miè jì
韬光俟奋,tāo guāng sì fèn
韬光养晦,tāo guāng yǎng huì
韬光隐晦,tāo guāng yǐn huì
韬光隐迹,tāo guāng yǐn jì
韬光用晦,tāo guāng yòng huì
韬光韫玉,tāo guāng yùn yù
韬晦待时,tāo huì dài shí
韬晦之计,tāo huì zhī jì
韬迹隐智,tāo jì yǐn zhì
韬神晦迹,tāo shén huì jì
韬声匿迹,tāo shēng nì jì
韬形灭影,tāo xíng miè yǐng
韬曜含光,tāo yào hán guāng
饕风虐雪,tāo fēng nüè xuě
饕口馋舌,tāo kǒu chán shé
饕餮之徒,tāo tiè zhī tú
逃之夭夭,táo zhī yāo yāo
桃红柳绿,táo hóng liǔ lǜ
桃弧棘矢,táo hú jí shǐ
桃花流水,táo huā liú shuǐ
桃花人面,táo huā rén miàn
桃花潭水,táo huā tán shuǐ
桃僵李代,táo jiāng lǐ dài
桃来李答,táo lái lǐ dá
桃李成蹊,táo lǐ chéng qī
桃李春风,táo lǐ chūn fēng
桃李精神,táo lǐ jīng shén
桃李门墙,táo lǐ mén qiáng
桃李争妍,táo lǐ zhēng yán
桃李之教,táo lǐ zhī jiào
桃李之馈,táo lǐ zhī kuì
桃蹊柳陌,táo qī liǔ mò
桃蹊柳曲,táo qī liǔ qǔ
桃腮粉脸,táo sāi fěn liǎn
桃腮柳眼,táo sāi liǔ yǎn
桃羞杏让,táo xiū xìng ràng
桃夭李艳,táo yāo lǐ yàn
桃夭柳媚,táo yāo liǔ mèi
桃之夭夭,táo zhī yāo yāo
陶情适性,táo qíng shì xìng
陶犬瓦鸡,táo quǎn wǎ jī
陶然自得,táo rán zì dé
陶熔鼓铸,táo róng gǔ zhù
陶陶兀兀,táo táo wù wù
淘沙得金,táo shā dé jīn
淘沙取金,táo shā qǔ jīn
讨恶翦暴,tǎo è jiǎn bào
讨价还价,tǎo jià huán jià
讨类知原,tǎo lèi zhī yuán
讨流溯源,tǎo liú sù yuán
讨是寻非,tǎo shì xún fēi
忑忑忐忐,tè tè tǎn tǎn
特立独行,tè lì dú xíng
腾达飞黄,téng dá fēi huáng
腾蛟起凤,téng jiāo qǐ fèng
腾空而起,téng kōng ér qǐ
腾声飞实,téng shēng fēi shí
腾腾兀兀,téng téng wū wū
腾焰飞芒,téng yàn fēi máng
腾云驾雾,téng yún jià wù
剔抽禿刷,tī chōu tū shuā
剔抽秃揣,tī chōu tū chuǎi
剔透玲珑,tī tòu líng lóng
剔蝎撩蜂,tī xiē liáo fēng
梯山航海,tī shān háng hǎi
梯山架壑,tī shān jià hè
梯山栈谷,tī shān zhàn gǔ
梯愚入圣,tī yú rù shèng
踢天弄井,tī tiān nòng jǐng
绨袍之义,tì páo zhī yì
啼饥号寒,tí jī háo hán
啼啼哭哭,tí tí kū kū
啼天哭地,tí tiān kū dì
啼笑皆非,tí xiào jiē fēi
提纲举领,tí gāng jǔ lǐng
提纲挈领,tí gāng qiè lǐng
提纲振领,tí gāng zhèn lǐng
提名道姓,tí míng dào xìng
提心吊胆,tí xīn diào dǎn
提心在口,tí xīn zài kǒu
提要钩玄,tí yào gōu xuán
题名道姓,tí míng dào xìng
蹄间三寻,tí jìan sān xún
蹄閒三寻,tí jiàn sān xún
蹄闲三寻,tí xián sān xún
醍醐灌顶,tí hú guàn dǐng
鶗鴂雕卉,tí jué diāo huì
体大思精,tǐ dà sī jīng
体规画圆,tǐ guī huà yuán
体国经野,tǐ guó jīng yě
体贴入妙,tǐ tiē rù miào
体贴入微,tǐ tiē rù wēi
体无完肤,tǐ wú wán fū
体无完皮,tǐ wú wán pí
体物缘情,tǐ wù yuán qíng
体恤入微,tǐ xù rù wēi
倜傥不羁,tì tǎng bù jī
倜傥不群,tì tǎng bù qún
涕泪交垂,tì lèi jiāo chuí
涕泪交集,tì lèi jiāo jí
涕泪交加,tì lèi jiāo jiā
涕泪交零,tì lèi jiāo líng
涕泪交流,tì lèi jiāo liú
涕泪交下,tì lèi jiāo xià
涕零如雨,tì líng rú yǔ
涕泗横流,tì sì héng liú
涕泗交流,tì sì jiāo liú
涕泗交下,tì sì jiāo xià
涕泗交颐,tì sì jiāo yí
涕泗流涟,tì sì liú lián
涕泗滂沲,tì sì pāng tuó
涕泗滂沱,tì sì páng tuó
涕泗纵横,tì sì zòng héng
逖听遐视,tì tīng xiá shì
逖听远闻,tì tīng yuǎn wén
替天行道,tì tiān xíng dào
殢雨尤云,tì yǔ yóu yún
殢云尤雨,tì yún yóu yǔ
天宝当年,tian bao dang nian
天保九如,tiān bǎo jiǔ rú
天崩地坼,tiān bēng dì chè
天崩地解,tiān bēng dì jiě
天崩地裂,tiān bēng dì liè
天崩地塌,tiān bēng dì tā
天崩地坍,tiān bēng dì tān
天崩地陷,tiān bēng dì xiàn
天兵天将,tiān bīng tiān jiàng
天不假年,tiān bù jiǎ nián
天不绝人,tiān bù jué rén
天不作美,tiān bù zuò měi
天差地远,tiān chā dì yuǎn
天长地久,tiān cháng dì jiǔ
天长地老,tiān cháng dì lǎo
天长日久,tiān cháng rì jiǔ
天成地平,tiān chéng dì píng
天愁地惨,tiān chóu dì cǎn
天从人原,tiān cóng rén yuán
天从人愿,tiān cóng rén yuàn
天摧地塌,tiān cuī dì tā
天打雷劈,tiān dǎ léi pī
天大地大,tiān dà dì dà
天道好还,tiān dào hǎo huán
天道宁论,tiān dào níng lùn
天道人事,tiān dào rén shì
天道无亲,tiān dào wú qīn
天地不容,tiān dì bù róng
天地长久,tiān dì cháng jiǔ
天地经纬,tiān dì jīng wěi
天地剖判,tiān dì pōu pàn
天地诛戮,tiān dì zhū lù
天地诛灭,tiān dì zhū miè
天夺其魄,tiān duó qí pò
天夺之年,tiān duó zhī nián
天夺之魄,tiān duó zhī pò
天翻地覆,tiān fān dì fù
天方夜谭,tiān fāng yè tán
天府之国,tiān fǔ zhī guó
天付良缘,tiān fù liáng yuán
天覆地载,tiān fù dì zǎi
天高地厚,tiān gāo dì hòu
天高地迥,tiān gāo dì jiǒng
天高地下,tiān gāo dì xià
天高日远,tiān gāo rì yuǎn
天高听卑,tiān gāo tīng bēi
天高听下,tiān gāo tīng xià
天各一方,tiān gè yī fāng
天工人代,tiān gōng rén dài
天公地道,tiān gōng dì dào
天冠地屦,tiān guān dì jù
天寒地冻,tiān hán dì dòng
天花乱坠,tiān huā luàn zhuì
天华乱坠,tiān huā luàn zhuì
天荒地老,tiān huāng dì lǎo
天潢贵胄,tiān huáng guì zhòu
天昏地暗,tiān hūn dì àn
天昏地黑,tiān hūn dì hēi
天机云锦,tiān jī yún jǐn
天假良缘,tiān jiǎ liáng yuán
天假其年,tiān jiǎ qí nián
天假因缘,tiān jiǎ yīn yuán
天假之年,tiān jiǎ zhī nián
天经地纬,tiān jīng dì wěi
天经地义,tiān jīng dì yì
天荆地棘,tiān jīng dì jí
天惊石破,tiān jīng shí pò
天开地辟,tiān kāi dì pì
天空海阔,tiān kōng hǎi kuò
天朗气清,tiān lǎng qì qīng
天老地荒,tiān lǎo dì huāng
天理不容,tiān lǐ bù róng
天理良心,tiān lǐ liáng xīn
天理难容,tiān lǐ nán róng
天理人情,tiān lǐ rén qíng
天理昭彰,tiān lǐ zhāo zhāng
天理昭昭,tiān lǐ zhāo zhāo
天伦之乐,tiān lún zhī lè
天罗地网,tiān luó dì wǎng
天马行空,tiān mǎ xíng kōng
天命攸归,tiān mìng yōu guī
天命有归,tiān mìng yǒu guī
天末凉风,tiān mò liáng fēng
天南地北,tiān nán dì běi
天南海北,tiān nán hǎi běi
天年不测,tiān nián bù cè
天年不齐,tiān nián bù qí
天年不遂,tiān nián bù suì
天凝地闭,tiān níng dì bì
天怒人怨,tiān nù rén yuàn
天女散花,tiān nǚ sàn huā
天平地成,tiān píng dì chéng
天清气朗,tiān qīng qì lǎng
天清日白,tiān qīng rì bái
天壤王郎,tiān rǎng wáng láng
天壤悬隔,tiān rǎng xuán gé
天壤之别,tiān rǎng zhī bié
天壤之隔,tiān rǎng zhī gé
天人共鉴,tiān rén gòng jiàn
天人之际,tiān rén zhī jì
天上麒麟,tiān shàng qí lín
天上人间,tiān shàng rén jiān
天上石麟,tiān shàng shí lín
天生地设,tiān shēng dì shè
天生丽质,tiān shēng lì zhì
天生天化,tiān shēng tiān huà
天生天杀,tiān shēng tiān shā
天生尤物,tiān shēng yóu wù
天授地设,tiān shòu dì shè
天粟马角,tiān sù mǎ jiǎo
天随人原,tiān suí rén yuán
天随人愿,tiān suí rén yuàn
天塌地陷,tiān tā dì xiàn
天台路迷,tiān tái lù mí
天堂地狱,tiān táng dì yù
天外飞来,tiān wài fēi lái
天外有天,tiān wài yǒu tiān
天王老子,tiān wáng lǎo zǐ
天网恢恢,tiān wǎng huī huī
天无二日,tiān wú èr rì
天下大乱,tiān xià dà luàn
天下第一,tiān xià dì yī
天下独步,tiān xià dú bù
天下归心,tiān xià guī xīn
天下莫敌,tiān xià mò dí
天下太平,tiān xià tài píng
天下为公,tiān xià wéi gōng
天下为家,tiān xià wéi jiā
天下为笼,tiān xià wéi lóng
天下无敌,tiān xià wú dí
天下无双,tiān xià wú shuāng
天下汹汹,tiān xià xiōng xiōng
天下一家,tiān xià yī jiā
天香国色,tiān xiāng guó sè
天行时气,tiān xíng shí qì
天悬地隔,tiān xuán dì gé
天旋地转,tiān xuán dì zhuàn
天涯比邻,tiān yá bǐ lín
天涯地角,tiān yá dì jiǎo
天涯海角,tiān yá hǎi jiǎo
天涯咫尺,tiān yá zhǐ chǐ
天摇地动,tiān yáo dì dòng
天衣无缝,tiān yī wú fèng
天诱其衷,tiān yòu qí zhōng
天与人归,tiān yǔ rén guī
天渊之别,tiān yuān zhī bié
天渊之隔,tiān yuān zhī gé
天缘凑合,tiān yuán còu hé
天灾地变,tiān zāi dì biàn
天灾地妖,tiān zāi dì yāo
天灾人祸,tiān zāi rén huò
天造草昧,tiān zào cǎo mèi
天造地设,tiān zào dì shè
天真烂漫,tiān zhēn làn màn
天真烂熳,tiān zhēn làn màn
天震地骇,tiān zhèn dì hài
天之骄子,tiān zhī jiāo zǐ
天之僯民,tiān zhī ruò mín
天之戮民,tiān zhī lù mín
天知地知,tiān zhī dì zhī
天诛地灭,tiān zhū dì miè
天姿国色,tiān zī guó sè
天作之合,tiān zuò zhī hé
添兵减灶,tiān bīng jiǎn zào
添醋加油,tiān cù jiā yóu
添盐着醋,tiān yán zhe cù
添油炽薪,tiān yóu chì xīn
添油加醋,tiān yóu jiā cù
添枝加叶,tiān zhī jiā yè
添枝接叶,tiān zhī jiē yè
添枝增叶,tiān zhī zēng yè
添砖加瓦,tiān zhuān jiē wǎ
田夫野老,tián fū yě lǎo
田父献曝,tián fǔ xiàn pù
田父之功,tián fǔ zhī gōng
田连阡陌,tián lián qiān mò
田月桑时,tián yuè sāng shí
恬不为怪,tián bù wéi guài
恬不为意,tián bù wéi yì
恬不知耻,tián bù zhī chǐ
恬不知怪,tián bù zhī guài
恬不知愧,tián bù zhī kuì
恬不知羞,tián bù zhī xiū
恬淡寡欲,tián dàn guǎ yù
恬淡无为,tián dàn wú wéi
恬淡无欲,tián dàn wú yù
恬然自足,tián rán zì zú
恬言柔舌,tián yán róu shé
甜酸苦辣,tián suān kǔ là
甜言美语,tián yán měi yǔ
甜言媚语,tián yán mèi yǔ
甜言蜜语,tián yán mì yǔ
甜言软语,tián yán ruǎn yǔ
甜嘴蜜舌,tián zuǐ mì shé
填街塞巷,tián jiē sāi xiàng
填坑满谷,tián kēng mǎn gǔ
靦颜人世,tiǎn yán rén shì
靦颜事仇,tiǎn yán shì chóu
佻身飞镞,tiāo shēn fēi zú
挑拨离间,tiǎo bō lí jiàn
挑茶斡刺,tiāo chá wò cì
挑唇料嘴,tiǎo chún liào zuǐ
挑肥拣瘦,tiāo féi jiǎn shòu
挑精拣肥,tiāo jīng jiǎn féi
挑毛拣刺,tiāo máo jiǎn cì
挑么挑六,tiāo yāo tiāo liù
挑三拨四,tiāo sān bō sì
挑三豁四,tiāo sān huō sì
挑三拣四,tiāo sān jiǎn sì
挑三检四,tiāo sān jiǎn sì
挑三嫌四,tiāo sān xián sì
挑雪填井,tiāo xuě tián jǐng
挑牙料唇,tiǎo yá liào chún
挑幺挑六,tiāo yāo tiāo liù
条分节解,tiáo fēn jié jiě
条分缕析,tiáo fēn lǚ xī
条贯部分,tiáo guàn bù fēn
条解支劈,tiáo jiě zhī pī
条入叶贯,tiáo rù yè guàn
条三窝四,tiáo sān wō sì
条条框框,tiáo tiáo kuàng kuàng
条修叶贯,tiáo xiū yè guàn
蜩螗沸羹,tiáo táng fèi gēng
粜风卖雨,tiào fēng mài yǔ
跳梁小丑,tiào liáng xiǎo chǒu
跳丸日月,tiào wán rì yuè
铁案如山,tiě àn rú shān
铁板不易,tiě bǎn bù yì
铁板钉钉,tiě bǎn dìng dīng
铁板歌喉,tiě bǎn gē hóu
铁板铜琶,tiě bǎn tóng pá
铁板铜弦,tiě bǎn tóng xián
铁板一块,tiě bǎn yī kuài
铁笔无私,tiě bǐ wú sī
铁壁铜墙,tiě bì tóng qiáng
铁壁铜山,tiě bì tóng shān
铁肠石心,tiě cháng shí xīn
铁杵成针,tiě chǔ chéng zhēn
铁窗风味,tiě chuāng fēng wèi
铁绰铜琶,tiě chuō tóng pá
铁打铜铸,tiě dǎ tóng zhù
铁打心肠,tiě dǎ xīn cháng
铁郭金城,tiě guō jīn chéng
铁画银钩,tiě huà yín gōu
铁马金戈,tiě mǎ jīn gē
铁面枪牙,tiě miàn qiāng yá
铁面无私,tiě miàn wú sī
铁面御史,tiě miàn yù shǐ
铁石心肠,tiě shí xīn cháng
铁石心肝,tiě shí xīn gān
铁树花开,tiě shù huā kāi
铁树开花,tiě shù kāi huā
铁树开华,tiě shù kāi huā
铁桶江山,tiě tǒng jiāng shān
铁网珊瑚,tiě wǎng shān hú
铁鞋踏破,tiě xié tà pò
铁心木肠,tiě xīn mù cháng
铁心石肠,tiě xīn shí cháng
铁砚磨穿,tiě yàn mó chuān
铁狱铜笼,tiě yù tóng lóng
铁证如山,tiě zhèng rú shān
铁中铮铮,tiě zhōng zhēng zhēng
铁嘴钢牙,tiě zuǐ gāng yá
听而不闻,tīng ér bú wén
听风听水,tīng fēng tīng shuǐ
听其自流,tīng qí zì liú
听其自然,tīng qí zì rán
听人穿鼻,tīng rén chuān bí
听天由命,tīng tiān yóu mìng
听之任之,tīng zhī rèn zhī
廷争面折,tíng zhēng miàn zhé
亭台楼阁,tíng tái lóu gé
亭亭玉立,tíng tíng yù lì
停留长智,tíng liú zhǎng zhì
停妻再娶,tíng qī zài qǔ
停辛伫苦,tíng xīn zhù kǔ
停辛贮苦,tíng xīn zhù kǔ
停云落月,tíng yún luò yuè
停滞不前,tíng zhì bù qián
挺而走险,tǐng ér zǒu xiǎn
挺鹿走险,tǐng lù zǒu xiǎn
挺身而出,tǐng shēn ér chū
挺胸叠肚,tǐng xiōng dié dù
挺胸凸肚,tǐng xiōng tū dù
铤而走险,tǐng ér zǒu xiǎn
铤鹿走险,dìng lù zǒu xiǎn
通变达权,tōng biàn dá quán
通才练识,tōng cái liàn shí
通才硕学,tōng cái shuò xué
通材达识,tōng cái dá shí
通达谙练,tōng dá ān liàn
通都大埠,tōng dōu dà bù
通都大邑,tōng dū dà yì
通都巨邑,tōng dōu jù yì
通风报信,tōng fēng bào xìn
通风报讯,tōng fēng bào xùn
通风讨信,tōng fēng tǎo xìn
通工易事,tōng gōng yì shì
通功易事,tōng gōng yì shì
通共有无,tōng gòng yǒu wú
通古博今,tōng gǔ bó jīn
通古达变,tōng gǔ dá biàn
通计熟筹,tōng jì shú chóu
通家之好,tōng jiā zhī hǎo
通今博古,tōng jīn bó gǔ
通今达古,tōng jīn dá gǔ
通力合作,tōng lì hé zuò
通南彻北,tōng nán chè běi
通前彻后,tōng qián chè hòu
通前澈后,tōng qián chè hòu
通前至后,tōng qián zhì hòu
通情达理,tōng qíng dá lǐ
通衢大邑,tōng qú dà yì
通衢广陌,tōng qú guǎng mò
通权达变,tōng quán dá biàn
通权达理,tōng quán dá lǐ
通儒达识,tōng rú dá shí
通儒达士,tōng rú dá shì
通儒硕学,tōng rú shuò xué
通商惠工,tōng shāng huì gōng
通上彻下,tōng shàng chè xià
通时达变,tōng shí dá biàn
通时达务,tōng shí dá wù
通时合变,tōng shí hé biàn
通首至尾,tōng shǒu zhì wěi
通书达礼,tōng shū dá lǐ
通天彻地,tōng tiān chè dì
通天达地,tōng tiān dá dì
通同一气,tōng tóng yī yì
通同作弊,tōng tóng zuò bì
通文达礼,tōng wén dá lǐ
通文达理,tōng wén dá lǐ
通文达艺,tōng wén dá yì
通文调武,tōng wén diào wǔ
通无共有,tōng wú gòng yǒu
通险畅机,tōng xiǎn chàng jī
通宵彻旦,tōng xiāo chè dàn
通宵彻夜,tōng xiāo chè yè
通宵彻昼,tōng xiāo chè zhòu
通宵达旦,tōng xiāo dá dàn
通邑大都,tōng yì dà dōu
通忧共患,tōng yōu gòng huàn
通幽动微,tōng yōu dòng wēi
通幽洞灵,tōng yōu dòng líng
通幽洞冥,tōng yōu dòng míng
通幽洞微,tōng yōu dòng wēi
通元识微,tōng yuán shí wēi
通真达灵,tōng zhēn dá líng
痌瘝在抱,tōng guān zào bào
同胞共气,tóng bāo gòng qì
同敝相济,tóng bì xiāng jì
同病相怜,tóng bìng xiāng lián
同尘合污,tóng chén hé wū
同仇敌慨,tóng chóu dí kǎi
同仇敌忾,tóng chóu dí kài
同出一辙,tóng chū yī zhé
同船合命,tóng chuán hé mìng
同床各梦,tóng chuáng gè mèng
同床共枕,tóng chuáng gòng zhěn
同床异梦,tóng chuáng yì mèng
同垂不朽,tóng chuí bù xiǔ
同德同心,tóng dé tóng xīn
同德协力,tóng dé xié lì
同德一心,tóng dé yī xīn
同恶共济,tóng è gòng jì
同恶相党,tóng è xiāng dǎng
同恶相济,tóng è xiāng jì
同恶相求,tóng è xiāng qiú
同恶相恤,tóng wù xiāng xù
同恶相助,tóng wù xiāng zhù
同符合契,tóng fú hé qì
同甘共苦,tóng gān gòng kǔ
同工异曲,tóng gōng yì qǔ
同功一体,tóng gōng yī tǐ
同归殊涂,tóng guī shū tú
同归殊途,tóng guī shū tú
同归于尽,tóng guī yú jìn
同类相从,tóng lèi xiāng cóng
同类相妒,tóng lèi xiāng dù
同类相求,tóng lèi xiāng qiú
同力协契,tóng lì xié qì
同利相死,tóng lì xiāng sǐ
同流合污,tóng liú hé wū
同美相妒,tóng měi xiāng dù
同门异户,tóng mén yì hù
同明相照,tóng míng xiāng zhào
同年而校,tóng nián ér xiào
同年而语,tóng nián ér yǔ
同盘而食,tóng pán ér shí
同袍同泽,tóng páo tóng zé
同气连枝,tóng qì lián zhī
同气相求,tóng qì xiāng qiú
同然一辞,tóng rán yī cí
同日而道,tóng rì ér dào
同日而论,tóng rì ér lùn
同日而言,tóng rì ér yán
同日而语,tóng rì ér yǔ
同生共死,tóng shēng gòng sǐ
同声共气,tóng shēng gòng qì
同声同气,tóng shēng tóng qì
同声相求,tóng shēng xiāng qiú
同声相应,tóng shēng xiāng yìng
同声一辞,tóng shēng yī cí
同室操戈,tóng shì sāo gē
同堂兄弟,tóng táng xiōng dì
同条共贯,tóng tiáo gòng guàn
同文共规,tóng wén gòng guī
同文共轨,tóng wén gòng guǐ
同心毕力,tóng xīn bì lì
同心并力,tóng xīn bìng lì
同心敌忾,tóng xīn dí kài
同心断金,tóng xīn duàn jīn
同心共胆,tóng xīn gòng dǎn
同心共济,tóng xīn gòng jì
同心合胆,tóng xīn hé dǎn
同心合德,tóng xīn hé dé
同心合力,tóng xīn hé lì
同心合意,tóng xīn hé yì
同心竭力,tóng xīn jié lì
同心僯力,tóng xīn jié lì
同心戮力,tóng xīn lù lì
同心同德,tóng xīn tóng dé
同心协德,tóng xīn xié dé
同心协济,tóng xīn xié jì
同心协力,tóng xīn xié lì
同心叶力,tóng xīn yè lì
同心一德,tóng xīn yī dé
同心一力,tóng xīn yī lì
同心一意,tóng xīn yī yì
同休等戚,tóng xiū děng qī
同休共戚,tóng xiū gòng qī
同业相仇,tóng yè xiāng chóu
同音共律,tóng yīn gòng lǜ
同忧相救,tóng yōu xiāng jiù
同浴讥裸,tóng yù jī luǒ
同源共流,tóng yuán gòng liú
同源异流,tóng yuán yì liú
同源异派,tóng yuán yì pai
同舟敌国,tóng zhōu dí guó
同舟共济,tóng zhōu gòng jì
同舟共命,tóng zhōu gòng mìng
同舟遇风,tóng zhōu yù fēng
彤云密布,tóng yún mì bù
铜城铁壁,tóng chéng tiě bì
铜臭熏天,tóng chòu xūn tiān
铜唇铁舌,tóng chún tiě shé
铜打铁铸,tóng dǎ tiě zhù
铜壶滴漏,tóng hú dī lòu
铜浇铁铸,tóng jiāo tiě zhù
铜筋铁骨,tóng jīn tiě gǔ
铜筋铁肋,tóng jīn tiě lèi
铜琶铁板,tóng pā tiě bǎn
铜盘重肉,tóng pán zhòng ròu
铜墙铁壁,tóng qiáng tiě bì
铜山金穴,tóng shān jīn xué
铜山铁壁,tóng shān tiě bì
铜头铁臂,tóng tóu tiě bì
铜头铁额,tóng tóu tiě é
铜驼草莽,tóng tuó cǎo mǎng
铜驼荆棘,tóng tuó jīng jí
铜围铁马,tóng wéi tiě mǎ
铜心铁胆,tóng xīn tiě dǎn
铜铸铁浇,tóng zhù tiě jiāo
童牛角马,tóng niú jiǎo mǎ
童山濯濯,tóng shān zhuó zhuó
童叟无欺,tóng sǒu wú qī
童心未泯,tóng xīn wèi mǐn
童颜鹤发,tóng yán hè fà
统筹兼顾,tǒng chóu jiān gù
痛不欲生,tòng bù yù shēng
痛定思痛,tòng dìng sī tòng
痛改前非,tòng gǎi qián fēi
痛贯心膂,tòng guàn xīn lǚ
痛悔前非,tòng huǐ qián fēi
痛湔宿垢,tòng jiān sù gòu
痛剿穷迫,tòng jiǎo qióng pò
痛哭流涕,tòng kū liú tì
痛快淋漓,tòng kuài lín lí
痛入骨髓,tòng rù gǔ suǐ
痛入心脾,tòng rù xīn pí
痛深恶绝,tòng shēn wù jué
痛诬丑诋,tòng wū chǒu dǐ
痛下针砭,tòng xià zhēn biān
痛心拔脑,tòng xīn bá nǎo
痛心病首,tòng xīn bìng shǒu
痛心疾首,tòng xīn jí shǒu
痛心绝气,tòng xīn jué qì
痛心切骨,tòng xīn qiè gǔ
痛心入骨,tòng xīn rù gǔ
痛心伤臆,tòng xīn shāng yì
痛痒相关,tòng yǎng xiāng guān
痛饮黄龙,tòng yǐn huáng lóng
痛自创艾,tòng zì chuāng yì
偷安旦夕,tōu ān dàn xī
偷东摸西,tōu dōng mō xī
偷工减料,tōu gōng jiǎn liào
偷狗戏鸡,tōu gǒu xì jī
偷寒送暖,tōu hán sòng nuǎn
偷合苟从,tōu hé gǒu cóng
偷合苟容,tōu hé gǒu róng
偷合取容,tōu hé qǔ róng
偷鸡盗狗,tōu jī dào gǒu
偷鸡摸狗,tōu jī mō gǒu
偷梁换柱,tōu liáng huàn zhù
偷媚取容,tōu mèi qǔ róng
偷声细气,tōu shēng xì qì
偷天换日,tōu tiān huàn rì
偷偷摸摸,tōu tōu mō mō
偷闲躲静,tōu xián duǒ jìng
偷香窃玉,tōu xiāng qiè yù
偷营劫寨,tōu yíng jié zhài
头出头没,tóu chū tóu mò
头高头低,tóu gāo tóu dī
头会箕赋,tóu kuài jī fù
头会箕敛,tóu kuàn jī liǎn
头昏目眩,tóu hūn mù xuàn
头昏目晕,tóu hūn mù yūn
头昏脑闷,tóu hūn nǎo mèn
头昏脑眩,tóu hūn nǎo xuàn
头昏脑胀,tóu hūn nǎo zhàng
头昏眼暗,tóu hūn yǎn àn
头昏眼花,tóu hūn yǎn huā
头昏眼晕,tóu hūn yǎn yūn
头焦额烂,tóu jiāo é làn
头角峥嵘,tóu jiǎo zhēng róng
头没杯案,tóu mò bēi àn
头面人物,tóu miàn rén wù
头破血出,tóu pò xuè chū
头破血淋,tóu pò xuè lín
头破血流,tóu pò xuè liú
头上安头,tóu shàng ān tóu
头上末下,tóu shàng mò xià
头上著头,tóu shàng zhuó tóu
头梢自领,tóu shāo zì lǐng
头稍自领,tóu shāo zì lǐng
头疼脑热,tóu téng nǎo rè
头童齿豁,tóu tóng chǐ huò
头痛额热,tóu tòng é rè
头痛脑热,tóu tòng nǎo rè
头头是道,tóu tóu shì dào
头眩目昏,tóu xuàn mù hūn
头痒搔跟,tóu yǎng sāo gēn
头一无二,tóu yī wú èr
头晕目眩,tóu yūn mù xuàn
头晕眼花,tóu yūn yǎn huā
头重脚轻,tóu zhòng jiǎo qīng
头足倒置,tóu zú dào zhì
头足异处,tóu zú yì chǔ
头足异所,tóu zú yì suǒ
投笔从戎,tóu bǐ cóng róng
投畀豺虎,tóu bì chái hǔ
投鞭断流,tóu biān duàn liú
投传而去,tóu zhuàn ér qù
投膏止火,tóu gāo zhǐ huǒ
投戈讲艺,tóu gē jiǎng yì
投河奔井,tóu hé bēn jǐng
投河觅井,tóu hé mì jǐng
投壶电笑,tóu hú diàn xiào
投机倒把,tóu jī dǎo bǎ
投机取巧,tóu jī qǔ qiǎo
投间抵隙,tóu jiān dǐ xì
投井下石,tóu jǐng xià shí
投阱下石,tóu jǐng xià shí
投卵击石,tóu luǎn jī shí
投袂而起,tóu mèi ér qǐ
投袂荷戈,tóu mèi hè gē
投袂援戈,tóu mèi yuán gē
投木报琼,tóu mù bào qióng
投其所好,tóu qí suǒ hào
投刃皆虚,tóu rèn jiē xū
投山窜海,tóu shān cuàn hǎi
投石拔距,tóu shí bá jù
投石超距,tóu shí chāo jù
投石问路,tóu shí wèn lù
投石下井,tóu shí xià jǐng
投鼠忌器,tóu shǔ jì qì
投鼠之忌,tóu shǔ zhī jì
投梭折齿,tóu suō zhé chǐ
投梭之拒,tóu suō zhī jù
投桃报李,tóu táo bào lǐ
投桃之报,tóu táo zhī bào
投隙抵巇,tóu xì dǐ xī
投隙抵罅,tóu xì dǐ xià
投闲置散,tóu xián zhì sàn
投诸四裔,tóu zhū sì yì
透骨酸心,tòu gǔ suān xīn
突飞猛进,tū fēi měng jìn
突然袭击,tū rán xí jī
突如其来,tū rú qí lái
图财害命,tú cái hài mìng
图谋不轨,tú móu bù guǐ
图穷匕见,tú qióng bǐ xiàn
图作不轨,tú zuò bù guǐ
徒读父书,tú dú fù shū
徒费唇舌,tú fèi chún shé
徒负虚名,tú fù xū míng
徒劳往返,tú láo wǎng fǎn
徒劳无功,tú láo wú gōng
徒劳无益,tú láo wú yì
徒乱人意,tú luàn rén yì
徒讬空言,tú tún kōng yán
徒托空言,tú tuō kōng yán
徒拥虚名,tú yōng xū míng
徒有其名,tú yǒu qí míng
徒有虚名,tú yǒu xū míng
徒子徒孙,tú zǐ tú sūn
涂歌里抃,tú gē lǐ biàn
涂歌里咏,tú gē lǐ yǒng
涂歌巷舞,tú gē xiàng wǔ
涂歌邑诵,tú gē yì sòng
涂炭生灵,tú tàn shēng líng
涂脂抹粉,tú zhī mǒ fěn
荼毒生灵,tú dú shēng líng
途穷日暮,tú qióng rì mù
途途是道,tú tú shì dào
途遥日暮,tú yáo rì mù
屠毒笔墨,tú dú bǐ mò
屠龙之伎,tú lóng zhī jì
屠龙之技,tú lóng zhī jì
屠门大嚼,tú mén dà jiáo
屠所牛羊,tú suǒ niú yáng
瘏口哓音,tú kǒu xiāo yīn
土崩瓦解,tǔ bēng wǎ jiě
土崩鱼烂,tǔ bēng yú làn
土扶成墙,tǔ fú chéng qiáng
土豪劣绅,tǔ háo liè shēn
土鸡瓦狗,tǔ jī wǎ gǒu
土鸡瓦犬,tǔ jī wǎ quǎn
土阶茅茨,tǔ jiē máo cí
土阶茅屋,tǔ jiē máo wū
土龙刍狗,tǔ lóng chú gǒu
土龙沐猴,tǔ lóng mù hóu
土木形骸,tǔ mù xíng hái
土牛木马,tǔ niú mù mǎ
土偶蒙金,tǔ ǒu méng jīn
土穰细流,tǔ rǎng xì liú
土壤细流,tǔ rǎng xì liú
土生土长,tǔ shēng tǔ zhǎng
土洋结合,tǔ yáng jié hé
吐哺辍洗,tǔ bǔ chuò xǐ
吐哺握发,tǔ bǔ wò fà
吐哺捉发,tǔ bǔ zhuō fā
吐胆倾心,tǔ dǎn qīng xīn
吐肝露胆,tǔ gān lù dǎn
吐刚茹柔,tǔ gāng rú róu
吐故纳新,tǔ gù nà xīn
吐气扬眉,tǔ qì yáng méi
吐食握发,tǔ shí wò fā
吐丝自缚,tǔ sī zì fù
吐心吐胆,tǔ xīn tǔ dǎn
兔角龟毛,tu jiao gui mao
兔角牛翼,tù jiǎo niú yì
兔葵燕麦,tù kuí yàn mài
兔起凫举,tǔ qǐ fú jǔ
兔起鹘落,tù qǐ hú luò
兔起乌沉,tù qǐ wū chén
兔缺乌沉,tù quē wū chén
兔丝燕麦,tù sī yàn mài
兔死凫举,tǔ sǐ fú jǔ
兔死狗烹,tù sǐ gǒu pēng
兔死狐悲,tù sǐ hú bēi
兔死犬饥,tù sǐ quǎn jī
兔头麞脑,tù tóu suō nǎo
兔走鹘落,tù zǒu gǔ luò
兔走乌飞,tù zǒu wū fēi
团花簇锦,tuán huā cù jǐn
团头聚面,tuàn tóu jù miàn
抟空捕影,tuán kōng bǔ yǐng
抟沙嚼蜡,tuán shā jiáo là
抟沙作饭,tuán shā zuò fàn
抟香弄粉,tuán xiāng nòng fěn
抟心壹志,tuán xīn yī zhì
抟心揖志,tuán xīn yī zhì
剸繁决剧,shí fán jué jù
剸繁治剧,shí fán zhì jù
推本溯源,tuī běn sù yuán
推波助澜,tuī bō zhù lán
推陈出新,tuī chén chū xīn
推陈致新,tuī chén zhì xīn
推诚布公,tuī chéng bù gōng
推诚接物,tuī chéng jiē wù
推诚相见,tuī chéng xiāng jiàn
推诚置腹,tuī chéng zhì fù
推崇备至,tuī chóng bèi zhì
推东主西,tuī dōng zhǔ xī
推而广之,tuī ér guǎng zhī
推干就湿,tuī gàn jiù shī
推己及人,tuī jǐ jí rén
推己及物,tuī jǐ jí wù
推襟送抱,tuī jīn sòng bào
推枯折腐,tuī kū shé fǔ
推梨让枣,tuī lí ràng zǎo
推聋妆哑,tuī lóng zhuāng yǎ
推聋作哑,tuī lóng zuò yǎ
推轮捧毂,tuī lún pěng gū
推三推四,tuī sān tuī sì
推三阻四,tuī sān zǔ sì
推食解衣,tuī shí jiě yī
推涛作浪,tuī tāo zuò làng
推天抢地,tuī tiān qiǎng dì
推亡固存,tuī wáng gù cún
推贤进善,tuī xián jìn shàn
推贤让能,tuī xián ràng néng
推心致腹,tuī xīn zhì fù
推心置腹,tuī xīn zhì fù
推燥居湿,tuī zào jū shī
推舟于陆,tuī zhōu yú lù
颓垣败壁,tuí yuán bài bì
颓垣败井,tuí yuán bài jǐng
颓垣断堑,tuí yuán duàn piàn
颓垣废井,tuí yuán fèi jǐng
颓垣废址,tuí yuán fèi zhǐ
退避三舍,tuì bì sān shè
退步抽身,tui bu chou sheng
退藏于密,tuì cáng yú mì
退旅进旅,tuì lǚ jìn lǚ
退让贤路,tuì ràng xián lù
退如山移,tuì rú shān yí
退食从容,tuì shí cóng róng
退食自公,tuì shí zì gōng
退思补过,tuì sī bǔ guò
退有后言,tuì yǒu hòu yán
蜕化变质,tuì huà biàn zhì
褪后趋前,tuì hòu qū qián
吞刀刮肠,tūn dāo guā cháng
吞刀吐火,tūn dāo tǔ huǒ
吞风饮雨,tūn fēng yǐn yǔ
吞符翕景,tūn fú xī jǐng
吞声忍泪,tūn shēng rěn lèi
吞声忍气,tūn shēng rěn qì
吞声饮恨,tūn shēng yǐn hèn
吞声饮气,tūn shēng yǐn qì
吞声饮泣,tūn shēng yǐn qì
吞炭漆身,tūn tàn qī shēn
吞吞吐吐,tūn tūn tǔ tǔ
吞言咽理,tūn yán yān lǐ
吞云吐雾,tūn yún tǔ wù
吞纸抱犬,tūn zhǐ bào quǎn
吞舟漏网,tūn zhōu lòu wǎng
吞舟是漏,tūn zhōu shì lòu
吞舟之鱼,tūn zhōu zhī yú
屯积居奇,tún jī jū qí
屯街塞巷,tún jiē sāi xiàng
屯蹶否塞,tún juě fǒu sāi
屯粮积草,tún liáng jī cǎo
屯毛不辨,tún máo bù biàn
豚蹄穰田,tún tí ráng tián
讬孤寄命,xíng gū jì mìng
托凤攀龙,tuō fèng pān lóng
托公报私,tuō gōng bào sī
托公行私,tuō gōng xíng sī
托骥之蝇,tuō jì zhī yíng
托物陈喻,tuō wù chén yù
托物感怀,tuō wù gǎn huái
托物连类,tuō wù lián lèi
托物引类,tuō wù yǐn lèi
托物寓感,tuō wù yù gǎn
托物寓兴,tuō wù yù xīng
托于空言,tuō yú kōng yán
托之空言,tuō zhī kōng yán
托诸空言,tuō zhū kōng yán
拖金委紫,tuō jīn wěi zǐ
拖麻拽布,tuō má zhuài bù
拖男带女,tuō nán dài nǚ
拖泥带水,tuō ní dài shuǐ
拖青纡紫,tuō qīng yū zǐ
拖人落水,tuō rén luò shuǐ
拖人下水,tuō rén xià shuǐ
拖天扫地,tuō tiān sǎo dì
脱白挂绿,tuō bái guà lǜ
脱缰之马,tuō jiāng zhī mǎ
脱壳金蝉,tuō ké jīn chán
脱口成章,tuō kǒu chéng zhāng
脱口而出,tuō kǒu ér chū
脱袍退位,tuō páo tuì wèi
脱手弹丸,tuō shǒu dàn wán
脱胎换骨,tuō tāi huàn gǔ
脱天漏网,tuō tiān lòu wǎng
脱颖而出,tuō yǐng ér chū
脱颖囊锥,tuō yǐng náng zhuī
橐甲束兵,tuó jiǎ shù bīng
橐驼之技,tuó tuó zhī jì
妥首帖耳,tuǒ shǒu tiē ěr
唾地成文,tuò dì chéng wén
唾壶击缺,tuò hú jī quē
唾壶击碎,tuò hú jī suì
唾壶敲缺,tuò hú qiāo quē
唾面自干,tuò miàn zì gān
唾手可得,tuò shǒu kě dé
唾手可取,tuò shǒu kě qǔ
跅弛不羁,tuò chí bù jī
跅幪不羁,tuò méng bù jī
跅弢不羁,tuò tāo bù jī
挖耳当招,wā ěr dāng zhāo
挖空心思,wā kōng xīn sī
挖肉补疮,wā ròu bǔ chuāng
蛙蟆胜负,wā má shèng fù
蛙鸣蝉噪,wā míng chán zào
瓦查尿溺,wǎ chá niào nì
瓦釜雷鸣,wǎ fǔ léi míng
瓦合之卒,wǎ hé zhī zú
瓦解冰泮,wǎ jiě bīng pàn
瓦解冰消,wǎ jiě bīng xiāo
瓦解冰销,wǎ jiě bīng xiāo
瓦解土崩,wǎ jiě tǔ bēng
瓦解星散,wǎ jiě xīng sàn
瓦器蚌盘,wǎ qì bàng pán
瓦影之鱼,wǎ yǐng huā yú
瓦玉集糅,wǎ yù jí róu
歪八竖八,wāi bā shù bā
歪不横楞,wāi bù héng léng
歪打正着,wāi dǎ zhèng zháo
歪风邪气,wāi fēng xié qì
歪门邪道,wāi mén xié dào
歪心邪意,wāi xīn xié yì
外方内员,wài fāng nèi yuán
外方内圆,wài fāng nèi yuán
外感内伤,wài gǎn nèi shāng
外刚内柔,wài gāng nèi róu
外合里差,wài hé lǐ chà
外合里应,wài hé lǐ yìng
外简内明,wài jiǎn nèi míng
外宽内忌,wài kuān nèi jì
外宽内明,wài kuān nèi míng
外宽内深,wài kuān nèi shēn
外厉内荏,wài lì nèi rěn
外强中干,wài qiáng zhōng gān
外强中瘠,wài qiáng zhōng jí
外巧内嫉,wài qiǎo nèi jí
外柔内刚,wài róu nèi gāng
外圆内方,wài yuán nèi fāng
弯弓饮羽,wān gōng yǐn yǔ
弯腰捧腹,wān yāo pěng fù
剜肉补疮,wān ròu bǔ chuāng
剜肉成疮,wān ròu chéng chuāng
剜肉生疮,wān ròu shēng chuāng
剜肉医疮,wān ròu yī chuāng
剜肉做疮,wān ròu zuò chuāng
丸泥封关,wán ní fēng guān
刓方为圆,shū fāng wéi yuán
纨绔子弟,wán kù zǐ dì
纨裦膏粱,wán kù gāo liáng
纨裦子弟,wán kǔ zǐ dì
完璧归赵,wán bì guī zhào
完好无缺,wán hǎo wú quē
完美无疵,wán měi wú cī
完美无缺,wán měi wú quē
完名全节,wán míng quán jié
完事大吉,wán shì dà jí
玩兵黩武,wán bīng dú wǔ
玩故习常,wán gù xí cháng
玩忽职守,wán hū zhí shǒu
玩火自焚,wán huǒ zì fén
玩日愒时,wán rì kài shí
玩时愒日,wán shí ài rì
玩时贪日,wán shí tān rì
玩世不恭,wán shì bù gōng
玩岁愒日,wán suì kài rì
玩岁愒时,wán suì yī shí
玩岁愒月,wán suì yī yuè
玩物丧志,wán wù sàng zhì
顽父嚚母,wán fù yín mǔ
顽梗不化,wán gěng bù huà
顽固不化,wán gù bù huà
顽廉懦立,wán lián nuò lì
顽皮赖骨,wán pí lài gǔ
顽皮赖肉,wán pí lài ròu
顽皮贼骨,wán pí zéi gǔ
顽石点头,wán shí diǎn tóu
宛转蛾眉,wǎn zhuǎn é méi
宛转悠扬,wǎn zhuǎn yōu yáng
晚节不保,wǎn jíe bù bǎo
晚节不终,wǎn jié bù zhōng
晚节黄花,wǎn jié huáng huā
晚生后学,wǎn shēng hòu xué
晚食当肉,wǎn shí dàng ròu
莞尔而笑,wǎn ěr ér xiào
万别千差,wàn bié qiān chā
万不得已,wàn bù dé yǐ
万不失一,wàn bù shī yī
万代千秋,wàn dài qiān qiū
万夫不当,wàn fū bù dāng
万夫莫当,wàn fū mò dāng
万古长春,wàn gǔ cháng chūn
万古长存,wàn gǔ cháng cún
万古长青,wàn gǔ cháng qīng
万古流芳,wàn gǔ liú fāng
万古留芳,wàn gǔ liú fāng
万古千秋,wàn gǔ qiān qiū
万贯家财,wàn guàn jiā cái
万贯家私,wàn guàn ji sī
万壑千岩,wàn hè qiān yán
万壑争流,wàn hè zhēng liú
万恨千愁,wàn hèn qiān chóu
万户千门,wàn hù qiān mén
万家灯火,wàn jiā dēng huǒ
万家生佛,wàn jiā shēng fó
万箭穿心,wàn jiàn chuān xīn
万箭攒心,wàn jiàn cuán xīn
万劫不复,wàn jié bù fù
万口一词,wàn kǒu yī cí
万口一辞,wàn kǒu yī cí
万口一谈,wàn kǒu yī tán
万苦千辛,wàn kǔ qiān xīn
万赖俱寂,wàn lài jù jì
万赖无声,wàn lài wú shēng
万籁俱寂,wàn lài jù jì
万籁无声,wàn lài wú shēng
万里长城,wàn lǐ cháng chéng
万里长征,wàn lǐ cháng zhēng
万里鹏程,wàn lǐ péng chéng
万里鹏翼,wàn lǐ péng yì
万里迢迢,wàn lǐ tiáo tiáo
万里无云,wàn lǐ wú yún
万流景仰,wàn liú jǐng yǎng
万缕千丝,wàn lǚ qiān sī
万马奔腾,wàn mǎ bēn téng
万马齐喑,wàn mǎ qí yīn
万民涂炭,wàn mín tú tàn
万目睽睽,wàn mù kuí kuí
万目睚眦,wàn mù yá zì
万年无疆,wàn nián wú jiāng
万念俱灰,wàn niàn jù huī
万念俱寂,wàn niàn jù jì
万签插架,wàn qiān chā jià
万全之策,wàn quán zhī cè
万全之计,wàn quán zhī jì
万人空巷,wàn rén kōng xiàng
万人之敌,wàn rén zhī dí
万世不易,wàn shì bù yì
万世流芳,wàn shì liú fāng
万世师表,wàn shì shī biǎo
万世无疆,wàn shì wú jiāng
万世一时,wàn shì yī shí
万事大吉,wàn shì dà jí
万事亨通,wàn shì hēng tōng
万寿无疆,wàn shòu wú jiāng
万水千山,wàn shuǐ qiān shān
万死不辞,wàn sǐ bù cí
万死一生,wàn sǐ yī shēng
万死犹轻,wàn sǐ yóu qīng
万岁千秋,wàn suì qiān qiū
万头攒动,wàn tóu cuán dòng
万万千千,wàn wàn qiān qiān
万无一失,wàn wú yī shī
万物之灵,wàn wù zhī líng
万象更新,wàn xiàng gēng xīn
万象森罗,wàn xiàng sēn luó
万绪千端,wàn xù qiān duān
万绪千头,wàn xù qiān tóu
万选青钱,wàn xuǎn qīng qián
万应灵丹,wàn yìng líng dān
万应灵药,wàn yìng líng yào
万语千言,wàn yǔ qiān yán
万载千秋,wàn zài qiān qiū
万众一心,wàn zhòng yī xīn
万紫千红,wàn zǐ qiān hóng
汪洋大海,wāng yáng dà hǎi
汪洋大肆,wāng yáng dà sì
汪洋浩博,wāng yáng hào bó
汪洋闳肆,wāng yáng hóng sì
汪洋自肆,wāng yáng zì sì
汪洋自恣,wāng yáng zì zī
汪洋恣肆,wāng yáng zī sì
亡不待夕,wáng bù dài xī
亡不旋跬,wáng bù xuán kuǐ
亡不旋踵,wáng bù xuán zhǒng
亡国大夫,wáng guó dà fū
亡国灭种,wáng guó miè zhǒng
亡国破家,wáng guó pò jiā
亡国之器,wáng guó zhī qì
亡国之社,wáng guó zhī shè
亡国之声,wáng guó zhī shēng
亡国之音,wáng guó zhī yīn
亡魂丧胆,wáng hún sàng dǎn
亡魂丧魄,wáng hún sàng pò
亡魂失魄,wáng hún shī hún
亡戟得矛,wáng jǐ dé máo
亡可奈何,wáng kě nài hé
亡命之徒,wáng mìng zhī tú
亡秦三户,wáng qín sān hù
亡矢遗镞,wáng shǐ yí zú
亡羊补牢,wáng yáng bǔ láo
亡羊得牛,wáng yáng dé niú
亡羊之叹,wáng yáng zhī tàn
亡猿祸木,wáng yuán huò mù
亡猿灾木,wáng yuán zāi mù
王公大人,wáng gōng dà rén
王公贵戚,wáng gōng guì qī
王贡弹冠,wáng gòng dàn guàn
王侯将相,wáng hóu jiàng xiàng
王后卢前,wáng hòu lú qián
王孙公子,wáng sūn gōng zǐ
王孙贵戚,wáng sūn guì qī
王祥卧冰,wáng xiáng wò bīng
王佐之才,wáng zuǒ zhī cái
网开三面,wǎng kāi sān miàn
网开一面,wǎng kāi yī miàn
网漏吞舟,wǎng lòu tūn zhōu
往返徒劳,wǎng fǎn tú láo
往蹇来连,wǎng jiǎn lái lián
往渚还汀,wǎng zhǔ huán tīng
枉尺直寻,wǎng chǐ zhí xún
枉道事人,wǎng dào shì rén
枉法徇私,wǎng fǎ xùn sī
枉费唇舌,wǎng fèi chún shé
枉费工夫,wǎng fèi gōng fū
枉费日月,wǎng fèi rì yuè
枉费心机,wǎng fèi xīn jī
枉费心计,wǎng fèi xīn jì
枉费心力,wǎng fèi xīn lì
枉费心思,wǎng fèi xīn sī
枉己正人,wǎng jǐ zhèng rén
枉矫过激,wǎng jiǎo guò jī
枉勘虚招,wǎng kān xū zhāo
枉口拔舌,wǎng kǒu bá shé
枉口嚼舌,wǎng kǒu jiáo shé
枉口诳舌,wǎng kǒu kuáng shé
枉墨矫绳,wǎng mò jiǎo shéng
枉辔学步,wǎng pèi xué bù
枉曲直凑,wǎng qǔ zhí còu
枉矢哨壶,wǎng shǐ qiào hú
枉突徙薪,wǎng tū xǐ xīn
枉物难消,wǎng wù nán xiāo
枉用心机,wǎng yòng xīn jī
枉直随形,wǎng zhí suí xíng
枉直同贯,wǎng zhí tóng guàn
罔极之恩,wǎng jí zhī ēn
罔知所措,wǎng zhī suǒ cuò
惘然若失,wǎng rán ruò shī
妄尘而拜,wàng chén ér bài
妄口巴舌,wàng kǒu bā shé
妄生穿凿,wàng shēng chuān záo
妄谈祸福,wàng tán huò fú
妄下雌黄,wàng xià cí huáng
妄言妄听,wàng yán wàng tīng
妄自菲薄,wàng zì fěi bó
妄自尊大,wàng zì zūn dà
忘餐废寝,wàng cān fèi qǐn
忘啜废枕,wàng chuò fèi zhěn
忘恩背义,wàng ēn bèi yì
忘恩负义,wàng ēn fù yì
忘恩失义,wàng ēn shī yì
忘乎其形,wàng hū qí xíng
忘乎所以,wàng hū suǒ yǐ
忘年之好,wàng nián zhī hǎo
忘年之交,wàng nián zhī jiāo
忘年之契,wàng nián zhī qì
忘其所以,wàng qí suǒ yǐ
忘寝废食,wàng qǐn fèi shí
忘情负义,wàng qíng fù yì
忘生舍死,wàng shēng shě sǐ
忘象得意,wàng xiàng dé yì
忘形之交,wàng xíng zhī jiāo
忘形之契,wàng xíng zhī qì
忘战必危,wàng zhàn bì wēi
忘战者危,wàng zhàn zhě wēi
望表知里,wàng biǎo zhī lǐ
望尘拜伏,wàng chén bài fú
望尘奔北,wàng chén bēn běi
望尘奔溃,wàng chén bēn kuì
望尘不及,wàng chén bù jí
望尘而拜,wàng chén ér bài
望尘靡及,wàng chén mí jí
望尘莫及,wàng chén mò jí
望尘僩声,wàng chén bù shēng
望尘追迹,wàng chén zhuī jì
望穿秋水,wàng chuān qiū shuǐ
望帝啼鹃,wàng dì tí juān
望断白云,wàng duàn bái yún
望而却步,wàng ér què bù
望而生畏,wàng ér shēng wèi
望风捕影,wàng fēng bǔ yǐng
望风承旨,wàng fēng chéng zhǐ
望风而遁,wàng fēng ér dùn
望风而降,wàng fēng ér jiàng
望风而靡,wàng fēng ér mí
望风而逃,wàng fēng ér táo
望风披靡,wàng fēng pī mǐ
望风扑影,wàng fēng pū yǐng
望风希旨,wàng fēng xī zhǐ
望风希指,wàng fēng xī zhǐ
望风响应,wàng fēng xiǎng yīng
望峰息心,wàng fēng xī xīn
望衡对宇,wàng héng duì yǔ
望空捉影,wàng kōng zhuō yǐng
望梅阁老,wàng méi gé lǎo
望梅止渴,wàng méi zhǐ kě
望门投止,wàng mén tóu zhǐ
望其肩项,wàng qí jiān xiàng
望其项背,wàng qí xiàng bèi
望秋先零,wàng qiū xiān líng
望文生训,wàng wén shēng xùn
望文生义,wàng wén shēng yì
望闻问切,wàng wén wèn qiē
望屋而食,wàng wū ér shí
望屋以食,wàng wū yǐ shí
望岫息心,wàng xiù xī xīn
望眼将穿,wàng yǎn jiāng chuān
望眼欲穿,wàng yǎn yù chuān
望洋而叹,wàng yáng ér tàn
望洋兴叹,wàng yáng xīng tàn
望影揣情,wàng yǐng chuāi qíng
望云之情,wàng yún zhī qíng
望子成龙,wàng zǐ chéng lóng
危机四伏,wēi jī sì fú
危急存亡,wēi jí cún wáng
危迫利诱,wēi pò lì yòu
危如朝露,wēi rú zhāo lù
危如累卵,wēi rú lěi luǎn
危若朝露,wēi ruò zhāo lù
危言高论,wēi yán gāo lùn
危言核论,wēi yán hé lùn
危言覈论,wēi yán hé lùn
危言逆耳,wēi yán nì ěr
危言耸听,wēi yán sǒng tīng
危言竦论,wēi yán sǒng lùn
危言危行,wēi yán wēi xíng
危言正色,wēi yán zhèng sè
危于累卵,wēi yú lěi luǎn
危在旦夕,wēi zài dàn xī
威风八面,wēi fēng bā miàn
威风凛凛,wēi fēng lǐn lǐn
威风扫地,wēi fēng sǎo dì
威风祥麟,wēi fēng xiáng lín
威凤祥麟,wēi fèng xiáng lín
威凤一羽,wēi fèng yī yǔ
威迫利诱,wēi pò lì yòu
威望素著,wēi wàng sù zhù
威望素着,wēi wàng sù zhù
威武不屈,wēi wǔ bù qū
威胁利诱,wēi xié lì yòu
威信扫地,wēi xìn sǎo dì
威刑肃物,wēi xíng sù wù
威震天下,wēi zhèn tiān xià
威重令行,wēi zhòng lìng xíng
偎干就湿,wēi gàn jiù shī
偎红倚翠,wēi hóng yǐ cuì
偎慵堕懒,wēi yōng duò lǎn
逶迤退食,wēi yí tuì shí
微不足道,wēi bù zú dào
微察秋毫,wēi chá qiū háo
微服私行,wēi fú sī xíng
微过细故,wēi guò xì gù
微乎其微,wēi hū qí wēi
微机四伏,wēi jī sì fú
微文深诋,wēi wén shēn dǐ
微显阐幽,wēi xiǎn chǎn yōu
微言大义,wēi yán dà yì
微言大谊,wēi yán dà yì
煨干避湿,wēi gàn bì shī
煨干就湿,wēi gàn jiù shī
巍然屹立,wēi rán yì lì
巍巍荡荡,wēi wēi dàng dàng
为丛驱雀,wèi cóng qū què
为德不终,wéi dé bù zhōng
为德不卒,wéi dé bù zú
为恶不悛,wéi è bù quān
为法自弊,wéi fǎ zì bì
为非作歹,wéi fēi zuò dǎi
为非作恶,wéi fēi zuò è
为富不仁,wéi fù bù rén
为鬼为蜮,wéi guǐ wéi yù
为国捐躯,wèi guó juān qū
为国为民,wéi guó wéi mín
为好成歉,wéi hǎo chéng qiàn
为虎傅翼,wèi hǔ fù yì
为虎添翼,wèi hǔ tiān yì
为虎作伥,wèi hǔ zuò chāng
为虺弗摧,wéi huǐ fú cuī
为民除害,wèi mín chú hài
为民父母,wéi mín fù mǔ
为民请命,wèi mín qǐng mìng
为期不远,wéi qī bù yuǎn
为裘为箕,wéi qiú wéi jī
为人师表,wéi rén shī biǎo
为人说项,wèi rén shuō xiàng
为人作嫁,wèi rén zuò jià
为仁不富,wéi rén bù fù
为山止篑,wéi shān zhǐ kuì
为善最乐,wéi shàn zuì lè
为蛇画足,wéi shé huà zú
为蛇添足,wéi shé tiān zú
为所欲为,wéi suǒ yù wéi
为小失大,wèi xiǎo shī dà
为渊驱鱼,wèi yuān qū yú
韦编三绝,wéi biān sān jué
韦裤布被,wéi kù bù bèi
韦弦之佩,wéi xián zhī pèi
围城打援,wéi chéng dǎ yuán
围魏救赵,wéi wèi jiù zhào
帏箔不修,wéi bó bù xiū
帏薄不修,wéi báo bù xiū
违法乱纪,wéi fǎ luàn jì
违害就利,wéi hài jiù lì
违利赴名,wéi lì fù míng
违强陵弱,wéi qiáng líng ruò
违时绝俗,wéi shí jué sú
违世乖俗,wéi shì guāi sú
违世绝俗,wéi shì jué sú
违世异俗,wéi shì yì sú
违天悖理,wéi tiān bèi lǐ
违天悖人,wéi tiān bèi rén
违天害理,wéi tiān hài lǐ
违天逆理,wéi tiān nì lǐ
违条犯法,wéi tiáo fàn fǎ
违条舞法,wéi tiáo wǔ fǎ
违乡负俗,wéi xiāng fù sú
违心之论,wéi xīn zhī lùn
唯力是视,wéi lì shì shì
唯利是求,wéi lì shì qiú
唯利是视,wéi lì shì shì
唯利是图,wéi lì shì tú
唯邻是卜,wéi lín shì bǔ
唯妙唯肖,wéi miào wéi xiāo
唯命是从,wéi mìng shì cóng
唯命是听,wéi mìng shì tīng
唯所欲为,wéi suǒ yù wéi
唯唯否否,wěi wěi fǒu fǒu
唯唯连声,wěi wěi lián shēng
唯唯诺诺,wěi wěi nuò nuò
唯我独尊,wéi wǒ dú zūn
唯吾独尊,wéi wú dú zūn
帷箔不修,wéi bó bù xiū
帷薄不修,wéi bó bù xiū
帷灯箧剑,wéi dēng qiè jiàn
帷灯匣剑,wéi dēng xiá jiàn
帷幕不修,wéi mù bù xiū
惟精惟一,wéi jīng wéi yī
惟口起羞,wéi kǒu qǐ xiū
惟力是视,wéi lì shì shì
惟利是命,wéi lì shì mìng
惟利是求,wéi lì shì qiú
惟利是趋,wéi lì shì qú
惟利是视,wéi lì shì shì
惟利是图,wéi lì shì tú
惟利是营,wéi lì shì yíng
惟利是逐,wéi lì shì zhú
惟妙惟肖,wéi miào wéi xiào
惟命是从,wéi mìng shì cóng
惟命是听,wéi mìng shì tīng
惟日不足,wéi rì bù zú
惟日为岁,wéi rì wéi suì
惟所欲为,wéi suǒ yù wéi
惟我独尊,wéi wǒ dú zūn
惟肖惟妙,wéi xiāo wéi miào
维妙维肖,wéi miào wéi xiào
嵬目鸿耳,wéi mù hóng ěr
嵬眼澒耳,wéi yǎn xiāng ěr
伟绩丰功,wěi jì fēng gōng
尾大不掉,wěi dà bù diào
尾大难掉,wěi dà nán diào
尾生抱柱,wěi shēng bào zhù
尾生之信,wěi shēng zhī xìn
纬武经文,wěi wǔ jīng wén
委过于人,wěi guò yú rén
委靡不振,wěi mǐ bù zhèn
委曲成全,wěi qǔ chéng quán
委曲求全,wěi qǔ qiú quán
委肉虎蹊,wěi ròu hǔ xī
委委佗佗,wēi wēi tuó tuó
委重投艰,wěi zhòng tóu jiān
委罪于人,wěi zuì yú rén
娓娓不倦,wěi wěi bù juàn
娓娓动听,wěi wěi dòng tīng
娓娓而谈,wěi wěi ér tán
萎糜不振,wěi mí bù zhèn
萎靡不振,wěi mǐ bù zhèn
亹亹不倦,tān wěi bù juàn
未艾方兴,wèi ài fāng xīng
未卜先知,wèi bǔ xiān zhī
未成一篑,wèi chéng yī kuì
未达一间,wèi dá yī jiān
未定之天,wèi dìng zhī tiān
未焚徙薪,wèi fén xǐ xīn
未风先雨,wèi fēng xiān yǔ
未敢苟同,wèi gǎn gǒu tóng
未竟之志,wèi jìng zhī zhì
未可厚非,wèi kě hòu fēi
未老先衰,wèi lǎo xiān shuāi
未了公案,wèi liǎo gōng àn
未明求衣,wèi míng qiú yī
未能免俗,wèi néng miǎn sú
未识一丁,wèi shí yī dīng
未为不可,wèi wéi bù kě
未形之患,wèi xíng zhī huàn
未雨绸缪,wèi yǔ chóu móu
未知万一,wèi zhī wàn yī
未足轻重,wèi zú qīng zhòng
位卑言高,wèi bēi yán gāo
位不期骄,wèi bù qī jiāo
位极人臣,wèi jí rén chén
味如鸡肋,wèi rú jī lèi
味如嚼蜡,wèi rú jiáo là
味同嚼蜡,wèi tóng jiáo cù
畏敌如虎,wèi dí rú hǔ
畏首畏尾,wèi shǒ wèi wěi
畏缩不前,wèi suō bù qián
畏威怀德,wèi wēi huái dé
畏葸不前,wèi xǐ bù qián
畏影避迹,wèi yǐng bì jì
畏影恶迹,wèi yǐng è jì
畏影而走,wèi yǐng ér zǒu
谓予不信,wèi yú bù xìn
渭川千亩,wèi chuān qiān mǔ
渭阳之情,wèi yáng zhī qíng
渭浊泾清,wèi zhuó jīng qīng
蔚成风气,wèi chéng fēng qì
蔚然成风,wèi rán chéng fēng
蔚为大观,wèi wéi dà guān
慰情胜无,wèi qíng shèng wú
餵糟啜漓,bǔ zāo chuò lí
餵糟啜醨,tān zāo chuò lí
餵糟歠漓,bǔ zāo huài lí
餵糟歠醨,bū zāo chuò lí
魏颗结草,wèi kē jié cǎo
魏鹊无枝,wèi què wú zhī
魏紫姚黄,wèi zǐ yáo huáng
温故知新,wēn gù zhī xīn
温衾扇枕,wēn qīn shān zhěn
温情脉脉,wēn qíng mò mò
温情密意,wēn qíng mì yì
温情蜜意,wēn qíng mì yì
温凊定省,wēn qǐng dìng shěng
温柔敦厚,wēn róu dūn hòu
温润而泽,wēn rùn ér zé
温生绝裾,wēn shēng jué jū
温文尔雅,wēn wén ěr yǎ
温文儒雅,wēn wén rú yǎ
温席扇枕,wēn xí shān zhěn
温香艳玉,wēn xiāng yàn yù
温枕扇席,wēn zhěn shān xí
文不对题,wén bù duì tí
文不加点,wén bù jiā diǎn
文采风流,wén cǎi fēng liú
文弛武玩,wén chí wǔ wán
文从字顺,wén cóng zì shùn
文觌武匿,wén dí wǔ nì
文房四宝,wén fáng sì bǎo
文房四侯,wén fáng sì hòu
文房四士,wén fáng sì shì
文房四物,wén fáng sì wù
文房四艺,wén fáng sì yì
文风不动,wén fēng bù dòng
文过其实,wén guò qí shí
文过饰非,wén guò shì fēi
文过遂非,wén guò suí fēi
文籍先生,wén jí xiān shēng
文奸济恶,wén jiān jì è
文江学海,wén jiāng xué hǎi
文经武略,wén jīng wǔ lüè
文经武纬,wén jīng wǔ wěi
文君司马,wén jūn sī mǎ
文君新寡,wén jūn xīn guǎ
文君新醮,wén jūn xīn jiào
文婪武嬉,wén lán wǔ xī
文理不通,wén lǐ bù tōng
文理俱惬,wén lǐ jù qiè
文期酒会,wén qī jiǔ huì
文人墨客,wén rén mò kè
文人墨士,wén rén mò shì
文人无行,wén rén wú xíng
文人相轻,wén rén xiāng qīng
文人学士,wén rén xué shì
文如其人,wén rú qí rén
文弱书生,wén ruò shū shēng
文山会海,wén shān huì hǎi
文身断发,wén shēn duàn fā
文身剪发,wén shēn jiǎn fā
文身翦发,wén shēn jiǎn fā
文深网密,wén shēn wǎng mì
文丝不动,wén sī bù dòng
文似其人,wén sì qí rén
文搜丁甲,wén sōu dīng jiǎ
文韬武略,wén tāo wǔ lüè
文恬武嬉,wén tián wǔ xī
文通残锦,wén tōng cán jǐn
文无加点,wén wú jiā diǎn
文武差事,wén wǔ chà shì
文武兼备,wén wǔ jiān bèi
文武全才,wén wǔ quán cái
文武双全,wén wǔ shuāng quán
文武之道,wén wǔ zhī dào
文献之家,wén xiàn zhī jiā
文星高照,wén xīng gāo zhào
文行出处,wén xíng chū chǔ
文修武备,wén xiū wǔ bèi
文修武偃,wén xiū wǔ yǎn
文以载道,wén yǐ zài dào
文圆质方,wén yuán zhì fāng
文章盖世,wén zhāng gài shì
文章经济,wén zhāng jīng jì
文章巨公,wén zhāng jù gōng
文章钜公,wén zhāng jù gōng
文章魁首,wén zhāng kuí shǒu
文章山斗,wén zhāng shān dòu
文章宿老,wén zhāng sù lǎo
文章星斗,wén zhāng xīng dòu
文章憎命,wén zhāng zèng mìng
文章宗工,wén zhāng zōng gōng
文章宗匠,wén zhāng zōng jiàng
文昭武穆,wén zhāo wǔ mù
文治武功,wén zhì wǔ gōng
文治武力,wén zhì wǔ lì
文质彬彬,wén zhì bīn bīn
文质斌斌,wén zhì bīn bīn
文子同升,wén zǐ tóng shēng
文子文孙,wén zǐ wén sūn
文宗学府,wén zōng xué fǔ
纹丝不动,wén sī bù dòng
闻宠若惊,wén chǒng ruò jīng
闻风而动,wén fēng ér dòng
闻风而起,wén fēng ér qǐ
闻风而逃,wén fēng ér táo
闻风而兴,wén fēng ér xīng
闻风而至,wén fēng ér zhì
闻风破胆,wén fēng pò dǎn
闻风丧胆,wén fēng sàng dǎn
闻风响应,wén fēng xiǎng yīng
闻风远遁,wén fēng yuǎn dùn
闻风远扬,wén fēng yuǎn yáng
闻过则喜,wén guò zé xǐ
闻鸡起舞,wén jī qǐ wǔ
闻雷失箸,wén léi shī zhù
闻名丧胆,wén míng sàng dǎn
闻名遐迩,wén míng xiá ěr
闻融敦厚,wén róng dūn hòu
闻声相思,wén shēng xiāng sī
闻所不闻,wén suǒ bù wén
闻所未闻,wén suǒ wèi wén
闻噎废食,wén yē fèi shí
闻一知二,wén yī zhī èr
闻一知十,wén yī zhī shí
刎颈之交,wěn jǐng zhī jiāo
稳步前进,wén bù qián jìn
稳操胜券,wén cāo shèng quàn
稳操胜算,wén cāo shèng suàn
稳操左券,wén cāo zuǒ quàn
稳吃三注,wén chī sān zhù
稳如泰山,wěn rú tài shān
稳扎稳打,wěn zhā wěn dǎ
问安视寝,wèn ān shì qǐn
问安视膳,wèn ān shì shàn
问长问短,wèn cháng wèn duǎn
问道于盲,wèn dào yú máng
问鼎轻重,wèn dǐng qīng zhòng
问鼎中原,wèn dǐng zhōng yuán
问官答花,wèn guān dá huā
问寒问暖,wèn hán wèn nuǎn
问柳评花,wèn liǔ píng huā
问柳寻花,wèn liǔ xún huā
问牛知马,wèn niú zhī mǎ
问寝视膳,wèn qǐn shì shàn
问舍求田,wèn shě qiú tián
问十道百,wèn shí dào bǎi
问天买卦,wèn tiān mǎi guà
问心无愧,wèn xīn wú kuì
问羊知马,wèn yáng zhī mǎ
问一答十,wèn yī dá shí
问诸水滨,wèn zhū shuǐ bīn
问罪之师,wèn zuì zhī shī
汶阳田反,wèn yáng tián fǎn
瓮尽杯干,wèng jìn bēi gān
瓮里醯鸡,wèng lǐ xī jī
瓮声瓮气,wèng shēng wèng qì
瓮天蠡海,wèng tiān lí hǎi
瓮天之见,wèng tiān zhī jiàn
瓮牖桑枢,wèng yǒu sāng shū
瓮牖绳枢,wèng yǒu shéng shū
瓮中之鳖,wèng zhōng zhī biē
瓮中捉鳖,wèng zhōng zhuō biē
窝火憋气,wō huǒ biē qì
窝停主人,wō tíng zhǔ rén
蜗角虚名,wō jiǎo xū míng
蜗角蝇头,wō jiǎo yíng tóu
蜗角之争,wō jiǎo zhī zhēng
蜗名微利,wō míng wēi lì
蜗舍荆扉,wo she jing fei
蜗行牛步,wō xíng niú bù
我黼子佩,wǒ fǔ zǐ pèi
我负子戴,wǒ fù zǐ dài
我见犹怜,wǒ jiàn yóu lián
我武惟扬,wǒ wǔ wéi yáng
我心如秤,wǒ xīn rú chèng
我行我素,wǒ xíng wǒ sù
我醉欲眠,wǒ zuì yù mián
捰袖揎拳,luò xiù xuān quán
沃野千里,wò yě qiān lǐ
卧不安席,wò bù ān xí
卧床不起,wò chuáng bù qǐ
卧虎藏龙,wò hǔ cáng lóng
卧榻鼾睡,wò tà hān shuì
卧薪尝胆,wò xīn cháng dǎn
卧雪眠霜,wò xuě mián shuāng
握发吐哺,wò fā tǔ bǔ
握发吐飧,wò fā tǔ sūn
握风捕影,wò fēng bǔ yǐng
握纲提领,wò gāng tí lǐng
握铅抱椠,wò qiān bào qiàn
握拳透掌,wò quán tòu zhǎng
握拳透爪,wò quán tòu zhǎo
握蛇骑虎,wò shé qí hǔ
握手言欢,wò shǒu yán huān
握素怀铅,wò sù huái qiān
握素披黄,wò sù pī huáng
握粟出卜,wò sù chū bo
握炭流汤,wò tàn liú tāng
握雾拏云,wò wù ná yún
握瑜怀瑾,wò yú huái jǐn
握瑜怀玉,wò yú huái yù
握雨携云,wò yǔ xié yún
握云拿雾,wò yún ná wù
乌白马角,wū bái mǎ jiǎo
乌飞兔走,wū fēi tù zǒu
乌合之众,wū hé zhī zhòng
乌集之交,wū jí zhī jiāo
乌集之众,wū jí zhī zhòng
乌焦巴弓,wū jiāo bā gōng
乌帽红裙,wū mào hóng qún
乌面鹄形,wū miàn hú xíng
乌鸟私情,wū niǎo sī qíng
乌七八糟,wū qī bā zāo
乌天黑地,wū tiān hēi dì
乌头马角,wū tóu mǎ jiǎo
乌烟瘴气,wū yān zhàng qì
乌焉成马,wū yān chéng mǎ
乌衣门第,wū yī mén dì
乌衣之游,wū yī zhī yóu
乌衣子弟,wū yī zǐ dì
乌有先生,wū yǒu xiān shēng
乌踷兔走,wū cún tù zǒu
污泥浊水,wū ní zhuó shuǐ
污七八糟,wū qī bā zāo
污手垢面,wū shǒu gòu miàn
呜呼哀哉,wū hū āi zāi
呜呼噫嘻,wū hū yī xī
巫山洛浦,wū shān luò pǔ
巫山云雨,wū shān yún yǔ
巫云楚雨,wū yún chǔ yǔ
屋如七星,wū rú qī xīng
屋上建瓴,wū shàng jiàn líng
屋乌推爱,wū wū tuī ài
屋乌之爱,wū wū zhī ài
屋下架屋,wū xià jià wū
屋下作屋,wū xià zuò wū
诬良为盗,wū liáng wéi dào
无般不识,wú bān bù shí
无背无侧,wú bèi wú cè
无边风月,wú biān fēng yuè
无边无际,wú biān wú jì
无边无沿,wú biān wú yán
无边无垠,wú biān wú yín
无病呻吟,wú bìng shēn yīn
无病自炙,wú bìng zì jiǔ
无补于事,wú bǔ yú shì
无肠公子,wú cháng gōng zǐ
无肠可断,wú cháng kě duàn
无耻之尤,wú chǐ zhī yóu
无出其右,wú chū qí yòu
无从置喙,wú cóng zhì huì
无大不大,wú dà bù dà
无大无小,wú dà wú xiǎo
无待蓍龟,wú dài shī guī
无党无偏,wú dǎng wú piān
无德而称,wú dé ér chēng
无的放矢,wú dì fàng shǐ
无敌天下,wú dí tiān xià
无地可容,wú dì kě róng
无地自处,wú dì zì chǔ
无地自厝,wú dì zì cuò
无地自容,wú dì zì róng
无颠无倒,wú diān wú dǎo
无冬历夏,wú dōng lì xià
无冬无夏,wú dōng wú xià
无动为大,wú dòng wéi dà
无动于中,wú dòng yú zhōng
无动于衷,wú dòng yú zhōng
无洞掘蟹,wú dòng jué xiè
无独有偶,wú dú yǒu ǒu
无端生事,wú duān shēng shì
无恶不为,wú è bù wéi
无恶不造,wú è bù zào
无恶不作,wú è bù zuò
无法无天,wú fǎ wú tiān
无方之民,wú fāng zhī mín
无风起浪,wú fēng qǐ làng
无风生浪,wú fēng shēng làng
无风扬波,wú fēng yáng bō
无风作浪,wú fēng zuò làng
无缝天衣,wú féng tiān yī
无服之丧,wú fú zhī sàng
无服之殇,wú fú zhī shāng
无父无君,wú fù wú jūn
无根而固,wú gēn ér gù
无根无蒂,wú gēn wú dì
无功而禄,wú gōng ér lù
无功受禄,wú gōng shòu lù
无故呻吟,wú gù shēn yín
无挂无碍,wú guà wú ài
无关大局,wú guān dà jú
无关大体,wú guān dà tǐ
无关宏旨,wú guān hóng zhǐ
无关紧要,wú guān jǐn yào
无关痛痒,wú guān tòng yǎng
无何有乡,wú hé yǒu xiāng
无乎不可,wú hū bù kě
无毁无誉,wú huǐ wú yù
无机可乘,wú jī kě chéng
无迹可求,wú jì kě qiú
无迹可寻,wú jì kě xún
无稽之谈,wú jī zhī tán
无稽之言,wú jī zhī yán
无计可奈,wú jì kě nài
无计可施,wú jì kě shī
无计奈何,wú jì nài hé
无计所奈,wú jì suǒ nài
无际可寻,wú jì kě xún
无济于事,wú jì yú shì
无家可奔,wú jiā kě bēn
无家可归,wú jiā kě guī
无家无室,wú jiā wú shì
无价之宝,wú jià zhī bǎo
无坚不摧,wú jiān bù cuī
无坚不陷,wú jiān bù xiàn
无间冬夏,wú jiān dōng xià
无间可乘,wú jiān kě chéng
无间可伺,wú jiān kě sì
无间是非,wú jiàn shì fēi
无疆之休,wú jiāng zhī xiū
无噍类矣,wú jiào lèi yǐ
无尽无穷,wú jìn wú qióng
无尽无休,wú jìn wú xiū
无精嗒彩,wú jīng dā cǎi
无精打采,wú jīng dǎ cǎi
无精打彩,wú jīng dǎ cǎi
无胫而来,wú jìng ér lái
无胫而行,wú jìng ér xíng
无胫而至,wú jìng ér zhì
无胫而走,wú jìng ér zǒu
无旧无新,wú jiù wú xīn
无咎无誉,wú jiù wú yù
无拘无碍,wú jū wú ài
无拘无缚,wú jū wú fù
无拘无束,wú jū wú shù
无可比伦,wú kě bǐ lún
无可比拟,wú kě bǐ nì
无可比象,wú kě bǐ xiàng
无可不可,wú kě bù kě
无可非议,wú kě fēi yì
无可奉告,wú kě fèng gào
无可厚非,wú kě hòu fēi
无可讳言,wú kě huì yán
无可救药,wú kě jiù yào
无可名状,wú kě míng zhuàng
无可奈何,wú kě nài hé
无可柰何,wú kě nài hé
无可如何,wú kě rú hé
无可争辩,wú kě zhēng biàn
无可置辩,wú kě zhì biàn
无可置喙,wú kě zhì huì
无可置疑,wú kě zhì yí
无空不入,wú kōng bù rù
无孔不入,wú kǒng bù rù
无孔不钻,wú kǒng bù zuān
无寇暴死,wu kou bào shi
无愧衾影,wú kuì qīn yǐng
无理取闹,wú lǐ qǔ nào
无了根蒂,wú le gēn dì
无了无休,wú le wú xiū
无虑无思,wú lǜ wú sī
无虑无忧,wú lǜ wú yōu
无论如何,wú lùn rú hé
无毛大虫,wú máo dà chóng
无米之炊,wú mǐ zhī chuī
无名火气,wú míng huǒ qì
无名孽火,wú míng niè huǒ
无名小辈,wú míng xiǎo bèi
无名小卒,wú míng xiǎo zú
无名英雄,wú míng yīng xióng
无名之璞,wú míng zhī pú
无名之朴,wú míng zhī pǔ
无名之师,wú míng zhī shī
无明无夜,wú míng wú yè
无明业火,wú míng yè huǒ
无能为力,wú néng wéi lì
无能为役,wú néng wéi yì
无偏无陂,wú piān wú bēi
无偏无党,wú piān wú dǎng
无偏无颇,wú piān wú pō
无偏无倚,wú piān wú yǐ
无平不颇,wú píng bù pō
无其伦比,wú qí lún bǐ
无其奈何,wú qí nài hé
无奇不有,wú qí bù yǒu
无千待万,wú qiān dài wàn
无千无万,wú qiān wú wàn
无牵无挂,wú qiān wú guà
无亲无故,wú qīn wú gù
无情少面,wú qíng shǎo miàn
无情无彩,wú qíng wú cǎi
无情无绪,wú qíng wú xù
无情无义,wú qíng wú yì
无穷无尽,wú qióng wú jìn
无拳无勇,wú quán wú yǒng
无人问津,wú rén wèn jīn
无人之地,wú rén zhī dì
无人之境,wú rén zhī jìng
无任之禄,wú rèn zhī lù
无如奈何,wú rú nài hé
无如之何,wú rú zhī hé
无如之奈,wú rú zhī nài
无伤大体,wú shāng dà tǐ
无伤大雅,wú shāng dà yǎ
无伤无臭,wú shēng wú xiù
无声无臭,wú shēng wú xiù
无声无色,wú shēng wú sè
无声无息,wú shēng wú xī
无师自通,wú shī zì tōng
无施不可,wú shī bù kě
无施不效,wú shī bù xiào
无时无刻,wú shí wú kè
无始无终,wú shǐ wú zhōng
无事生非,wú shì shēng fēi
无事生事,wú shì shēng shì
无适无莫,wú shì wú mò
无適无莫,wú dí wú mò
无束无拘,wú shù wú jū
无丝有线,wú sī yǒu xiàn
无私有弊,wú sī yǒu bì
无私有意,wú sī yǒu yì
无私之光,wú sī zhī guāng
无思无虑,wú sī wú lǜ
无所不包,wú suǒ bù bāo
无所不备,wú suǒ bù bèi
无所不及,wú suǒ bù jí
无所不可,wú suǒ bù kě
无所不能,wú suǒ bù néng
无所不容,wú suǒ bù róng
无所不通,wú suǒ bù tōng
无所不为,wú suǒ bù wéi
无所不晓,wú suǒ bù xiǎo
无所不有,wú suǒ bù yǒu
无所不在,wú suǒ bù zài
无所不知,wú suǒ bù zhī
无所不至,wú suǒ bù zhì
无所不作,wú suǒ bù zuò
无所措手,wú suǒ cuò shǒu
无所顾惮,wú suǒ gù dàn
无所顾忌,wú suǒ gù jì
无所回避,wú suǒ huí bì
无所忌惮,wú suǒ jì dàn
无所忌讳,wú suǒ jì huì
无所可否,wú suǒ kě fǒu
无所容心,wú suǒ róng xīn
无所事事,wú suǒ shì shì
无所适从,wú suǒ shì cóng
无所畏惮,wú suǒ wèi dàn
无所畏忌,wú suǒ wèi jì
无所畏惧,wú suǒ wèi jù
无所依归,wú suǒ yī guī
无所用心,wú suǒ yòng xīn
无所用之,wú suǒ yòng zhī
无所重轻,wú suǒ zhòng qīng
无所作为,wú suǒ zuò wéi
无天无日,wú tiān wú rì
无头告示,wú tóu gào shì
无头无尾,wú tóu wú wěi
无万大千,wú wàn dà qiān
无往不复,wú wǎng bù fù
无往不克,wú wǎng bù kè
无往不利,wú wǎng bù lì
无往不胜,wú wǎng bù shèng
无妄之福,wú wàng zhī fú
无妄之祸,wú wàng zhī huò
无妄之忧,wú wàng zhī yōu
无妄之灾,wú wàng zhī zāi
无微不至,wú wēi bù zhì
无为而成,wú wéi ér chéng
无为而治,wú wéi ér zhì
无为之治,wú wéi zhī zhì
无为自成,wú wéi zì chéng
无为自化,wú wéi zì huà
无隙可乘,wú xì kě chéng
无下箸处,wú xià zhù chǔ
无相无作,wú xiāng wú zuò
无懈可击,wú xiè kě jī
无形无影,wú xíng wú yǐng
无形之罪,wú xíng zhī zuì
无兄盗嫂,wú xiōng dào sǎo
无休无了,wú xiū wú le
无须之祸,wú xū zhī huò
无涯之戚,wú yá zhī qī
无言可对,wú yán kě duì
无颜落色,wú yán luò sè
无一不备,wú yī bù bèi
无一不知,wú yī bù zhī
无衣之赋,wú yī zhī fù
无依无靠,wú yī wú kào
无以复加,wú yǐ fù jiā
无以塞责,wú yǐ sè zé
无倚无靠,wú yǐ wú kào
无翼而飞,wú yì ér fēi
无影无形,wú yǐng wú xíng
无影无踪,wú yǐng wú zōng
无庸讳言,wú yōng huì yán
无庸置辩,wú yōng zhì biàn
无庸置疑,wú yōng zhì yí
无庸赘述,wú yōng zhuì shù
无忧无虑,wú yōu wú lǜ
无幽不烛,wú yōu bù zhú
无尤无怨,wú yóu wú yuàn
无有伦比,wú yǒu lún bǐ
无羐无碍,wú guà wú ài
无与比伦,wú yǔ bǐ lún
无与伦比,wú yǔ lún bǐ
无与为比,wú yǔ wéi bǐ
无缘无故,wú yuán wú gù
无远不届,wú yuǎn bù jiè
无远弗届,wú yuǎn fú jiè
无怨无德,wú yuàn wú dé
无遮大会,wú zhē dà huì
无征不信,wú zhēng bù xìn
无知妄作,wú zhī wàng zuò
无置锥地,wú zhì zhuī dì
无中生有,wú zhōng shēng yǒu
无昼无夜,wú zhòu wú yè
无踪无影,wú zōng wú yǐng
无足轻重,wú zú qīng zhòng
无足重轻,wú zú zhòng qīng
毋望之福,wú wàng zhī fú
毋望之祸,wú wàng zhī huò
毋翼而飞,wú yì ér fēi
吴带当风,wú dài dāng fēng
吴牛喘月,wú niú chuǎn yuè
吴市吹箫,wú shì chuī xiāo
吴市之箫,wú shì zhī xiāo
吴头楚尾,wú tóu chǔ wěi
吴下阿蒙,wú xià ā méng
吴越同舟,wú yuè tóng zhōu
吾谁与归,wú shuí yǔ guī
吾膝如铁,wú xī rú tiě
吾自有处,wu zi you chu
梧凤之鸣,wú fèng zhī míng
梧鼠技穷,wú shǔ jì qióng
梧鼠五技,wú shǔ wǔ jì
梧鼠之技,wú shǔ zhī jì
梧桐断角,wú tóng duàn jiǎo
五步成诗,wǔ bù chéng shī
五彩缤纷,wǔ cǎi bīn fēn
五藏六府,wǔ cáng liù fǔ
五车腹笥,wǔ chē fù sì
五尺竖子,wǔ chǐ shù zǐ
五尺童子,wǔ chǐ tóng zǐ
五尺之童,wǔ chǐ zhī tóng
五尺之僮,wǔ chǐ zhī tóng
五大三粗,wǔ dà sān cū
五典三坟,wǔ diǎn sān fén
五鼎万钟,wǔ dǐng wàn zhōng
五冬六夏,wǔ dōng liù xià
五斗折腰,wǔ dǒu zhé yāo
五毒俱全,wǔ dú jù quán
五短身材,wǔ duǎn shēn cái
五方杂处,wǔ fāng zá chǔ
五方杂厝,wǔ fāng zá cuò
五风十雨,wǔ fēng shí yǔ
五谷不分,wǔ gǔ bù fēn
五谷不升,wǔ gǔ bù shēng
五谷丰登,wǔ gǔ fēng dēng
五谷丰熟,wǔ gǔ fēng shú
五羖大夫,wǔ gǔ dà fū
五光十色,wǔ guāng shí sè
五鬼闹判,wǔ guǐ nào pàn
五合六聚,wǔ hé liù jù
五侯蜡烛,wǔ hòu là zhú
五侯七贵,wǔ hòu qī guì
五湖四海,wǔ hú sì hǎi
五花八门,wǔ huā bā mén
五花大绑,wǔ huā dà bǎng
五花杀马,wǔ huā shā mǎ
五黄六月,wǔ huáng liù yuè
五积六受,wǔ jī liù shòu
五脊六兽,wǔ jí liù shòu
五角六张,wǔ jiǎo liù zhāng
五经扫地,wǔ jīng sǎo dì
五劳七伤,wǔ láo qī shāng
五里雾中,wǔ lǐ wù zhōng
五陵豪气,wǔ líng háo qì
五陵年少,wǔ líng nián shào
五陵英少,wǔ líng yīng shǎo
五零二落,wǔ líng èr luò
五零四散,wǔ líng sì sàn
五马分尸,wǔ mǎ fēn shī
五内俱崩,wǔ nèi jù bēng
五内如焚,wǔ nèi rú fén
五男二女,wǔ nán èr nǚ
五抢六夺,wǔ qiǎng liù duó
五亲六眷,wǔ qīn liù juàn
五雀六燕,wǔ què liù yàn
五日京兆,wǔ rì jīng zhào
五色缤纷,wǔ sè bīn fēn
五色无主,wǔ sè wú zhǔ
五色相宣,wǔ sè xiāng xuān
五申三令,wǔ shēn sān lìng
五石六鹢,wǔ shí liù yī
五世其昌,wǔ shì qí chāng
五体投诚,wǔ tǐ tóu chéng
五体投地,wǔ tǐ tóu dì
五味俱全,wǔ wèi jù quán
五心六意,wǔ xīn liù yì
五行八作,wǔ háng bā zuò
五行并下,wǔ háng bìng xià
五行俱下,wǔ xíng jù xià
五虚六耗,wǔ xū liù hào
五言长城,wǔ yán cháng chéng
五颜六色,wǔ yán liù sè
五音六律,wǔ yīn liù lǜ
五月飞霜,wǔ yuè fēi shuāng
五月披裘,wǔ yuè pī qiú
五蕴皆空,wǔ yùn jiē kōng
五脏六腑,wǔ zàng liù fǔ
五洲四海,wǔ zhōu sì hǎi
五子登科,wǔ zǐ dēng kē
武不善作,wǔ bù shàn zuò
武昌剩竹,wǔ chāng shèng zhú
武断乡曲,wǔ duàn xiāng qū
武断专横,wǔ duàn zhuān héng
武爵武任,wǔ jué wǔ rèn
武偃文修,wǔ yǎn wén xiū
武艺超群,wǔ yì chāo qún
舞笔弄文,wǔ bǐ nòng wén
舞弊营私,wǔ bì yíng sī
舞词弄札,wǔ cí nòng zhá
舞刀跃马,wǔ dāo yuè mǎ
舞凤飞龙,wǔ fèng fēi lóng
舞弄文墨,wǔ nòng wén mò
舞裙歌扇,wǔ qún gē shàn
舞衫歌扇,wǔ shān gē shàn
舞文弄法,wǔ wén nòng fǎ
舞文弄墨,wǔ wén nòng mò
舞文巧诋,wǔ wén qiǎo dǐ
舞文饰智,wǔ wén shì zhì
舞文玩法,wǔ wén wán fǎ
舞榭歌楼,wǔ xiè gē lóu
舞榭歌台,wǔ xiè gē tái
舞爪张牙,wǔ zhǎo zhāng yá
勿怠勿忘,wù dài wù wàng
勿忘在莒,wù wàng zài jǔ
务本抑末,wù běn yì mò
物腐虫生,wù fǔ chóng shēng
物阜民安,wù fǔ mín ān
物阜民丰,wù fù mín fēng
物阜民康,wù fù mín kāng
物归原主,wù guī yuán zhǔ
物华天宝,wù huá tiān bǎo
物换星移,wù huàn xīng yí
物极必反,wù jí bì fǎn
物极必返,wù jí bì fǎn
物极将返,wù jí jiāng fǎn
物极则反,wù jí zé fǎn
物尽其用,wù jìn qí yòng
物竞天择,wù jìn tiān zé
物离乡贵,wù lí xiāng guì
物力维艰,wù lì wéi jiān
物美价廉,jià lián wù měi
物伤其类,wù shāng qí lèi
物是人非,wù shì rén fēi
物稀为贵,wù xī wéi guì
物以类聚,wù yǐ lèi jù
物以群分,wù yǐ qún fēn
物议沸腾,wù yì fèi téng
物殷俗阜,wù yīn sú fù
物在人亡,wù zài rén wáng
物至则反,wù zhì zé fǎn
误打误撞,wù dǎ wù zhuàng
误付洪乔,wù fù hóng qiáo
误国殃民,wù guó yāng mín
误人子弟,wù rén zǐ dì
误认颜标,wù rèn yán biāo
误入歧途,wù rù qí tú
误作非为,wù zuò fēi wéi
雾暗云深,wù àn yún shēn
雾鬓风鬟,wù bìn fēng huán
雾鬓云鬟,wù bìn yún huán
雾惨云愁,wù cǎn yún chóu
雾阁云窗,wù gé yún chuāng
雾集云合,wù jí yún hé
雾里看花,wù lǐ kàn huā
雾鳞云爪,wù lín yún zhǎo
雾起云涌,wù qǐ yún yǒng
雾散云披,wù sàn yún pī
雾释冰融,wù shì bīng róng
雾锁烟迷,wù suǒ yān mí
雾兴云涌,wù xīng yún yǒng
雾涌云蒸,wù yǒng yún zhēng
寤寐求之,wù mèi qiú zhī
夕寐宵兴,xī mèi xiāo xīng
夕惕朝乾,xī tì zhāo qián
夕惕若厉,xī tì ruò lì
夕阳西下,xī yáng xī xià
西窗剪烛,xī chuāng jiǎn zhú
西方净国,xī fāng jìng guó
西方净土,xī fāng jìng tǔ
西风残照,xī fēng cán zhào
西风落叶,xī fēng luò yè
西赆南琛,xī jìn nán chēn
西邻责言,xī lín zé yán
西颦东效,xī pín dōng xiào
西山日薄,xī shān rì báo
西食东眠,xī shí dōng mián
西台痛哭,xī tái tòng kū
西装革履,xī zhuāng gé lǚ
西子捧心,xī zǐ pěng xīn
吸风饮露,xī fēng yǐn lù
吸新吐故,xī xīn tǔ gù
希奇古怪,xī qí gǔ guài
希世之宝,xī shì zhī bǎo
希世之才,xī shì zhī cái
希世之珍,xī shì zhī zhēn
希旨承颜,xī zhǐ chéng yán
析辨诡词,xī biàn guǐ cí
析辨诡辞,xī biàn guǐ cí
析辩诡辞,xī biàn guǐ cí
析肝刿胆,xī gān guì dǎn
析肝沥悃,xī gān lì kǔn
析肝吐胆,xī gān tǔ dǎn
析骨而炊,xī gǔ ér chuī
析圭担爵,xī guī dān jué
析圭儋爵,xī guī dān jué
析圭分组,xī guī fēn zǔ
析珪判野,xī guī pàn yě
析珪胙土,xī guī zuò tǔ
析骸以爨,xī hái yǐ cuàn
析骸易子,xī hái yì zǐ
析毫剖厘,xī háo pōu lí
析毫剖芒,xī háo pōu máng
析交离亲,xī jiāo lí qīn
析精剖微,xī jīng pōu wēi
析缕分条,xī lǚ fēn tiáo
析律贰端,xī lǜ èr duān
析律舞文,xī lǜ wǔ wēn
析微察异,xī wēi chá yì
析言破律,xī yán pò lǜ
析疑匡谬,xī yí kuāng miù
息迹静处,xī jì jìng chù
息交绝游,xī jiāo jué yóu
息怒停瞋,xī nù tíng chēn
息黥补劓,xī qíng bǔ yì
息事宁人,xī shì níng rén
息息相关,xī xī xiāng guān
息息相通,xī xī xiāng tōng
悉帅敝赋,xī shuài bì fù
悉索敝赋,xī suǒ bì fù
悉索薄赋,xī suǒ bó fù
惜客好义,xī kè hǎo yì
惜老怜贫,xī lǎo lián pín
惜墨如金,xī mò rú jīn
惜玉怜香,xī yù lián xiāng
惜指失掌,xī zhǐ shī zhǎng
惜字如金,xī zì rú jīn
晰毛辨发,xī máo biàn fà
犀顶龟文,xī dǐng guī wén
犀角烛怪,xī jiǎo zhú guài
犀颅玉颊,xī lú yù jiá
犀牛望月,xī niú wàng yuè
犀燃烛照,xī rán zhú zhào
犀照牛渚,xī zhào niú zhǔ
稀奇古怪,xī qí gǔ guài
稀世之宝,xī shì zhī bǎo
熙来攘往,xī lái rǎng wǎng
熙熙壤壤,xī xī rǎng rǎng
熙熙攘攘,xī xī rǎng rǎng
熙熙融融,xī xī róng róng
嘻皮涎脸,xī pí xián liǎn
嘻皮笑脸,xī pí xiào liǎn
嘻笑怒骂,xī xiào nù mà
嬉皮笑脸,xī pí xiào liǎn
嬉笑怒骂,xī xiào nù mà
膝行而前,xī xíng ér qián
膝行匍伏,xī xíng pú fú
膝行蒲伏,xī xíng pú fú
膝行肘步,xī xíng zhǒu bù
膝痒搔背,xī yǎng sāo bèi
膝语蛇行,xī yǔ shé xíng
歙漆阿胶,shè qī ē jiāo
羲皇上人,xī huáng shàng rén
鼷腹鹪枝,xī fù jiāo zhī
鼷鼠饮河,xī shǔ yǐn hé
习非成是,xí fēi chéng shì
习故安常,xí gù ān cháng
习俗移性,xí sú yí xìng
习焉不察,xī yān bù chá
习以成俗,xí yǐ chéng sú
习以为常,xí yǐ wéi cháng
习与性成,xí yǔ xìng chéng
席不暇暖,xí bù xiá nuǎn
席地而坐,xí dì ér zuò
席地幕天,xí dì mù tiān
席丰履厚,xí fēng lǚ hòu
席卷八荒,xí juǎn bā huāng
席卷而逃,xí juǎn ér táo
席卷天下,xí juǎn tiān xià
席履丰厚,xí lǚ fēng hòu
席门蓬巷,xí mén péng xiàng
席门穷巷,xí mén qióng xiàng
席上之珍,xí shàng zhī zhēn
席薪枕块,xí xīn zhěn kuài
席珍待聘,xí zhēn dài pìn
袭故蹈常,xí gù dǎo cháng
袭人故智,xí rén gù zhì
洗兵牧马,xǐ bīng mù mǎ
洗肠涤胃,xǐ cháng dí wèi
洗耳恭听,xǐ ěr gōng tīng
洗耳拱听,xǐ ěr gǒng tīng
洗垢匿瑕,xǐ gòu nì xiá
洗垢求瘢,xǐ gòu qiú bān
洗垢求瑕,xǐ gòu qiú xiá
洗垢索瘢,xǐ gòu suǒ bān
洗脚上船,xǐ jiǎo shàng chuán
洗颈就戮,xǐ jǐng jiù lù
洗眉刷目,xǐ méi shuā mù
洗手不干,xǐ shǒu bù gàn
洗手奉公,xǐ shǒu fèng gōng
洗手奉职,xǐ shǒu fèng zhí
洗髓伐毛,xǐ suǐ fá máo
洗心涤虑,xǐ xīn dí lǜ
洗心革面,xǐ xīn gé miàn
洗心换骨,xǐ xīn huàn gǔ
洗心回面,xǐ xīn huí miàn
洗雪逋负,xǐ xuě bū fù
洗濯磨淬,xǐ zhuó mó cuì
徙善远罪,xǐ shàn yuǎn zuì
徙薪曲突,xǐ xīn qū tū
徙宅忘妻,xǐ zhái wàng qī
喜不自胜,xǐ bù zì shèng
喜出望外,xǐ chū wàng wài
喜从天降,xǐ cóng tiān jiàng
喜见于色,xǐ jiàn yú sè
喜眉笑眼,xǐ méi xiào yǎn
喜怒哀乐,xǐ nù āi lè
喜怒无常,xǐ nù wú cháng
喜气洋洋,xǐ qì yáng yáng
喜上眉梢,xǐ shàng méi shāo
喜闻乐见,xǐ wén lè jiàn
喜笑颜开,xǐ xiào yán kāi
喜新厌故,xǐ xīn yàn gù
喜新厌旧,xǐ xīn yàn jiù
喜行于色,xǐ xíng yú sè
喜形于色,xǐ xíng yú sè
喜溢眉梢,xǐ yì méi shāo
喜跃抃舞,xǐ yuè biàn wǔ
喜逐颜开,xǐ zhú yán kāi
戏彩娱亲,xì cǎi yú qīn
戏蝶游蜂,xì dié yóu fēng
系风捕景,xì fēng bǔ jǐng
系风捕影,xì fēng bǔ yǐng
系马埋轮,xì mǎ mái lún
细大不捐,xì dà bù juān
细水长流,xì shuǐ cháng liú
细微末节,xì wēi mò jié
细针密缕,xì zhēn mì lǚ
细枝末节,xì zhī mò jié
阋墙谇帚,xì qiáng suì zhǒu
阋墙御侮,xì qiáng yù wǔ
舄乌虎帝,xì wū hǔ dì
隙大墙坏,xì dà qiáng huài
隙穴之窥,xì xué zhī kuī
呷醋节帅,xiā cù jié shuài
虾兵蟹将,xiā bīng xiè jiàng
瞎马临池,xiā mǎ lín chí
瞎子摸象,xiā zǐ mō xiàng
瞎子摸鱼,xiā zi mō yú
匣剑帷灯,xiá jiàn wéi dēng
匣里龙吟,xiá lǐ lóng yīn
侠肝义胆,xiá gān yì dǎn
狎雉驯童,xiá zhì xùn tóng
俠多俠少,jǐn duō jǐn shǎo
柙虎樊熊,xiá hǔ fán xióng
狭路相逢,xiá lù xiāng féng
遐尔闻名,xiá ěr wén míng
遐迩闻名,xiá ěr wén míng
遐迩一体,xiá ěr yī tǐ
遐迩著闻,xiá ěr zhù wén
遐方绝壤,xiá fāng jué rǎng
遐方绝域,xiá fāng jué yù
遐州僻壤,xiá zhōu pì rǎng
瑕不搑瑜,xiá bù yǎn yú
瑕不掩瑜,xiá bù yǎn yú
瑕瑜互见,xiá yú hù xiàn
霞光万道,xiá guāng wàn dào
霞明玉映,xiá míng yù yìng
霞裙月帔,xiá qún yuè pèi
霞思天想,xiá sī tiān xiǎng
霞思云想,xiá sī yún xiǎng
霞蔚云蒸,xiá wèi yún zhēng
霞友云朋,xiá yǒu yún péng
霞姿月韵,xiá zī yuè yùn
下阪走丸,xià bǎn zǒu wán
下坂走丸,xià bǎn zǒu wán
下笔成篇,xià bǐ chéng piān
下笔成文,xià bǐ chéng wén
下笔成章,xià bǐ chéng zhāng
下笔千言,xià bǐ qiān yán
下笔如神,xià bǐ rú shén
下笔有神,xià bǐ yǒu shén
下不为例,xià bù wéi lì
下车泣罪,xià chē qì zuì
下车伊始,xià chē yī shǐ
下车之始,xià chē zhī shǐ
下车作威,xià chē zuò wēi
下回分解,xià huí fēn jiě
下井投石,xià jǐng tóu shí
下里巴人,xià lǐ bā rén
下陵上替,xià líng shàng tì
下落不明,xià luò bù míng
下马冯妇,xià mǎ féng fù
下马看花,xià mǎ kàn huā
下气怡色,xià qì yí sè
下气怡声,xià qì yí shēng
下乔迁谷,xià qiáo qiān gǔ
下乔入幽,xià qiáo rù yōu
下情上达,xià qíng shàng dá
下塞上聋,xià sāi shàng lóng
下学上达,xià xué shàng dá
下愚不移,xià yú bù yí
下逐客令,xià zhú kè lìng
夏虫朝菌,xià chóng zhāo jūn
夏虫疑冰,xià chóng yí bīng
夏虫语冰,xià chóng yǔ bīng
夏鼎商彝,xià dǐng shāng yí
夏炉冬扇,xià lú dōng shàn
夏日可畏,xià rì kě wèi
夏五郭公,xià wǔ guō gōng
夏雨雨人,xià yǔ yǔ rén
仙风道格,xiān fēng dào gé
仙风道骨,xiān fēng dào gǔ
仙风道气,xiān fēng dào qì
仙露明珠,xiān lù míng zhū
仙山楼阁,xiān shān lóu gé
仙山琼阁,xiān shān qióng gé
仙液琼浆,xiān yè qióng jiāng
仙姿佚貌,xiān zī yì mào
仙姿玉貌,xiān zī yù mào
仙姿玉色,xiān zī yù sè
仙姿玉质,xiān zī yù zhì
先得我心,xiān dé wǒ xīn
先睹为快,xiān dǔ wéi kuài
先断后闻,xiān duàn hòu wén
先发制人,xiān fā zhì rén
先公后私,xiān gōng hòu sī
先号后庆,xiān hào hòu qìng
先号后笑,xiān hào hòu xiào
先河后海,xiān hé hòu hǎi
先花后果,xiān huā hòu guǒ
先见之明,xiān jiàn zhī míng
先来后到,xiān lái hòu dào
先礼后兵,xiān lǐ hòu bīng
先难后获,xiān nán hòu huò
先驱蝼蚁,xiān qū lóu yǐ
先人后己,xiān rén hòu jǐ
先入为主,xiān rù wéi zhǔ
先入之见,xiān rù zhī jiàn
先声夺人,xiān shēng duó rén
先声后实,xiān shēng hòu shí
先圣先师,xiān shèng xiān shī
先天不足,xiān tiān bù zú
先我着鞭,xiān wǒ zhuó biān
先悉必具,xiān xī bì jù
先笑后号,xiān xiào hòu hào
先行后闻,xiān xíng hòu wén
先意承颜,xiān yì chéng yán
先意承旨,xiān yì chéng zhǐ
先意承指,xiān yì chéng zhǐ
先意承志,xiān yì chéng zhì
先意希旨,xiān yì xī zhǐ
先忧后乐,xiān yōu hòu lè
先斩后奏,xiān zhǎn hòu zòu
先知先觉,xiān zhī xiān jué
先自隗始,xiān zì wěi shǐ
纤尘不染,xiān chén bù rǎn
纤介之祸,xiān jiè zhī huò
纤介之失,xiān jiè zhī shī
纤芥之疾,xiān jiè zhī jí
纤悉无遗,xiān xī wú yí
掀风鼓浪,xiān fēng gǔ làng
掀拳裸袖,xiān quán luǒ xiù
掀天动地,xiān tiān dòng dì
掀天揭地,xiān tiān jiē dì
掀天斡地,xiān tiān wò dì
鲜蹦活跳,xiān bèng huó tiào
鲜车健马,xiān chē jiàn mǎ
鲜车怒马,xiān chē nù mǎ
鲜廉寡耻,xiān lián guǎ chǐ
鲜眉亮眼,xiān méi liàng yǎn
鲜血淋漓,xiān xuè lín lí
鲜艳夺目,xiān yàn duó mù
鲜衣良马,xiān yī liáng mǎ
鲜衣美食,xiān yī měi shí
鲜衣怒马,xiān yī nù mǎ
闲曹冷局,xián cáo lěng jú
闲愁万种,xián chóu wàn zhǒng
闲非闲是,xián fēi xián shì
闲花埜草,xián huā yě cǎo
闲花野草,xián huā yě cǎo
闲见层出,xián jiàn céng chū
闲鸥野鹭,xián ōu yě lù
闲情别致,xián qíng bié zhì
闲情逸趣,xián qíng yì qù
闲情逸志,xián qíng yì zhì
闲情逸致,xián qíng yì zhì
闲神野鬼,xián shén yě guǐ
闲是闲非,xián shì xián fēi
闲邪存诚,xián xié cún chéng
闲言长语,xián yán cháng yǔ
闲言淡语,xián yán dàn yǔ
闲言冷语,xián yán lěng yǔ
闲言泼语,xián yán pō yǔ
闲言碎语,xián yán suì yǔ
闲言闲语,xián yán xián yǔ
闲言赘语,xián yán zhuì yǔ
闲云孤鹤,xián yún gū hè
闲云野鹤,xián yún yě hè
闲杂人等,xián zá rén děng
弦外有音,xián wài yǒu yīn
弦外之响,xián wài zhī xiǎng
弦外之意,xián wài zhī yì
弦外之音,xián wài zhī yīn
弦无虚发,xián wú xū fā
贤良方正,xián liáng fāng zhèng
贤母良妻,xián mǔ liáng qī
贤妻良母,xián qī liáng mǔ
贤身贵体,xián shēn guì tǐ
贤贤易色,xián xián yì sè
咸风蛋雨,xián fēng dàn yǔ
咸五登三,xián wǔ dēng sān
咸阳一炬,xián yáng yī jǔ
咸与惟新,xián yǔ wéi xīn
咸与维新,xián yǔ wéi xīn
咸嘴淡舌,xián zuǐ dàn shé
挦毛捣鬓,tún máo dǎo bìn
挦绵扯絮,chán mián chě xù
挦章撦句,lóng zhāng zōng jù
涎脸饧眼,xián liǎn táng yǎn
涎脸涎皮,xián liǎn xián pí
涎眉邓眼,xián méi dèng yǎn
涎皮赖脸,xián pí lài liǎn
涎皮涎脸,xián pí xián liǎn
涎言涎语,xián yán xián yǔ
涎玉沫珠,xián yù mò zhū
衔悲茹恨,xián bēi rú hèn
衔胆栖冰,xián dǎn qī bīng
衔华佩实,xián huá pèi shí
衔环结草,xián huán jié cǎo
衔橛之变,xián jué zhī biàn
衔橛之虞,xián jué zhī yú
衔枚疾走,xián méi jí zǒu
衔沙填海,xián shā tián hǎi
衔石填海,xián shí tián hǎi
衔尾相随,xián wěi xiāng suí
衔玉贾石,xián yù jiǎ shí
衔冤负屈,xián yuān fù qū
嫌长道短,xián cháng dào duǎn
嫌好道歹,xián hǎo dào dǎi
嫌好道恶,xián hǎo dào è
嫌好道歉,xián hǎo dào qiàn
嫌贫爱富,xián pín ài fù
显而易见,xiǎn ér yì jiàn
显露头角,xiǎn lù tóu jiǎo
显亲扬名,xiǎn qīn yáng míng
显山露水,xiǎn shān lù shuǐ
显微阐幽,xiǎn wēi chǎn yōu
显姓扬名,xiǎn xìng yáng míng
显祖荣宗,xiǎn zǔ róng zōng
显祖扬名,xiǎn zǔ yáng míng
显祖扬宗,xiǎn zǔ yáng zōng
险象环生,xiǎn xiàng huán shēng
险遭不测,xiǎn zāo bù cè
险阻艰难,xiǎn zǔ jiān nán
跣足科头,xiǎn zú kē tóu
现身说法,xiàn shēn shuō fǎ
现世现报,xiàn shì xiàn bào
现钟不打,xiàn zhōng bù dǎ
现钟弗打,xiàn zhōng fú dǎ
陷落计中,xiàn luò jì zhōng
陷入僵局,xiàn rù jiāng jú
陷身囹圄,xiàn shēn líng yǔ
陷于缧绁,xiàn yú léi xiè
献可替否,xiàn kě tì fǒu
献曝之忱,xiàn pù zhī chén
献替可否,xiàn tì kě fǒu
乡壁虚造,xiāng bì xū zào
乡利倍义,xiāng lì bèi yì
乡书难寄,xiāng shū nán jì
相安无事,xiāng ān wú shì
相安相受,xiāng ān xiāng shòu
相差无几,xiāng chā wú jǐ
相持不下,xiāng chí bù xià
相待如宾,xiāng dài rú bīn
相得甚欢,xiāng dé shèn huān
相得益章,xiāng dé yì zhāng
相得益彰,xiāng dé yì zhāng
相对无言,xiāng duì wú yán
相反相成,xiāng fǎn xiāng chéng
相逢恨晚,xiāng féng hèn wǎn
相逢狭路,xiāng féng xiá lù
相辅而行,xiāng fǔ ér xíng
相辅相成,xiāng fǔ xiāng chéng
相顾失色,xiāng gù shī sè
相机而动,xiàng jī ér dòng
相机行事,xiāng jī xíng shì
相煎何急,xiāng jiān hé jí
相煎太急,xiāng jiān tài jí
相见恨晚,xiāng jiàn hèn wǎn
相惊伯有,xiāng jīng bó yǒu
相敬如宾,xiāng jìng rú bīn
相克相济,xiāng kè xiāng jì
相貌堂堂,xiàng mào táng táng
相门有相,xiàng mén yǒu xiàng
相女配夫,xiàng nǚ pèi fū
相切相磋,xiāng qiē xiāng cuō
相亲相爱,xiāng qīn xiāng ài
相去几何,xiāng qù jǐ hé
相去无几,xiāng qù wú jǐ
相去悬殊,xiāng qù xuán shū
相忍为国,xiāng rěn wèi guó
相濡以沫,xiāng rú yǐ mò
相生相成,xiāng shēng xiāng chéng
相生相克,xiāng shēng xiāng kè
相失交臂,xiāng shī jiāo bì
相时而动,xiàng shí ér dòng
相视而笑,xiāng shì ér xiào
相视莫逆,xiāng shì mò nì
相鼠有皮,xiàng shǔ yǒu pí
相帅成风,xiāng shuài chéng fēng
相提并论,xiāng tí bìng lùn
相忘形骸,xiāng wàng xíng hái
相习成风,xiāng xí chéng fēng
相形见绌,xiāng xíng jiàn chù
相形见拙,xiāng xíng jiàn zhuō
相形失色,xiāng xíng shī sè
相呴相济,xiāng xǔ xiāng jì
相呴以湿,xiāng xǔ yǐ shī
相沿成俗,xiāng yán chéng sú
相沿成习,xiāng yán chéng xí
相依为命,xiāng yī wéi mìng
相因相生,xiāng yīn xiāng shēng
相映成趣,xiāng yìng chéng qù
相与为一,xiāng yǔ wéi yī
相知恨晚,xiāng zhī hèn wǎn
相知有素,xiāng zhī yǒu sù
相庄如宾,xiāng zhuāng rú bīn
香草美人,xiāng cǎo měi rén
香车宝马,xiāng chē bǎo mǎ
香闺绣阁,xiāng guī xiù gé
香花供养,xiāng huā gòng yǎng
香火不绝,xiāng huǒ bù jué
香火因缘,xiāng huǒ yīn yuán
香火姻缘,xiāng huǒ yīn yuán
香轮宝骑,xiāng lún bǎo qí
香培玉琢,xiang pei yu zuo
香象渡河,xiāng xiàng dù hé
香象绝流,xiāng xiàng jué liú
香消玉减,xiāng xiāo yù jiǎn
香消玉碎,xiāng xiāo yù suì
香消玉损,xiāng xiāo yù sǔn
香消玉殒,xiāng xiāo yù yǔn
香药脆梅,xiāng yào cuì méi
详情度理,xiáng qíng dù lǐ
详星拜斗,xiáng xīng bài dǒu
祥风时雨,xiáng fēng shí yǔ
祥麟威凤,xiáng lín wēi fèng
祥云瑞气,xiáng yún ruì qì
享帚自珍,xiǎng zhǒu zì zhēn
响彻云表,xiǎng chè yún biǎo
响彻云际,xiǎng chè yún jì
响彻云霄,xiǎng chè yún xiāo
响答影随,xiǎng dá yǐng suí
响遏行云,xiǎng è xíng yún
响和景从,xiǎng hé jǐng cóng
想方设法,xiǎng fāng shè fǎ
想入非非,xiǎng rù fēi fēi
想望丰采,xiǎng wàng fēng cǎi
想望风采,xiǎng wàng fēng cǎi
想望风褱,xiǎng wàng fēng shèng
向壁虚构,xiàng bì xū gòu
向壁虚造,xiàng bì xū zào
向风慕义,xiàng fēng mù yì
向火乞儿,xiàng huǒ qǐ ér
向平之原,xiàng píng zhī yuán
向平之愿,xiàng píng zhī yuàn
向若而叹,xiàng ruò ér tàn
向上一路,xiàng shàng yī lù
向声背实,xiàng shēng bèi shí
向天而唾,xiàng tiān ér tuò
向隅而泣,xiàng yú ér qì
巷尾街头,xiàng wěi jiē tóu
巷议街谈,xiàng yì jiē tán
项背相望,xiàng bèi xiāng wàng
项庄舞剑,xiàng zhuāng wǔ jiàn
象齿焚身,xiàng chǐ fén shēn
象耕鸟耘,xiàng gēng niǎo yún
象简乌纱,xiàng jiǎn wū shā
象牙之塔,xiàng yá zhī tǎ
象箸玉杯,xiàng zhù yù bēi
像模像样,xiàng mó xiàng yàng
像心称意,xiàng xīn chēng yì
像心如意,xiàng xīn rú yì
像心适意,xiàng xīn shì yì
像心像意,xiàng xīn xiàng yì
像形夺名,xiàng xíng duó míng
橡饭菁羹,xiàng fàn jīng gēng
橡皮钉子,xiàng pí dìng zǐ
橡茹藿歠,xiàng rú huò chuò
枭俊禽敌,xiāo jùn qín dí
枭蛇鬼怪,xiāo shé guǐ guài
枭视狼顾,xiāo shì láng gù
枭首示众,xiāo shǒu shì zhòng
枭心鹤貌,xiāo xīn hè mào
削草除根,xuē cǎo chú gēn
削发披缁,xuē fà pī zī
削木为吏,xuē mù wéi lì
削铁如泥,xuē tiě rú ní
削铁无声,xuē tiě wú shēng
削职为民,xuē zhí wéi mín
削趾适屦,xuē zhǐ shì jù
削株掘根,xuē zhū jué gēn
削足适履,xuē zú shì lǚ
哓哓不休,xiāo xiāo bù xiū
哓音瘏口,xiāo yīn tú kǒu
枵腹从公,xiāo fù cóng gōng
枵腹终朝,xiāo fù zhōng cháo
骁勇善战,xiāo yǒng shàn zhàn
宵旰焦劳,xiāo gàn jiāo láo
宵旰图治,xiāo gàn tú zhì
宵旰忧劳,xiāo gàn yōu láo
宵旰忧勤,xiāo gàn yōu qín
宵衣旰食,xiāo yī gàn shí
宵鱼垂化,xiāo yú chuí huà
消愁解闷,xiāo chóu jiě mèn
消愁释愦,xiāo cháo shì kuì
消极怠工,xiāo jí dài gōng
消声灭迹,xiāo shēng miè jì
消声匿迹,xiāo shēng nì jì
消声匿影,xiāo shēng nì yǐng
消息灵通,xiāo xī líng tōng
消息盈冲,xiāo xī yíng chōng
消息盈虚,xiāo xī yíng xū
消遥自在,xiāo yáo zì zài
逍遥法外,xiāo yáo fǎ wài
逍遥事外,xiāo yáo shì wài
逍遥物外,xiāo yáo wù wài
逍遥自得,xiāo yáo zì dé
逍遥自娱,xiāo yáo zì yú
逍遥自在,xiāo yáo zì zài
鸮鸣鼠暴,zhāng míng shǔ bào
鸮鸟生翼,qīng niǎo shēng yì
鸮啼鬼啸,niǎo tí guǐ xiào
鸮心鹺舌,xiāo xīn lí shé
鸮心鹂舌,rén xīn lí shé
萧曹避席,xiāo cáo bì xí
萧规曹随,xiāo guī cáo suí
萧郎陌路,xiāo láng mò lù
萧墙祸起,xiāo qiáng huò qǐ
萧然物外,xiāo rán wù wài
硝云弹雨,xiāo yún dàn yǔ
销毁骨立,xiāo huǐ gǔ lì
销魂荡魄,xiāo hún dàng pò
销魂夺魄,xiāo hún duó pò
销神流志,xiāo shén liú zhì
销声避影,xiāo shēng bì yǐng
销声敛迹,xiāo shēng liǎn jì
销声匿迹,xiāo shēng nì jì
销声匿影,xiāo shēng nì yǐng
潇洒风流,xiāo sǎ fēng liú
箫韶九成,xiāo sháo jiǔ chéng
霄壤之别,xiāo rǎng zhī bié
霄壤之殊,xiāo rǎng zhī shū
霄鱼垂化,xiāo yú chuí huà
嚣张一时,xiāo zhāng yī shí
崤函之固,xiáo hán zhī gù
淆乱视听,xiáo luàn shì tīng
小本经营,xiǎo běn jīng yíng
小惩大诫,xiǎo chéng dà jiè
小丑跳梁,xiǎo chǒu tiào liáng
小大由之,xiǎo dà yóu zhī
小道消息,xiǎo dào xiāo xī
小德出入,xiǎo dé chū rù
小肚鸡肠,xiǎo dù jī cháng
小恩小惠,xiǎo ēn xiǎo huì
小姑独处,xiǎo gū dú chǔ
小国寡民,xiǎo guó guǎ mín
小户人家,xiǎo hù rén jiā
小己得失,xiǎo jǐ dé shī
小家碧玉,xiǎo jiā bì yù
小家子气,xiǎo jiā zi qì
小脚女人,xiǎo jiǎo nǚ rén
小康之家,xiǎo kāng zhī jiā
小廉大法,xiǎo lián dà fǎ
小廉曲谨,xiǎo lián qǔ jǐn
小鸟依人,xiǎo niǎo yī rén
小器易盈,xiǎo qì yì yíng
小巧玲珑,xiǎo qiǎo líng lóng
小屈大申,xiǎo qū dà shēn
小屈大伸,xiǎo qū dà shēn
小人得志,xiǎo rén dé zhì
小时了了,xiǎo shí liǎo liǎo
小试锋芒,xiǎo shì fēng máng
小手小脚,xiǎo shǒu xiǎo jiǎo
小受大走,xiǎo shòu dà zǒu
小题大作,xiǎo tí dà zuò
小题大做,xiǎo tí dà zuò
小往大来,xiǎo wǎng dà lái
小枉大直,xiǎo wǎng dà zhí
小隙沉舟,xiǎo xì chén zhōu
小黠大痴,xiǎo xiá dà chī
小小不言,xiǎo xiǎo bù yán
小心谨慎,xiǎo xīn jǐn shèn
小心翼翼,xiǎo xīn yì yì
小眼薄皮,xiǎo yǎn bó pí
小异大同,xiǎo yì dà tóng
小子后生,xiǎo zǐ hòu shēng
晓风残月,xiǎo fēng cán yuè
晓行夜宿,xiǎo xíng yè sù
晓行夜住,xiǎo xíng yè zhù
晓以大义,xiǎo yǐ dà yì
晓以利害,xiǎo yǐ lì hài
孝思不匮,xiào sī bù kuì
孝悌力田,xiào tì lì tián
孝悌忠信,xiào tì zhōng xìn
孝子爱日,xiào zǐ ài rì
孝子慈孙,xiào zǐ cí sūn
孝子顺孙,xiào zǐ shùn sūn
孝子贤孙,xiào zǐ xián sūn
效颦学步,xiào pín xué bù
效犬马力,xiào quǎn mǎ lì
效死疆场,xiào sǐ jiāng chǎng
效死输忠,xiào sǐ shū zhōng
效死勿去,xiào sǐ wù qù
校短量长,jiào duǎn liáng cháng
校短推长,xiào duǎn tuī cháng
笑傲风月,xiào ào fēng yuè
笑比河清,xiào bǐ hé qīng
笑不可仰,xiào bù kě yǎng
笑而不答,xiào ér bù dá
笑里藏刀,xiào lǐ cáng dāo
笑面夜叉,xiào miàn yè chā
笑容可掬,xiào róng kě jū
笑逐颜开,xiào zhú yán kāi
啸傲风月,xiào ào fēng yuè
啸傲湖山,xiào ào hú shān
啸聚山林,xiào jù shān lín
啸侣命俦,xiāo lǚ mìng chóu
啸吒风云,xiào zhà fēng yún
啸咤风云,xiào zhà fēng yún
敩学相长,zuàn xué xiāng cháng
蝎蝎螫螫,xiē xiē zhē zhē
协力齐心,xié lì qí xīn
协力同心,xié lì tóng xīn
协私罔上,xié sī wǎng shàng
协心戮力,xié xīn lù lì
协心同力,xié xīn tóng lì
邪不敌正,xié bù dí zhèng
邪不伐正,xié bù fá zhèng
邪不犯正,xié bù fàn zhèng
邪不干正,xié bù gān zhèng
邪不胜正,xié bù shèng zhèng
邪不压正,xié bù yā zhèng
邪门歪道,xié mén wāi dào
邪魔怪道,xié mó guài dào
邪魔歪道,xié mó wāi dào
邪魔外道,xié mó wài dào
邪魔外祟,xié mó wai suì
胁不沾席,xié bù zhān xí
胁肩谄笑,xié jiān chǎn xiào
胁肩低眉,xié jiān dī méi
胁肩低首,xié jiān dī shǒu
胁肩絫足,xié jiān lèi zú
胁肩累足,xié jiān lěi zú
挟山超海,xié shān chāo hǎi
挟势弄权,jiā shì nòng quán
挟细拿粗,xié xì ná cū
挟主行令,jiā zhǔ xíng lìng
偕生之疾,xié shēng zhī jí
斜风细雨,xié fēng xì yǔ
斜头歪脑,xié tóu wāi nǎo
斜行横阵,xié xíng héng zhèn
携老扶弱,xié lǎo fú ruò
携男挈女,xié nán qiè nǚ
携幼扶老,xié yòu fú lǎo
携云握雨,xié yún wò yǔ
鞋弓袜浅,xié gōng wà qiǎn
鞋弓袜小,xié gōng wà xiǎo
鞋弓襪浅,xié gōng wà qiǎn
鞋弓襪小,xié gōng wà xiǎo
泄漏天机,xiè lòu tiān jī
泄露天机,xiè lòu tiān jī
卸磨杀驴,xiè mò shā lǘ
谢馆秦楼,xiè guǎn qín lóu
谢家宝树,xiè jiā bǎo shù
谢家活计,xiè jiā huó jì
谢兰燕桂,xiè lán yàn guì
谢天谢地,xiè tiān xiè dì
谢庭兰玉,xiè tíng lán yù
邂逅不偶,xiè hòu bù ǒu
邂逅相逢,xiè hòu xiāng féng
邂逅相遇,xiè hòu xiāng yù
燮理阴阳,xiè lǐ yīn yáng
蟹匡蝉緌,xiè kuāng chán ruí
心安理得,xīn ān lǐ dé
心谤腹非,xīn bàng fù fēi
心比天高,xīn bǐ tiān gāo
心不两用,xīn bù liǎng yòng
心不应口,xīn bù yīng kǒu
心不由意,xīn bù yóu yì
心不由主,xīn bù yóu zhǔ
心不在焉,xīn bù zài yān
心长发短,xīn cháng fà duǎn
心长绠短,xīn cháng gěng duǎn
心长力短,xīn cháng lì duǎn
心潮澎湃,xīn cháo péng pài
心弛神往,xīn chí shén wǎng
心驰神往,xīn chí shén wǎng
心驰魏阙,xīn chí wèi què
心慈面软,xīn cí miàn ruǎn
心慈手软,xīn cí shǒu ruǎn
心粗胆大,xīn cū dǎn dà
心粗气浮,xīn cū qì fú
心存芥蒂,xīn cún jiè dì
心存目想,xīn cún mù xiǎng
心胆俱裂,xīn dǎn jù liè
心胆俱碎,xīn dǎn jù suì
心荡神迷,xīn dàng shén mí
心荡神摇,xīn dàng shén yáo
心荡神怡,xīn dàng shén yí
心到神知,xīn dào shén zhī
心低意沮,xīn dī yì jǔ
心烦技痒,xīn fán jì yǎng
心烦虑乱,xīn fán lǜ luàn
心烦意乱,xīn fán yì luàn
心烦意冗,xīn fán yì rǒng
心非巷议,xīn fēi xiàng yì
心服口服,xīn fú kǒu fú
心服首肯,xīn fú shǒu kěn
心浮气粗,xīn fú qì cū
心浮气盛,xīn fú qì shèng
心浮气躁,xīn fú qì zào
心腹大患,xīn fù dà huàn
心腹之病,xīn fù zhī bìng
心腹之患,xīn fù zhī huàn
心腹之疾,xīn fù zhī jí
心腹之交,xīn fù zhī jiāo
心腹之忧,xīn fù zhī yōu
心腹重患,xīn fù zhòng huàn
心甘情原,xīn gān qíng yuán
心甘情愿,xīn gān qíng yuàn
心高气傲,xīn gāo qì ào
心孤意怯,xīn gū yì qiè
心贯白日,xīn guàn bái rì
心广体胖,xīn guǎng tǐ pán
心寒胆落,xīn hán dǎn luò
心寒胆战,xīn hán dǎn zhàn
心狠手毒,xīn hěn shǒu dú
心狠手辣,xīn hěn shǒu là
心花怒发,xīn huā nù fā
心花怒放,xīn huā nù fàng
心怀鬼胎,xīn huái guǐ tāi
心怀叵测,xīn huái pǒ cè
心怀忐忑,xīn huái tǎn tè
心慌撩乱,xīn huāng liáo luàn
心慌意急,xīn huāng yì jí
心慌意乱,xīn huāng yì luàn
心灰意败,xīn huī yì bài
心灰意懒,xīn huī yì lǎn
心灰意冷,xīn huī yì lěng
心回意转,xīn huí yì zhuǎn
心活面软,xīn huó miàn ruǎn
心急火燎,xīn jí huǒ liǎo
心急如焚,xīn jí rú fén
心急如火,xīn jí rú huǒ
心坚石穿,xīn jiān shí chuān
心焦火燎,xīn jiāo huǒ liáo
心焦如焚,xīn jiāo rú fén
心焦如火,xīn jiāo rú huǒ
心惊胆颤,xīn jīng dǎn chàn
心惊胆寒,xīn jīng dǎn hán
心惊胆裂,xīn jīng dǎn liè
心惊胆落,xīn jīng dǎn luò
心惊胆战,xīn jīng dǎn zhàn
心惊肉跳,xīn jīng ròu tiào
心惊肉战,xīn jīng ròu zhàn
心旌摇摇,xīn jīng yáo yáo
心旌摇曳,xīn jīng yáo yè
心开目明,xīn kāi mù míng
心口不一,xīn kǒu bù yī
心口如一,xīn kǒu rú yī
心口相应,xīn kǒu xiāng yīng
心宽体胖,xīn kuān tǐ pán
心旷神飞,xīn kuàng shén fēi
心旷神恬,xīn kuàng shén tián
心旷神怡,xīn kuàng shén yí
心旷神愉,xīn kuàng shén yú
心辣手狠,xīn là shǒu hěn
心劳日拙,xīn láo rì zhuō
心劳意攘,xīn láo yì rǎng
心劳意冗,xīn láo yì rǒng
心力交瘁,xīn lì jiāo cuì
心力衰竭,xīn lì shuāi jié
心灵手巧,xīn líng shǒu qiǎo
心灵性巧,xīn líng xìng qiǎo
心领神会,xīn lǐng shén huì
心领神悟,xīn lǐng shén wù
心领意会,xīn lǐng yì huì
心膂股肱,xīn lǚ gǔ gōng
心乱如麻,xīn luàn rú má
心满意得,xīn mǎn yì dé
心满意足,xīn mǎn yì zú
心满原足,xīn mǎn yuán zú
心满愿足,xīn mǎn yuàn zú
心忙意急,xīn máng yì jí
心忙意乱,xīn máng yì luàn
心明眼亮,xīn míng yǎn liàng
心摹手追,xīn mó shǒu zhuī
心慕手追,xīn mù shǒu zhuī
心凝形释,xīn níng xíng shì
心平气定,xīn píng qì dìng
心平气和,xīn píng qì hé
心虔志诚,xīn qián zhì chéng
心乔意怯,xīn qiáo yì qiè
心巧嘴乖,xīn qiǎo zuǐ guāi
心去难留,xīn qù nán liú
心如刀剉,xīn rú dāo yíng
心如刀锉,xīn rú dāo cuò
心如刀割,xīn rú dāo gē
心如刀绞,xīn rú dāo jiǎo
心如刀搅,xīn rú dāo jiǎo
心如刀锯,xīn rú dāo jù
心如槁木,xīn rú gǎo mù
心如古井,xīn rú gǔ jǐng
心如寒灰,xīn rú hán huī
心如火焚,xīn rú huǒ fén
心如坚石,xīn rú jiān shí
心如金石,xīn rú jīn shí
心如木石,xīn rú mù shí
心如死灰,xīn rú sǐ huī
心如铁石,xīn rú tiě shí
心如悬旌,xīn rú xuán jīng
心如止水,xīn rú zhǐ shuǐ
心若死灰,xīn ruò sǐ huī
心上心下,xīn shàng xīn xià
心神不定,xīn shén bù dìng
心神不宁,xīn shén bù níng
心神恍惚,xīn shén huǎng hū
心事重重,xīn shì chóng chóng
心手相忘,xīn shǒu xiāng wàng
心手相应,xīn shǒu xiāng yìng
心术不端,xīn shù bù duān
心术不正,xīn shù bù zhèng
心同止水,xīn rú zhǐ shuǐ
心头鹿撞,xīn tóu lù zhuàng
心头撞鹿,xīn tóu zhuàng lù
心往神驰,xīn wǎng shén chí
心无二用,xīn wú èr yòng
心无挂碍,xīn wú guài ài
心无旁骛,xīn wú páng wù
心细如发,xīn xì rú fā
心细于发,xīn xì yú fā
心闲手敏,xīn xián shǒu mǐn
心乡往之,xīn xiāng wǎng zhī
心向往之,xīn xiàng wǎng zhī
心小志大,xīn xiǎo zhì dà
心心念念,xīn xīn niàn niàn
心心相印,xīn xīn xiāng yìn
心雄万夫,xīn xióng wàn fū
心绪恍惚,xīn xù huǎng hū
心绪如麻,xīn xù rú má
心血来潮,xīn xuè lái cháo
心痒难挠,xīn yǎng nán náo
心痒难揉,xīn yǎng nán róu
心痒难挝,xīn yǎng nán zhuā
心痒难抓,xīn yǎng nán zhuā
心怡神旷,xīn yí shén kuàng
心逸日休,xīn yì rì xiū
心慵意懒,xīn yōng yì lǎn
心有余悸,xīn yǒu yú jì
心余力绌,xīn yú lì chù
心猿意马,xīn yuán yì mǎ
心悦诚服,xīn yuè chéng fú
心悦神怡,xīn yuè shén yí
心殒胆落,xīn yǔn dǎn luò
心殒胆破,xīn yǔn dǎn pò
心在魏阙,xīn zài wèi què
心瞻魏阙,xīn zhān wèi què
心照不宣,xīn zhào bù xuān
心照情交,xīn zhào qíng jiāo
心照神交,xīn zhào shén jiāo
心知其意,xīn zhī qí yì
心织笔耕,xīn zhī bǐ gēng
心直口快,xīn zhí kǒu kuài
心直嘴快,xīn zhí zuǐ kuài
心中无数,xīn zhōng wú shù
心中有数,xīn zhōng yǒu shù
心拙口夯,xīn zhuō kǒu bèn
心醉魂迷,xīn zuì hún mí
心醉神迷,xīn zuì shén mí
辛壬癸甲,xīn rén guǐ jiǎ
欣然自得,xīn rán zì dé
欣喜若狂,xīn xǐ ruò kuáng
欣欣向荣,xīn xīn xiàng róng
欣欣自得,xīn xīn zì dé
新陈代谢,xīn chén dài xiè
新仇旧恨,xīn chóu jiù hèn
新愁旧恨,xīn chóu jiù hèn
新发于硎,xīn fā yú xíng
新故代谢,xīn gù dài xiè
新昏宴尔,xīn hūn yàn ěr
新婚宴尔,xīn hūn yàn ěr
新婚燕尔,xīn hūn yàn ěr
新来乍到,xīn lái zhà dào
新人新事,xīn rén xīn shì
新亭对泣,xīn tíng duì qì
新硎初试,xīn xíng chū shì
新学小生,xīn xué xiǎo shēng
新益求新,xīn yì qiú xīn
薪尽火传,xīn jìn huǒ chuán
馨香祷祝,xīn xiāng dǎo zhù
伈伈睍睍,xǐn xǐn xiàn xiàn
信笔涂鸦,xìn bǐ tú yā
信步而行,xìn bù ér xíng
信而好古,xìn ér hào gǔ
信而有征,xìn ér yǒu zhēng
信而有证,xìn ér yǒu zhèng
信及豚鱼,xìn jí tún yú
信口雌黄,xìn kǒu cí huáng
信口胡言,xìn kǒu hú yán
信口开呵,xìn kǒu kāi hē
信口开喝,xìn kǒu kāi hē
信口开合,xìn kǒu kāi hé
信口开河,xìn kǒu kāi hé
信马由缰,xìn mǎ yóu jiāng
信赏必罚,xìn shǎng bì fá
信誓旦旦,xìn shì dàn dàn
信手拈来,xìn shǒu niān lái
信守不渝,xìn shǒu bù yú
信言不美,xìn yán bù měi
信以为真,xìn yǐ wéi zhēn
衅发萧墙,xìn fā xiāo qiáng
衅起萧墙,xìn qǐ xiāo qiáng
衅稔恶盈,xìn rěn è yíng
焮天铄地,xìn tiān shuò dì
兴邦立国,xīng bāng lì guó
兴兵动众,xīng bīng dòng zhòng
兴词构讼,xīng cí gòu sòng
兴讹造讪,xīng é zào shàn
兴废继绝,xīng fèi jì jué
兴风作浪,xīng fēng zuò làng
兴高采烈,xìng gāo cǎi liè
兴高彩烈,xìng gāo cǎi liè
兴观群怨,xìng guān qún yuàn
兴会淋漓,xìng huì lín lí
兴家立业,xīng jiā lì yè
兴利除弊,xīng lì chú bì
兴利除害,xīng lì chú hài
兴灭继绝,xīng miè jì jué
兴趣盎然,xìng qù àng rán
兴如嚼蜡,xìng rú jiáo là
兴师动众,xīng shī dòng zhòng
兴师问罪,xīng shī wèn zuì
兴亡祸福,xīng wáng huò fú
兴亡继绝,xīng wáng jì jué
兴微继绝,xīng wēi jì jué
兴味索然,xìng wèi suǒ rán
兴文匽武,xīng wén diào wǔ
兴妖作怪,xīng yāo zuò guài
兴妖作乱,xīng yāo zuò luàn
兴妖作孽,xīng yāo zuò niè
兴云致雨,xīng yún zhì yǔ
兴致勃勃,xìng zhì bó bó
兴致淋漓,xìng zhì lín lí
兴致索然,xìng zhì suǒ rán
星驰电掣,xīng chí diàn chè
星驰电发,xīng chí diàn fā
星驰电走,xīng chí diàn zǒu
星飞电急,xīng fēi diàn jí
星飞云散,xīng fēi yún sàn
星火燎原,xīng huǒ liáo yuán
星离雨散,xīng lí yǔ sàn
星离月会,xīng lí yuè huì
星流电击,xīng liú diàn jī
星流霆击,xīng liú tíng jī
星罗棋布,xīng luó qí bù
星罗云布,xīng luó yún bù
星落云散,xīng luò yún sàn
星灭光离,xīng miè guāng lí
星旗电戟,xīng qí diàn jǐ
星前月下,xīng qián yuè xià
星霜屡移,xīng shuāng lǚ yí
星星点点,xīng xīng diǎn diǎn
星星落落,xīng xīng luò luò
星星之火,xīng xīng zhī huǒ
星行电征,xīng xíng diàn zhēng
星行夜归,xīng xíng yè guī
星移斗转,xīng yí dǒu zhuǎn
星移漏转,xīng yí lòu zhuǎn
星移物换,xīng yí wù huàn
星月交辉,xīng yuè jiāo huī
惺惺相惜,xīng xīng xiāng xī
惺惺作态,xīng xīng zuò tài
腥风醎雨,xīng fēng xián yǔ
腥风血雨,xīng fēng xuè yǔ
腥闻在上,xíng wén zài shàng
刑措不用,xíng cuò bù yòng
刑期无刑,xíng qī wú xíng
刑于之化,xíng yú zhī huà
刑余之人,xíng yú zhī rén
行兵布阵,xíng bīng bù zhèn
行不从径,xíng bù cóng jìng
行不贰过,xíng bù èr guò
行不副言,xíng bù fù yán
行不苟合,xíng bù gǒu hé
行不履危,xíng bù lǚ wēi
行不胜衣,xíng bù shèng yī
行不由径,xíng bù yóu jìng
行不逾方,xíng bù yú fāng
行步如飞,xíng bù rú fēi
行藏用舍,xíng cáng yòng shě
行成于思,xíng chéng yú sī
行动坐卧,xíng dòng zuò wò
行古志今,xíng gǔ zhì jīn
行号卧泣,xíng háo wò qì
行号巷哭,xíng háo xiàng kū
行合趋同,xíng hé qū tóng
行己有耻,xíng jǐ yǒu chǐ
行家里手,háng jiā lǐ shǒu
行奸卖俏,xíng jiān mài qiào
行间字里,háng jiān zì lǐ
行将就木,xíng jiāng jiù mù
行眠立盹,xíng mián lì dǔn
行若狗彘,xíng ruò gǒu zhì
行若无事,xíng ruò wú shì
行色匆匆,xíng sè cōng cōng
行色恠恠,xíng sè cōng cōng
行尸走骨,xíng shī zǒu gǔ
行尸走肉,xíng shī zǒu ròu
行师动众,xíng shī dòng zhòng
行思坐筹,xíng sī zuò chóu
行思坐想,xíng sī zuò xiǎng
行思坐忆,xíng sī zuò yì
行同狗豨,xíng tóng gǒu xī
行同狗彘,xíng tóng gǒu zhì
行同能偶,xíng tóng néng ǒu
行侠好义,xíng xiá hào yì
行险徼幸,xíng xiǎn jiǎo xìng
行崄侥幸,xíng xiǎn jiǎo xìng
行香挂牌,xíng xiāng guà pái
行行蛇蚓,háng háng shé yǐn
行易知难,xíng yì zhī nán
行有余力,xíng yǒu yú lì
行远升高,xíng yuǎn shēng gāo
行远自迩,xíng yuǎn zì ěr
行云流水,xíng yún liú shuǐ
行者让路,xíng zhě ràng lù
行针步线,xíng zhēn bù xiàn
行之有效,xíng zhī yǒu xiào
行住坐卧,xíng zhù zuò wò
行浊言清,xíng zhuó yán qīng
行踪无定,xíng zōng wú dìng
形单影双,xíng dān yǐng shuāng
形单影只,xíng dān yǐng zhī
形槁心灰,xíng gǎo xīn huī
形格势禁,xíng gé shì jìn
形孤影寡,xíng gū yǐng guǎ
形孤影只,xíng gū yǐng zhī
形迹可疑,xíng jì kě yí
形劫势禁,xíng jié shì jìn
形禁势格,xíng jìn shì gé
形具神生,xíng jù shén shēng
形容枯槁,xíng róng kū gǎo
形容憔悴,xíng róng qiáo cuì
形色仓皇,xíng sè cāng huáng
形势逼人,xíng shì bī rén
形输色授,xíng shū sè shòu
形枉影曲,xíng wǎng yǐng qū
形销骨立,xíng xiāo gǔ lì
形形色色,xíng xíng sè sè
形影不离,xíng yǐng bù lí
形影相吊,xíng yǐng xiāng diào
形影相对,xíng yǐng xiāng duì
形影相附,xíng yǐng xiāng fù
形影相随,xíng yǐng xiāng suí
形影相依,xíng yǐng xiāng yī
形影自吊,xíng yǐng zì diào
形影自守,xíng yǐng zì shǒu
形只影单,xíng zhī yǐng dān
形诸笔墨,xíng zhū bǐ mò
醒聩震聋,xǐng kuì zhèn lóng
杏花春雨,xìng huā chūn yǔ
杏脸桃腮,xìng liǎn táo sāi
杏腮桃脸,xìng sāi táo liǎn
杏雨梨云,xìng yǔ lí yún
姓甚名谁,xìng shèn míng shuí
幸灾乐祸,xìng zāi lè huò
性急口快,xìng jí kǒu kuài
性烈如火,xìng liè rú huǒ
性命关天,xìng mìng guān tiān
性命交关,xìng mìng jiāo guān
凶喘肤汗,xiōng chuǎn fū hàn
凶多吉少,xiōng duō jí shǎo
凶年饥岁,xiōng nián jī suì
凶神恶煞,xiōng shén è shà
凶相毕露,xiōng xiàng bì lù
凶终隙末,xiōng zhōng xì mò
凶终隙未,xiōng zhōng xì wèi
兄弟阋墙,xiōng dì xì qiáng
兄弟怡怡,xiōng dì yí yí
兄肥弟瘦,xiōng féi dì shòu
兄死弟及,xiōng féi dì jí
兄友弟恭,xiōng yǒu dì gōng
汹涌彭湃,xiōng yǒng péng pài
汹涌澎湃,xiōng yǒng péng pài
汹涌渒湃,xiōng yǒng péng pài
胸怀大志,xiōng huái dà zhì
胸怀磊落,xiōng huái lěi luò
胸无成竹,xiōng wú chéng zhú
胸无城府,xiōng wú chéng fǔ
胸无大志,xiōng wú dà zhì
胸无点墨,xiōng wú diǎn mò
胸无宿物,xiōng wú sù wù
胸有成略,xiōng yǒu chéng lüè
胸有成算,xiōng yǒu chéng suàn
胸有成竹,xiōng yǒu chéng zhú
胸有城府,xiōng yǒu chéng fǔ
胸有鳞甲,xiōng yǒu lín jiǎ
胸有丘壑,xiōng yǒu qiū hè
胸有邱壑,xiōng yǒu qiū hè
胸有悬镜,xiōng yǒu xuán jìng
胸中甲兵,xiōng zhōng jiǎ bīng
胸中垒块,xiōng zhōng lěi kuài
胸中鳞甲,xiōng zhōng lín jiǎ
胸中万卷,xiōng zhōng wàn juàn
胸中无数,xiōng zhōng wú shù
胸中有数,xiōng zhōng yǒu shù
雄辩高谈,xióng biàn gāo tán
雄才大略,xióng cái dà lüè
雄材大略,xióng cái dà lüè
雄唱雌和,xióng chàng cí hé
雄飞雌伏,xióng fēi cí fú
雄鸡断尾,xióng jī duàn wěi
雄鸡夜鸣,xióng jī yè míng
雄深雅健,xióng shēn yǎ jiàn
雄视一世,xióng shì yī shì
雄伟壮观,xióng wěi zhuàng guān
雄文大手,xióng wén dà shǒu
雄心勃勃,xióng xīn bó bó
雄心壮志,xióng xīn zhuàng zhì
雄姿英发,xióng zī yīng fā
熊经鸱顾,xióng jīng chī gù
熊经鸟申,xióng jīng niǎo shēn
熊经鸟伸,xióng jīng niǎo shēn
熊经鸟曳,xióng jīng niǎo yè
熊经鸟引,xióng jīng niǎo yǐn
熊据虎踤,xióng jù hǔ shēn
熊罴百万,xióng pí bǎi wàn
熊罴入梦,xióng pí rù mèng
熊罴之士,xióng pí zhī shì
熊韬豹略,xióng tāo bào lüè
熊心豹胆,xióng xīn bào dǎn
熊腰虎背,xióng yāo hǔ bèi
休兵罢战,xiū bīng bà zhàn
休明盛世,xiū míng shèng shì
休牛归马,xiū niú guī mǎ
休牛散马,xiū niú sàn mǎ
休戚相关,xiū qī xiāng guān
休戚与共,xiū qī yǔ gòng
休声美誉,xiū shēng měi yù
休休有容,xiū xiū yǒu róng
休养生息,xiū yǎng shēng xī
修辞立诚,xiū cí lì chéng
修短随化,xiū duǎn suí huà
修旧利废,xiū jiù lì fèi
修旧起废,xiū jiù qǐ fèi
修鳞养爪,xiū lín yǎng zhǎo
修齐治平,xiū qí zhì píng
修桥补路,xiū qiáo bǔ lù
修身洁行,xiū shēn jié xíng
修饰边幅,xiū shì biān fú
修文偃武,xiū wén yǎn wǔ
修心养性,xiū xīn yǎng xìng
修真养性,xiū zhēn yǎng xìng
羞花闭月,xiū huā bì yuè
羞面见人,xiū miàn jiàn rén
羞人答答,xiū rén dā dā
羞与哙伍,xiū yǔ kuài wǔ
羞与为伍,xiū yǔ wéi wǔ
脩辞立诚,xiū cí lì chéng
朽戈钝甲,xiǔ gē dùn jiǎ
朽骨重肉,xiǔ gǔ zhòng ròu
朽棘不彫,xiǔ jí bù diāo
朽棘不雕,xiǔ jí bù diāo
朽木不雕,xiǔ mù bù diāo
朽木粪墙,xiǔ mù fèn qiáng
朽木粪土,xiǔ mù fèn tǔ
朽木难彫,xiǔ mù nán diāo
朽木难雕,xiǔ mù nán diāo
朽木生花,xiǔ mù shēng huā
朽木死灰,xiǔ mù sǐ huī
朽索驭马,xiǔ suǒ yù mǎ
朽条腐索,xiǔ tiáo fǔ suǒ
朽株枯木,xiǔ zhū kū mù
朽竹篙舟,xiǔ zhú gāo zhōu
秀才人情,xiù cái rén qíng
秀才造反,xiù cái zào fǎn
秀出班行,xiù chū bān háng
秀而不实,xiù ér bù shí
秀色可餐,xiù sè kě cān
秀水明山,xiù shuǐ míng shān
秀外慧中,xiù wài huì zhōng
绣虎雕龙,xiù hǔ diāo lóng
绣花枕头,xiù huā zhěn tóu
绣口锦心,xiù kǒu jǐn xīn
袖手旁观,xiù shǒu páng guān
褎然冠首,yòu rán guàn shǒu
褎然居首,yòu rán jú shǒu
褎然举首,yòu rán jǔ shǒu
褎如充耳,yòu rú chōng ěr
盱衡厉色,xū héng lì sè
须发皆白,xū fà jiē bái
须眉皓然,xū méi hào rán
须眉交白,xū méi jiāo bái
须眉男子,xū méi nán zǐ
须弥芥子,xū mí jiè zǐ
须髯如戟,xū rán rú jǐ
虚词诡说,xū cí guǐ shuō
虚度年华,xū dù nián huá
虚废词说,xū fèi cí shuō
虚怀若谷,xū huái ruò gǔ
虚晃一枪,xiù huàng yī qiāng
虚己受人,xū jǐ shòu rén
虚己以听,xū jǐ yǐ tīng
虚骄恃气,xiù jiāo shì qì
虚论高议,xū lùn gāo yì
虚情假意,xū qíng jiǎ yì
虚室生白,xū shì shēng bái
虚堂悬镜,xū táng xuán jìng
虚往实归,xū wǎng shí guī
虚位以待,xū wèi yǐ dài
虚无缥缈,xū wú piāo miǎo
虚无飘渺,xū wú piāo miǎo
虚虚实实,xū xū shí shí
虚应故事,xū yìng gù shì
虚有其表,xū yǒu qí biǎo
虚与委蛇,xū yǔ wēi yí
虚张声势,xū zhāng shēng shì
虚舟飘瓦,xū zhōu piāo wǎ
虚嘴掠舌,xū zuǐ lüè shé
虚左以待,xū zuǒ yǐ dài
嘘寒问暖,xū hán wèn nuǎn
嘘枯吹生,xū kū chuī shēng
需沙出穴,xū shā chū xué
魆风骤雨,zhuō fēng zhòu yǔ
徐娘半老,xú niáng bàn lǎo
呴湿濡沫,xǔ shī rú mò
栩栩如生,xǔ xǔ rú shēng
栩栩欲活,xǔ xǔ yù huó
旭日初升,xù rì chū shēng
旭日东升,xù rì dōng shēng
恤老怜贫,xù lǎo lián pín
畜妻养子,xù qī yǎng zǐ
续凫断鹤,xù fú duàn hè
续凫截鹤,xù fú jié hè
续鹜短鹤,xù wù duǎn hè
酗酒滋事,xù jiǔ zī shì
絮果兰因,xù guǒ lán yīn
絮絮叨叨,xù xù dāo dāo
煦色韶光,xù sè sháo guāng
煦煦孑孑,xù xù jié jié
蓄精养锐,xù jīng yǎng ruì
轩昂气宇,xuān áng qì yǔ
轩盖如云,xuān gài rú yún
轩鹤冠猴,xuān hè guàn hóu
轩然大波,xuān rán dà bō
轩然霞举,xuān rán xiá jǔ
轩轩甚得,xuān xuān shèn dé
轩轾不分,xuān zhì bù fēn
宣化承流,xuān huà chéng liú
喧宾夺主,xuān bīn duó zhǔ
揎拳拢袖,xuān quán lǒng xiù
揎拳掳袖,xuān quán lǔ xiù
揎拳捋袖,xuān quán luō xiù
揎拳裸臂,xuān quán luǒ bì
揎拳裸手,xuān quán luǒ shǒu
揎拳裸袖,xuān quán luǒ xiù
揎拳攞袖,xuān quán luó xiù
揎拳捰袖,xuān quán lǒng xiù
揎拳舞袖,xuān quán wǔ xiù
揎腕攘臂,xuān wàn rǎng bì
萱花椿树,xuān huā chūn shù
諠客夺主,xī kè duó zhǔ
玄辞冷语,xuán cí lěng yǔ
玄酒瓠脯,xuán jiǔ hù fǔ
玄妙莫测,xuán miào mò cè
玄妙入神,xuán miào rù shén
玄圃积玉,xuán pǔ jī yù
玄之又玄,xuán zhī yòu xuán
悬兵束马,xuán bīng shù mǎ
悬肠挂肚,xuán cháng guà dù
悬车告老,xuán chē gào lǎo
悬车束马,xuán chē shù mǎ
悬车之年,xuán chē zhī nián
悬车之岁,xuán chē zhī suì
悬车致仕,xuán chē zhì shì
悬鹑百结,xuán chún bǎi jié
悬灯结彩,xuán dēng jié cǎi
悬而未决,xuán ér wèi jué
悬鼓待椎,xuán gǔ dài zhuī
悬龟系鱼,xuán guī jì yú
悬河泻火,xuán hé xiè huǒ
悬河泻水,xuán hé xiè shuǐ
悬河注火,xuán hé zhù huǒ
悬河注水,xuán hé zhù shuǐ
悬壶问世,xián hú wèn shì
悬剑空垄,xuán jiàn kōng lǒng
悬旌万里,xuán jīng wàn lǐ
悬梁刺股,xuán liáng cì gǔ
悬梁刺骨,xuán liáng cì gǔ
悬门抉目,xuán mén jué mù
悬若日月,xuán ruò rì yuè
悬石程书,xuán dàn chéng shū
悬首吴阙,xuán shǒu wú què
悬榻留宾,xuán tà liú bīn
悬鞀建铎,xuán táo jiàn duó
悬鼗建铎,xuán táo jiàn duó
悬头刺股,xuán tóu cì gǔ
悬驼就石,xuán tuó jiù shí
悬心吊胆,xuán xīn diào dǎn
悬悬而望,xuán xuán ér wàng
悬崕峭壁,xuán yá qiào bì
悬崖绝壁,xuán yá jué bì
悬崖勒马,xuán yá lè mǎ
悬崖峭壁,xuán yá qiào bì
悬崖撒手,xuán yá sā shǒu
悬崖转石,xuán yá zhuǎn shí
悬疣附赘,xuán yóu fù zhuì
悬猙素飡,xuán huán sù kòu
旋得旋失,xuán dé xuán shī
旋干转坤,xuán qián zhuǎn kūn
旋乾转坤,xuán qián zhuǎn kūn
旋生旋灭,xuán shēng xuán miè
旋转干坤,xuán zhuǎn gàn kūn
旋转乾坤,xuán zhuǎn qián kūn
璇霄丹阙,xuán xiāo dān què
璇霄丹台,xuán xiāo dān tái
选兵秣马,xuǎn bīng mò mǎ
选歌试舞,xuǎn gē shì wǔ
选妓征歌,xuǎn jì zhēng gē
选色征歌,xuǎn sè zhēng gē
选舞征歌,xuǎn wǔ zhēng gē
选贤举能,xuǎn xián jǔ néng
选贤任能,xuǎn xián rèn néng
选贤与能,xuǎn xián yǔ néng
烜赫一时,xuǎn hè yī shí
癣疥之疾,xuǎn jiè zhī jí
炫奇争胜,xuàn qí zhēng shèng
炫巧斗妍,xuàn qiǎo dòu yán
炫石为玉,xuàn shí wéi yù
炫异争奇,xuàn yì zhēng qí
炫玉贾石,xuàn yù gǔ shí
炫昼缟夜,xuàn zhòu gǎo yè
绚丽多彩,xuàn lì duō cǎi
眩碧成朱,xuàn bì chéng zhū
眩目惊心,xuàn mù jīng xīn
眩视惑听,xuàn shì huò tīng
衒玉贾石,zuì yù jiǎ shí
衒玉求售,zuì yù qiú shòu
衒玉自售,zuì yù zì shòu
靴刀誓死,xuē dāo shì sǐ
穴居野处,xué jū yě chǔ
学步邯郸,xué bù hán dān
学而不厌,xué ér bù yàn
学非所用,xué fēi suǒ yòng
学富才高,xué fù cái gāo
学富五车,xué fù wǔ chē
学贯中西,xué guàn zhōng xī
学海无涯,xué hǎi wú yá
学究天人,xué jiū tiān rén
学老于年,xué lǎo yú nián
学浅才疏,xué qiǎn cái shū
学如穿井,xué rú chuān jǐng
学如登山,xuá rú dēng shān
学识渊博,xué shí yuān bó
学书学剑,xué shū xué jiàn
学疏才浅,xué shū cái qiǎn
学无常师,xué wú cháng shī
学无止境,xué wú zhǐ jìng
学以致用,xué yǐ zhì yòng
雪案萤窗,xuě àn yíng chuāng
雪案萤灯,xuě àn yíng dēng
雪北香南,xuě běi xiāng nán
雪鬓霜鬟,xuě bìn shuāng huán
雪鬓霜毛,xuě bìn shuāng máo
雪操冰心,xuě cāo bīng xīn
雪耻报仇,xuě chǐ bào chóu
雪窗萤火,xuě chuāng yíng huǒ
雪窗萤几,xuě chuāng yíng jǐ
雪鸿指爪,xuě hóng zhǐ zhǎo
雪窖冰天,xuě jiào bīng tiān
雪里送炭,xuě lǐ sòng tàn
雪泥鸿迹,xuě ní hóng jì
雪泥鸿爪,xuě ní hóng zhǎo
雪虐风饕,xuě nüè fēng tāo
雪上加霜,xuě shàng jiā shuāng
雪胎梅骨,xuě tāi méi gǔ
雪天萤席,xuě tiān yíng xí
雪碗冰瓯,xuě wǎn bīng ōu
雪窑冰天,xuě jiào bīng tiān
雪月风花,xuě yuè fēng huā
雪兆丰年,xuě zhào fēng nián
雪中鸿爪,xuě zhōng hóng zhǎo
雪中送炭,xuě zhōng sòng tàn
血风肉雨,xuè fēng ròu yǔ
血光之灾,xuè guāng zhī zāi
血海深仇,xuè hǎi shēn chóu
血迹斑斑,xuè jì bān bān
血口喷人,xuè kǒu pēn rén
血泪斑斑,xuè lèi bān bān
血泪盈襟,xuè lèi yíng jīn
血流成河,xuè liú chéng hé
血流成渠,xuè liú chéng qú
血流漂杵,xuè liú piāo chǔ
血流如注,xuè liú rú zhù
血盆大口,xuè pén dà kǒu
血气方刚,xuè qì fāng gāng
血气之勇,xuè qì zhī yǒng
血染沙场,xuè rǎn shā chǎng
血肉横飞,xuè ròu héng fēi
血肉相连,xuè ròu xiāng lián
血性男儿,xuè xìng nán ér
血雨腥风,xuè yǔ xīng fēng
血债累累,xuè zhài lěi lěi
血战到底,xuè zhàn dào dǐ
谑而不虐,xuè ér bù nüè
谑浪笑敖,xuè làng xiào áo
谑浪笑傲,xuè làng xiào ào
埙篪相和,xūn chí xiāng hè
熏风解愠,xūn fēng jiě yùn
熏陶成性,xūn táo chéng xìng
熏天赫地,xūn tiān hè dì
熏莸同器,xún yóu tóng qì
薰天赫地,xūn tiān hè dì
薰莸同器,xūn yóu tóng qì
寻瘢索绽,xún bān suǒ zhàn
寻弊索瑕,xún bì suǒ xiá
寻风捉影,xún fēng zhuō yǐng
寻根究底,xún gēn jiū dǐ
寻根问底,xún gēn wèn dǐ
寻根追底,xún gēn zhuī dǐ
寻壑经丘,xún hè jīng qiū
寻花觅柳,xún huā mì liǔ
寻花问柳,xún huā wèn liǔ
寻欢作乐,xún huān zuò lè
寻流逐末,xún liú zhú mò
寻事生非,xún shì shēng fēi
寻死觅活,xún sǐ mì huó
寻瑕伺隙,xún xiá sì xì
寻消问息,xún xiāo wèn xī
寻行数墨,xún háng shǔ mò
寻行逐队,xún xíng zhú duì
寻幽入微,xún yōu rù wēi
寻幽探胜,xún yōu tàn shèng
寻源讨本,xún yuán tǎo běn
寻章摘句,xún zhāng zhāi jù
寻枝摘叶,xún zhī zhāi yè
寻踪觅迹,xún zōng mì jì
旬输月送,xún shū yuè sòng
询根问底,xún gēn wèn dǐ
询谋佥同,xún móu qiān tóng
询谋谘度,xún móu zī dù
询迁询谋,xún qiān xún móu
询事考言,xún shì kǎo yán
询于刍荛,xún yú chú ráo
循常习故,xún cháng xí gù
循次而进,xún cì ér jìn
循规蹈矩,xún guī dǎo jǔ
循环往复,xún huán wǎng fù
循环无端,xún huán wú duān
循名核实,xún míng hé shí
循名覈实,xún míng hé shí
循名考实,xún míng kǎo shí
循名课实,xún míng kè shí
循名责实,xún míng zé shí
循诵习传,xún sòng xí chuán
循涂守辙,xún tú shǒu zhé
循途守辙,xún tú shǒu zhé
循序渐进,xún xù jiàn jìn
循循善诱,xún xún shàn yòu
训格之言,xùn gé zhī yán
训练有素,xùn liàn yǒu sù
迅电流光,xùn diàn liú guāng
迅雷风烈,xùn léi fēng liè
徇国忘身,xùn guó wàng shēn
徇情枉法,xùn qíng wǎng fǎ
徇私枉法,xùn sī wǎng fǎ
徇私舞弊,xùn sī wǔ bì
徇私作弊,xùn sī zuò bì
逊志时敏,xùn zhì shí mǐn
噀玉喷珠,xùn yù pēn zhū
压倒元白,yā dǎo yuán bái
压肩迭背,yā jiān dié bèi
压肩叠背,yā jiān dié bèi
压卷之作,yā juàn zhī zuò
压良为贱,yā liáng wéi jiàn
压雪求油,yā xuě qiú yóu
鸦巢生凤,yā cháo shēng fèng
鸦飞雀乱,yā fēi què luàn
鸦飞鹊乱,yā fēi què luàn
鸦没鹊静,yā méi què jìng
鸦默雀静,yā mò què jìng
鸦默鹊静,yā mò què jìng
鸦雀无声,yā què wú shēng
鸦雀无闻,yā què wú wén
鸦鹊无声,yā què wú shēng
鸭步鹅行,yā bù é xíng
鸭行鹅步,yā xíng é bù
牙白口清,yá bái kǒu qīng
牙签锦轴,yá qiān jǐn zhóu
牙签万轴,yá qiān wàn zhóu
牙签犀轴,yá qiān xī zhóu
牙签玉轴,yá qiān yù zhóu
牙牙学语,yá yá xué yǔ
睚眦必报,yá zì bì bào
衙官屈宋,yá guān qū sòng
哑口无声,yǎ kǒu wú shēng
哑口无言,yǎ kǒu wú yán
哑然失笑,yǎ rán shī xiào
哑子托梦,yǎ zǐ tuō mèng
哑子寻梦,yǎ zǐ xún mèng
哑子做梦,yǎ zǐ zuò mèng
雅量高致,yǎ liàng gāo zhì
雅雀无声,yǎ què wú shēng
雅人清致,yǎ rén qīng zhì
雅人深致,yǎ rén shēn zhì
雅人韵士,yǎ rén yùn shì
雅俗共赏,yǎ sú gòng shǎng
亚肩迭背,yà jiān dié bèi
亚肩叠背,yà jiān dié bèi
揠苗助长,yà miáo zhù zhǎng
咽苦吐甘,yàn kǔ tǔ gān
咽苦吞甘,yàn kǔ tūn gān
烟波钓徒,yān bō diào tú
烟波浩渺,yān bō hào miǎo
烟断火绝,yān duàn huǒ jué
烟飞星散,yān fēi xīng sàn
烟霏雾集,yān fēi wù jí
烟霏雨散,yān fēi yǔ sàn
烟花风月,yān huā fēng yuè
烟聚波属,yān jù bō shǔ
烟视媚行,yān shì mèi xíng
烟蓑雨笠,yān suō yǔ lì
烟霞痼疾,yān xiá gù jì
烟消火灭,yān xiāo huǒ miè
烟消雾散,yān xiāo wù sàn
烟消云散,yān xiāo yún sàn
烟销灰灭,yān xiāo huī miè
烟炎张天,yān yán zhāng tiān
烟云过眼,yān yún guò yǎn
淹会贯通,yān huì guàn tōng
淹旬旷月,yān xún kuàng yuè
淹淹一息,yān yān yī xī
湮没无闻,yān mò wú wén
嫣红姹紫,yān hóng chà zǐ
嫣然一笑,yān rán yī xiào
延津之合,yán jīn zhī hé
延颈鹤望,yán jǐng hè wàng
延颈举踵,yán jǐng jǔ zhǒng
延颈跂踵,yán jǐng qǐ zhǒng
延颈企踵,yán jǐng qǐ zhǒng
延年益寿,yán nián yì shòu
严陈以待,yán chén yǐ dài
严惩不贷,yán chéng bù dài
严家饿隶,yán jiā è lì
严气正性,yán qì zhèng xìng
严霜烈日,yán shuāng liè rì
严丝合缝,yán sī hé fèng
严刑峻法,yán xíng jùn fǎ
严刑峻制,yán xíng jùn zhì
严于律己,yán yú lǜ jǐ
严于律已,yán yú lǜ jǐ
严阵以待,yán zhèn yǐ dài
妍蚩好恶,yán chī hǎo è
妍姿艳质,yán zī yàn zhì
言必有据,yán bì yǒu jù
言必有物,yán bì yǒu wù
言必有中,yán bì yǒu zhòng
言不达意,yán bù dá yì
言不逮意,yán bù dǎi yì
言不二价,yán bù èr jià
言不顾行,yán bù gù xíng
言不及行,yán bù jí xíng
言不及义,yán bù jí yì
言不尽意,yán bù jìn yì
言不由中,yán bù yóu zhōng
言不由衷,yán bù yóu zhōng
言出法随,yán chū fǎ suí
言出祸从,yán chū huò cóng
言出祸随,yán chū huò suí
言传身教,yán chuán shēn jiào
言从计纳,yán cóng jì nà
言从计听,yán cóng jì tīng
言从计行,yán cóng jì xíng
言颠语倒,yán diān yǔ dǎo
言多必失,yán duō bì shī
言多伤行,yán duō shāng xíng
言多伤幸,yán duō shāng xìng
言多伤倖,yán duō shāng xìng
言而不信,yán ér bù xìn
言而无信,yán ér wú xìn
言而有信,yán ér yǒu xìn
言发祸随,yán fā huò suí
言方行圆,yán fāng xíng yuán
言芳行洁,yán fāng xíng jié
言高语低,yán gāo yǔ dī
言归和好,yán guī hé hǎo
言归于好,yán guī yú hǎo
言归正传,yán guī zhèng zhuàn
言过其实,yán guò qí shí
言和意顺,yán hé yì shùn
言简义丰,yán jiǎn yì fēng
言简意该,yán jiǎn yì gāi
言简意赅,yán jiǎn yì gāi
言简意少,yán jiǎn yì shǎo
言简意深,yán jiǎn yì shēn
言近意远,yán jìn yì yuǎn
言近旨远,yán jìn zhǐ yuǎn
言近指远,yán jìn zhǐ yuǎn
言来语去,yán lái yǔ qù
言类悬河,yán lèi xuán hé
言论风生,yán lùn fēng shēng
言气卑弱,yan qi bei ruo
言清行浊,yán qīng xíng zhuó
言人人殊,yán rén rén shū
言若悬河,yán ruò xuán hé
言三语四,yán sān yǔ sì
言十妄九,yán shí wàng jiǔ
言是人非,yán shì rén fēi
言谈举止,yán tán jǔ zhǐ
言谈林薮,yán tán lín sǒu
言提其耳,yán tí qí ěr
言听计从,yán tīng jì cóng
言听计行,yán tīng jì xíng
言听计用,yán tīng jì yòng
言听谋决,yán tīng móu jué
言听事行,yán tīng shì xíng
言听行从,yán tīng xíng cóng
言外之味,yán wài zhī wèi
言外之意,yán wài zhī yì
言为心声,yán wéi xīn shēng
言文行远,yán wén xíng yuǎn
言无不尽,yán wú bù jìn
言无二价,yán wú èr jià
言无伦次,yán wú lún cì
言笑不苟,yán xiào bù gǒu
言笑晏晏,yán xiào yàn yàn
言笑自如,yán xiào zì rú
言笑自若,yán xiào zì ruò
言信行果,yán xìn xíng guǒ
言行抱一,yán xíng bào yī
言行不贰,yán xíng bù èr
言行不符,yán xíng bù fú
言行不一,yán xíng bù yī
言行计从,yán xíng jì cóng
言行若一,yán xíng ruò yī
言行相悖,yán xíng xiāng bèi
言行相符,yán xíng xiāng fú
言行相副,yán xíng xiāng fù
言行相顾,yán xíng xiāng gù
言行相诡,yán xíng xiāng guǐ
言行信果,yán xíng xìn guǒ
言行一致,yán xíng yī zhì
言扬行举,yán yáng xíng jǔ
言犹在耳,yán yóu zài ěr
言与心违,yán yǔ xīn wéi
言语道断,yán yǔ dào duàn
言语路绝,yán yǔ lù jué
言约旨远,yán yuē zhǐ yuǎn
言者不知,yán zhě bù zhī
言者弗知,yán zhě fú zhī
言之不预,yán zhī bù yù
言之成理,yán zhī chéng lǐ
言之过甚,yán zhī guò shèn
言之无物,yán zhī wú wù
言之有故,yán zhī yǒu gù
言之有礼,yán zhī yǒu lǐ
言之有理,yán zhī yǒu lǐ
言之有物,yán zhī yǒu wù
言之有序,yán zhī yǒu xù
言之凿凿,yán zhī záo záo
言中事隐,yán zhōng shì yǐn
言重九鼎,yán zhòng jiǔ dǐng
岩居川观,yán jū chuān guān
岩居穴处,yán jū xué chǔ
岩栖谷饮,yán qī gǔ yǐn
岩栖谷隐,yán qī gǔ yǐn
岩栖穴处,yán qī xué chǔ
岩穴之士,yán xué zhī shì
沿波讨源,yán bō tǎo yuán
沿才受职,yán cái shòu zhí
沿流讨源,yán liú tǎo yuán
沿门持钵,yán mén chí bō
沿门讬钵,yán mén tuō bō
沿门托钵,yán mén tuō bō
炎黄子孙,yán huáng zǐ sūn
炎凉世态,yán liáng shì tài
研机综微,yán jī zōng wēi
研京练都,yán jīng liàn dōu
研经铸史,yán jīng zhù shǐ
研精毕智,yán jīng bì zhì
研精阐微,yán jīng chǎn wēi
研精殚力,yán jīng dān lì
研精殚思,yán jīng dān sī
研精钩深,yán jīng gōu shēn
研精竭虑,yán jīng jié lǜ
研精究微,yán jīng jiū wēi
研精苦思,yán jīng kǔ sī
研精覃思,yán jīng tán sī
研精致思,yán jīng zhì sī
研桑心计,yán sāng xīn jì
盐梅相成,yán méi xiāng chéng
盐梅之寄,yán méi zhī jì
盐梅舟楫,yán méi zhōu jí
颜丹鬓绿,yán dān bìn lǜ
颜骨柳筋,yán gǔ liǔ jīn
颜筋柳骨,yán jīn liǔ gǔ
颜精柳骨,yán jīng liǔ gǔ
颜面扫地,yán miàn sǎo dì
奄奄一息,yǎn yǎn yī xī
俨乎其然,yǎn hū qí rán
偃兵修文,yǎn bīng xiū wén
偃革倒戈,yǎn gé dǎo gē
偃革尚文,yǎn gé shàng wén
偃革为轩,yǎn gé wéi xuān
偃甲息兵,yǎn jiǎ xī bīng
偃旗仆鼓,yǎn qí pú gǔ
偃旗卧鼓,yǎn qí wò gǔ
偃旗息鼓,yǎn qí xī gǔ
偃鼠饮河,yǎn shǔ yǐn hé
偃武崇文,yǎn wǔ chóng wén
偃武觌文,yǎn wǔ dí wén
偃武櫜兵,yǎn wǔ gāo bīng
偃武息戈,yǎn wǔ xī gē
偃武兴文,yǎn wǔ xīng wén
偃武行文,yǎn wǔ xíng wén
偃武休兵,yǎn wǔ xiū bīng
偃武修文,yǎn wǔ xiū wén
掩鼻而过,yǎn bí ér guò
掩鼻偷香,yǎn bí tōu xiāng
掩恶扬美,yǎn è yáng měi
掩恶扬善,yǎn è yáng shàn
掩耳盗铃,yǎn ěr dào líng
掩耳盗钟,yǎn ěr dào zhōng
掩耳偷铃,yǎn ěr tōu líng
掩骼埋窆,yǎn gé mái biǎn
掩骼埋胔,yǎn gé mái zì
掩过饰非,yǎn guò shì fēi
掩过扬善,yǎn guò yáng shàn
掩口而笑,yǎn kǒu ér xiào
掩口胡卢,yǎn kǒu hú lú
掩口葫芦,yǎn kǒu hú lú
掩口失声,yǎn kǒu shī shēng
掩目捕雀,yǎn mù bǔ què
掩其不备,yǎn qí bù bèi
掩其无备,yǎn qí wú bèi
掩旗息鼓,yǎn qí xī gǔ
掩人耳目,yǎn rén ěr mù
掩瑕藏疾,yǎn xiá cáng jí
掩眼捕雀,yǎn yǎn bǔ què
眼馋肚饱,yǎn chán dù bǎo
眼穿肠断,yǎn chuān cháng duàn
眼穿心死,yǎn chuān xīn sǐ
眼高手低,yǎn gāo shǒu dī
眼高手生,yǎn gāo shǒu shēng
眼观六路,yǎn guān liù lù
眼花耳热,yǎn huā ěr rè
眼花撩乱,yǎn huā liáo luàn
眼花缭乱,yǎn huā liáo luàn
眼花雀乱,yǎn huā què luàn
眼花心乱,yǎn huā xīn luàn
眼急手快,yǎn jí shǒu kuài
眼疾手快,yǎn jí shǒu kuài
眼尖手快,yǎn jiān shǒu kuài
眼开眉展,yǎn kāi méi zhǎn
眼空四海,yǎn kōng sì hǎi
眼明手快,yǎn míng shǒu kuài
眼明心亮,yǎn míng xīn liàng
眼内无珠,yǎn nèi wú zhū
眼饧耳热,yǎn xíng ěr rè
眼笑眉飞,yǎn xiào méi fēi
眼中拔钉,yǎn zhōng bá dīng
眼中有铁,yǎn zhōng yǒu tiě
演武修文,yǎn wǔ xiū wén
厌故喜新,yàn gù xǐ xīn
厌难折冲,yàn nán zhé chōng
厌闻饫听,yàn wén yù tīng
宴安鸠毒,yàn ān jiū dú
宴安醙毒,yàn ān dān dú
宴安鸩毒,yàn ān zhèn dú
宴尔新婚,yàn ěr xīn hūn
晏安醙毒,yàn ān dān dú
晏开之警,yàn kāi zhī jǐng
晏然自若,yàn rán zì ruò
艳如桃李,yàn rú táo lǐ
艳色绝世,yàn sè jué shì
艳紫妖红,yàn zǐ yāo hóng
掞藻飞声,shǎn zǎo fēi shēng
雁泊人户,yàn bó rén hù
雁断鱼沉,yàn duàn yú chén
雁过拔毛,yàn guò bá máo
雁过拨毛,yàn guò bō máo
雁过留声,yàn guò liú shēng
雁默先烹,yàn mò xiān pēng
雁南燕北,yàn nán yàn běi
雁去鱼来,yàn qù yú lái
雁逝鱼沉,yàn shì yú chén
雁素鱼笺,yàn sù yú jiān
雁塔题名,yàn tǎ tí míng
雁塔新题,yàn tǎ xīn tí
雁杳鱼沉,yàn yǎo yú chén
雁影分飞,yàn yǐng fēn fēi
燕安醙毒,yàn ān dān dú
燕安鸩毒,yàn ān zhèn dú
燕巢飞幕,yàn cháo fēi mù
燕巢幕上,yàn cháo mù shàng
燕巢幙上,yàn cháo yú shàng
燕巢危幕,yàn cháo wēi mù
燕巢卫幕,yàn cháo wèi mù
燕巢于幕,yàn cháo yú mù
燕俦莺侣,yàn chóu yīng lǚ
燕处焚巢,yàn chǔ fén cháo
燕处危巢,yàn chǔ wēi cháo
燕岱之石,yān dài zhī shí
燕妒莺惭,yàn dù yīng cán
燕额虎头,yàn é hǔ tóu
燕尔新婚,yàn ěr xīn hūn
燕歌赵舞,yān gē zhào wǔ
燕颔虎颈,yàn hàn hǔ jǐng
燕颔虎头,yàn hàn hǔ tóu
燕颔虎须,yàn hàn hǔ xū
燕颔虬须,yàn hàn qiú xū
燕颔儒生,yàn hàn rú shēng
燕颔书生,yàn hàn shū shēng
燕驾越毂,yān jià yuè gū
燕金募秀,yān jīn mù xiù
燕骏千金,yān jùn qiān jīn
燕侣莺俦,yàn lǚ yīng chóu
燕幕自安,yàn mù zì ān
燕雀处堂,yàn què chǔ táng
燕雀处屋,yàn què chǔ wū
燕雀相贺,yàn què xiāng hè
燕雀之见,yàn què zhī jiàn
燕雀之居,yàn què zhī jū
燕石妄珍,yān shí wàng zhēn
燕市悲歌,yān shì bēi gē
燕瘦环肥,yàn shòu huán féi
燕舞莺歌,yàn wǔ yīng gē
燕舞莺啼,yàn wǔ yīng tí
燕雁代飞,yàn yàn dài fēi
燕燕莺莺,yàn yàn yīng yīng
燕燕于归,yàn yàn yú guī
燕翼贻谋,yàn yì yí móu
燕语莺声,yàn yǔ yīng shēng
燕语莺啼,yàn yǔ yīng tí
燕约莺期,yàn yuē yīng qī
燕跃鹄踊,yàn yuè hú yǒng
燕昭好马,yān zhāo hǎo mǎ
燕昭市骏,yān zhāo shì jùn
燕子衔食,yàn zǐ xián shí
泱泱大风,yāng yāng dà fēng
殃及池鱼,yāng jí chí yú
鞅鞅不乐,yāng yāng bù lè
扬长避短,yáng cháng bì duǎn
扬长而去,yáng cháng ér qù
扬幡招魂,yáng fān zhāo hún
扬风抦雅,yáng fēng bào yǎ
扬己露才,yáng jǐ lù cái
扬厉铺张,yáng lì pù zhāng
扬铃打鼓,yáng líng dǎ gǔ
扬眉瞬目,yáng méi shùn mù
扬眉吐气,yáng méi tǔ qì
扬眉眴目,yáng méi shùn mù
扬名四海,yáng míng sì hǎi
扬名显亲,yáng míng xiǎn qīn
扬葩振藻,yáng pā zhèn zǎo
扬清激浊,yáng qīng jī zhuó
扬清厉俗,yáng qīng lì sú
扬清抑浊,yáng qīng yì zhuó
扬汤止沸,yáng tāng zhǐ fèi
扬威曜武,yáng wēi yào wǔ
扬威耀武,yáng wēi yào wǔ
扬武耀威,yáng wǔ yào wēi
扬扬得意,yáng yáng dé yì
扬扬自得,yáng yáng zì dé
羊肠九曲,yáng cháng jiǔ qǔ
羊肠鸟道,yáng cháng niǎo dào
羊肠小道,yáng cháng xiǎo dào
羊触藩篱,yáng chù fān lí
羊羔美酒,yán gāo měi jiǔ
羊狠狼贪,yáng hěn láng tān
羊落虎口,yáng luò hǔ kǒu
羊入虎群,yáng rù hǔ qún
羊续悬鱼,yáng xù xuán yú
羊质虎皮,yáng zhì hǔ pí
阳春白雪,yáng chūn bái xuě
阳春有脚,yáng chūn yǒu jiǎo
阳奉阴违,yáng fèng yīn wéi
阳关大道,yáng guān dà dào
阳关三迭,yáng guān sān dié
阳解阴毒,yáng jiě yīn dú
阳煦山立,yáng xù shān lì
杨穿三叶,yáng chuān sān yè
杨虎围匡,yáng hǔ wéi kuāng
杨花水性,yáng hu huǐ xìng
杨花心性,yáng huā xīn xìng
杨柳宫眉,yáng liǔ gōng méi
杨柳依依,yáng liǔ yī yī
杨雀衔环,yáng què xián huán
杨生黄雀,yáng shēng huáng què
杨朱泣岐,yáng zhū qì qí
佯风诈冒,yáng fēng zhà mào
佯轮诈败,yáng lún zhà bài
佯输诈败,yáng shū zhà bài
洋为中用,yáng wéi zhōng yòng
洋洋大观,yáng yáng dà guān
洋洋得意,yáng yáng dé yì
洋洋洒洒,yáng yáng sǎ sǎ
洋洋纚纚,yáng yáng sǎ sǎ
洋洋盈耳,yáng yáng yíng ěr
洋洋自得,yáng yáng zì dé
卬首信眉,áng shǒu shēn méi
卬头阔步,áng tóu kuò bù
仰不愧天,yǎng bù kuì tiān
仰观俯察,yǎng guān fǔ chá
仰面朝天,yǎng miàn cháo tiān
仰面唾天,yǎng miàn tuò tiān
仰取俯拾,yǎng qǔ fǔ shí
仰人鼻息,yǎng rén bí xī
仰人眉睫,yǎng rén méi jié
仰拾俯取,yǎng shí fǔ qǔ
仰事俯畜,yǎng shì fǔ xù
仰事俯育,yǎng shì fǔ yù
仰事俛畜,yǎng shì fǔ chù
仰首伸眉,yǎng shǒu shēn méi
仰屋窃叹,yǎng wū qiè tàn
仰屋著书,yǎng wū zhù shū
仰屋着书,yǎng wū zhù shū
仰之弥高,yǎng zhī mí gāo
养儿防老,yǎng ér fáng lǎo
养虎留患,yǎng hǔ liú huàn
养虎伤身,yǎng hǔ shāng shēn
养虎为患,yǎng hǔ wéi huàn
养虎贻患,yǎng hǔ yí huàn
养虎遗患,yǎng hǔ yí huàn
养虎自毙,yǎng hǔ zì bì
养虎自残,yǎng hǔ zì cán
养虎自啮,yǎng hǔ zì niè
养虎自齧,yǎng hǔ zì niè
养虺成蛇,yǎng huǐ chéng shé
养晦韬光,yǎng huì tāo guāng
养家糊口,yǎng jiā hú kǒu
养家活口,yǎng jiā huó kǒu
养精畜锐,yǎng jīng xù ruì
养精蓄锐,yǎng jīng xù ruì
养老送终,yǎng lǎo sòng zhōng
养锐蓄威,yǎng ruì xù wēi
养生丧死,yǎng shēng sàng sǐ
养生送死,yǎng shēng sòng sǐ
养生送终,yǎng shēng sòng zhōng
养生之道,yǎng shēng zhī dào
养威蓄锐,yǎng wēi xù ruì
养贤纳士,yǎng xián nà shì
养音九皋,yǎng yīn jiǔ gāo
养鹰飏去,yǎng yīng zǒu qù
养痈成患,yǎng yōng chéng huàn
养痈贻患,yǎng yōng yí huàn
养痈遗患,yǎng yōng yí huàn
养尊处优,yǎng zūn chǔ yōu
怏怏不乐,yàng yàng bù lè
怏怏不悦,yàng yàng bù yuè
幺么小丑,yāo mó xiǎo chǒu
幺麽小丑,yāo mǒ xiǎo chǒu
幺豚暮鹨,yāo tún mù liù
幺弦孤韵,yāo xián gū yùn
幺幺小丑,yāo mó xiǎo chǒu
夭桃秾李,yāo táo nóng lǐ
夭桃穠李,yāo táo nóng lǐ
妖不胜德,yāo bù shèng dé
妖魔鬼怪,yāo mó guǐ guài
妖形怪状,yāo xíng guài zhuàng
妖言惑众,yāo yán huò zhòng
妖由人兴,yāo yóu rén xīng
腰缠万贯,yāo chán wàn guàn
腰鼓兄弟,yāo gǔ xiōng dì
腰金拖紫,yāo jīn tuō zǐ
腰金衣紫,yāo jīn yī zǐ
邀功求赏,yāo gōng qiú shǎng
邀功希宠,yāo gōng xī chǒng
邀名射利,yāo míng shè lì
尧年舜日,yáo nián shùn yuè
尧趋舜步,yáo qū shùn bù
尧天舜日,yáo tiān shùn rì
姚黄魏品,yáo huáng wèi pǐn
姚黄魏紫,yáo huáng wèi zǐ
峣峣易缺,yáo yáo yì quē
摇笔即来,yáo bǐ jí lái
摇唇鼓喙,yáo chún gǔ huì
摇唇鼓舌,yáo chún gǔ shé
摇鹅毛扇,yáo é máo shàn
摇旗呐喊,yáo qí nà hǎn
摇身一变,yáo shēn yī biàn
摇手触禁,yáo shǒu chù jìn
摇头摆脑,yáo tóu bǎi nǎo
摇头摆尾,yáo tóu bǎi wěi
摇头晃脑,yáo tóu huàng nǎo
摇头幌脑,yáo tóu huǎng nǎo
摇头穢脑,yáo tóu gǎo nǎo
摇头黣尾,yáo tóu móu wěi
摇头叹息,yáo tóu tàn xī
摇尾乞怜,yáo wěi qǐ lián
摇尾求食,yáo wěi qiú shí
摇尾涂中,yáo wěi tú zhōng
摇席破坐,yáo xí pò zuò
摇席破座,yáo xí pò zuò
摇摇欲坠,yáo yáo yù zhuì
摇羽毛扇,yáo yǔ máo shàn
摇嘴掉舌,yáo zuǐ diào shé
遥相呼应,yáo xiāng hū yìng
遥遥华胄,yáo yáo huá zhòu
遥遥领先,yáo yáo lǐng xiān
遥遥无期,yáo yáo wú qī
遥遥相对,yáo yáo xiāng duì
遥遥在望,yáo yáo zài wàng
瑶草奇花,yáo cǎo qí huā
瑶草琪花,yáo cǎo qí huā
瑶草琪葩,yáo cǎo qí pā
瑶池女使,yáo shi nǚ shǐ
瑶池玉液,yáo shi yù yè
瑶环瑜珥,yáo huán yú ěr
瑶林琼树,yáo lín qióng shù
瑶林玉树,yáo lín yù shù
瑶台琼室,yáo tái qióng shì
瑶台银阙,yáo tái yín què
杳不可闻,yǎo bù kě wén
杳如黄鹤,yǎo rú huáng hè
杳无人迹,yǎo wú rén jì
杳无人烟,yǎo wú rén yān
杳无消息,yǎo wú xiāo xī
杳无信息,yǎo wú xìn xī
杳无音耗,yǎo wú yīn hào
杳无音信,yǎo wú yīn xìn
杳无音讯,yǎo wú yīn xùn
杳无影响,yǎo wú yǐng xiǎng
杳无踪迹,yǎo wú zōng jī
杳无踪影,yǎo wú zōng yǐng
咬得菜根,yǎo dé cài gēn
咬钉嚼铁,yǎo dīng jiáo tiě
咬定牙根,yǎo dìng yá gēn
咬定牙关,yǎo dìng yá guān
咬姜呷醋,yǎo jiāng xiā cù
咬紧牙关,yǎo jīn yá guān
咬文嚼字,yǎo wén jiáo zì
咬文啮字,yǎo wén niè zì
咬文齧字,yǎo wén niè zì
咬血为盟,yǎo xuè wéi méng
咬牙恨齿,yǎo yá hèn chǐ
咬牙切齿,yǎo yá qiè chǐ
咬音咂字,yǎo yīn zā zì
窈窕淑女,yǎo tiǎo shū nǚ
药到病除,yào dào bìng chú
药店飞龙,yào diàn fēi lóng
药笼中物,yào lóng zhōng wù
药石之言,yào shí zhī yán
要而论之,yào ér lùn zhī
要而言之,yào ér yán zhī
要害之地,yào hài zhī dì
要价还价,yào jià huán jià
要死要活,yào sǐ yào huó
要言不烦,yào yán bù fán
要言妙道,yào yán miào dào
耀武扬威,yào wǔ yáng wēi
耀祖荣宗,yào zǔ róng zōng
爷饭娘羹,yé fàn niáng gēng
爷羹娘饭,yé gēng niáng fàn
冶容诲淫,yě róng huì yín
冶叶倡条,yě yè chàng tiáo
野草闲花,yě cǎo xián huā
野调无腔,yě diào wú qiāng
野鹤孤云,yě hè gū yún
野鹤闲云,yě hè xián yún
野马无缰,yě mǎ wú jiāng
野没遗贤,yě méi yí xián
野人献曝,yě rén xiàn pù
野人献芹,yě rén xiàn qín
野人献日,yě rén xiàn rì
野人奏曝,yě rén zòu pù
野蔌山肴,yě sù shān yáo
野无遗才,yě wú yí cái
野无遗贤,yě wú yí xián
野心勃勃,yě xīn bó bó
业精于勤,yè jīng yú qín
业峻鸿绩,yè jùn hóng jì
业业矜矜,yè yè jīn jīn
业业兢兢,yè yè jīng jīng
叶公好龙,yè gōng hào lóng
叶落归根,yè luò huī gēn
叶落知秋,yè luò zhī qiū
叶瘦花残,yè shòu huā cán
曳兵弃甲,yè bīng qì jiǎ
曳兵之计,yè bīng zhī jì
曳裾王门,yè jū wáng mén
曳尾泥涂,yè wěi ní tú
曳尾涂中,yè wěi tú zhōng
邺架之藏,yè jià zhī cáng
夜不闭户,yè bù bì hù
夜不成寐,yè bù chéng mèi
夜长梦短,yè cháng mèng duǎn
夜长梦多,yè cháng mèng duō
夜静更阑,yè jìng gēng lán
夜静更深,yè jìng gēng shēn
夜阑人静,yè lán rén jìng
夜郎自大,yè láng zì dà
夜深人静,yè shēn rén jìng
夜行被绣,yè xíng bèi xiù
夜以继日,yè yǐ jì rì
夜以继昼,yè yǐ jì zhòu
夜雨对床,yè yǔ duì chuáng
一把死拿,yī bǎ sǐ ná
一败如水,yī bài rú shuǐ
一败涂地,yī bài tú dì
一班半点,yī bān bàn diǎn
一班一辈,yī bān yī bèi
一班一级,yī bān yī jí
一般见识,yī bān jiàn shí
一般无二,yī bān wú èr
一斑半点,yī bān bàn diǎn
一斑窥豹,yī bān kuī bào
一板三眼,yī bǎn sān yǎn
一板一眼,yī bǎn yīn yǎn
一瓣心香,yī bàn xīn xiāng
一暴十寒,yī pù shí hán
一悲一喜,yī bēi yī xǐ
一本万利,yī běn wàn lì
一本正经,yī běn zhèng jīng
一鼻子灰,yī bí zǐ huī
一笔不苟,yī bǐ bù gǒu
一笔勾断,yī bǐ gōu duàn
一笔勾消,yī bǐ gōu xiāo
一笔勾销,yī bǐ gōu xiāo
一笔抹摋,yī bǐ mò sà
一笔抹杀,yī bǐ mǒ shā
一笔抹煞,yī bǐ mǒ shā
一碧万顷,yī bì wàn qǐng
一臂之力,yī bì zhī lì
一鞭先著,yī biān xiān zhuó
一表非凡,yī biǎo fēi fán
一表非俗,yī biǎo fēi sú
一表人才,yī biǎo rén cái
一表人材,yī biǎo rén cái
一表人物,yī biǎo rén wù
一表堂堂,yī biǎo táng táng
一秉大公,yī bǐng dà gōng
一秉虔诚,yī bǐng qián chéng
一秉至公,yī bǐng zhì gōng
一病不起,yī bìng bù qǐ
一波三折,yī bō sān zhé
一波万波,yī bō wàn bō
一不扭众,yī bù niǔ zhòng
一步登天,yī bù dēng tiān
一步一鬼,yī bù yī guǐ
一步一趋,yī bù yī qū
一草一木,yī cǎo yī mù
一差半错,yī chà bàn cuò
一差二错,yī chà èr cuò
一差二误,yī chà èr wù
一差二悮,yī chà èr wù
一差两讹,yī chà liǎng é
一长半短,yī cháng bàn duǎn
一长二短,yī cháng èr duǎn
一长两短,yī cháng liǎng duǎn
一长一短,yī cháng yī duǎn
一场春梦,yī chǎng chūn mèng
一倡百和,yī chàng bǎi hè
一倡三叹,yī chàng sān tàn
一倡一和,yī chàng yī hé
一唱百和,yī chàng bǎi hé
一唱三叹,yī chàng sān tàn
一唱一和,yī chàng yī hè
一朝千里,yī zhāo qiān lǐ
一朝一夕,yī zhāo yī xī
一朝之忿,yī zhāo zhī fèn
一朝之患,yī zhāo zhī huàn
一彻万融,yī chè wàn róng
一尘不到,yī chén bù dào
一尘不染,yī chén bù rǎn
一尘不缁,yī chén bù zī
一成不变,yī chéng bù biàn
一成不易,yī chéng bù yì
一成一旅,yī chéng yī lǚ
一弛一张,yī chí yī zhāng
一筹莫展,yī chóu mò zhǎn
一触即发,yī chù jí fā
一触即溃,yī chù jí kuì
一串骊珠,yī chuàn lí zhū
一床两好,yī chuáng liǎng hǎo
一吹一唱,yī chuī yī chàng
一槌定音,yī chuí dìng yīn
一锤定音,yī chuí dìng yīn
一辞莫赞,yī cí mò zàn
一辞同轨,yī cí tóng guǐ
一蹴而成,yī cù ér chéng
一蹴而得,yī cù ér dé
一蹴而就,yī cù ér jiù
一蹴可几,yī cù kě jǐ
一寸赤心,yī cùn chì xīn
一寸丹心,yī cùn dān xīn
一搭两用,yī dā liǎng yòng
一搭一档,yī dā yī dàng
一代鼎臣,yī dài dǐng chén
一代风流,yī dài fēng liú
一代楷模,yī dài kǎi mó
一代谈宗,yī dài tán zōng
一代文宗,yī dài wén zōng
一代宗臣,yī dài zōng chén
一箪一瓢,yī dān yī piáo
一旦一夕,yī dàn yī xī
一弹指顷,yī tán zhǐ qǐng
一刀两段,yī dāo liǎng duàn
一刀两断,yī dāo liǎng duàn
一得之功,yī dé zhī gōng
一得之见,yī dé zhī jiàn
一得之愚,yī dé zhī yú
一德一心,yī dé yī xīn
一点半点,yī diǎn bàn diǎn
一点灵犀,yī diǎn líng xī
一点一滴,yī diǎn yī dī
一雕双兔,yī diāo shuāng tù
一跌不振,yī diē bù zhèn
一丁不识,yī dīng bù shí
一定不移,yī dìng bù yí
一定不易,yī dìng bù yì
一定之规,yī dìng zhī guī
一发破的,yī fā pò dì
一发千钧,yī fà qiān jūn
一帆风顺,yī fán fēng shùn
一帆顺风,yī fān shùn fēng
一反常态,yī fǎn cháng tài
一反既往,yī fǎn jì wǎng
一反其道,yī fǎn qí dào
一饭千金,yī fàn qiān jīn
一饭之德,yī fàn zhī dé
一方之任,yī fāng zhī rèn
一飞冲天,yī fēi chōng tiān
一吠百声,yī fèi bǎi shēng
一分为二,yī fēn wéi èr
一分一毫,yī fēn yī háo
一佛出世,yī fó chū shì
一夫当关,yī fū dāng guān
一夫之勇,yī fū zhī yǒng
一夫之用,yī fū zhī yòng
一傅众咻,yī fù zhòng xiū
一改故辙,yī gǎi gù zhé
一概而论,yī gài ér lùn
一干二净,yī gān èr jìng
一干人犯,yī gān rén fàn
一高二低,yī gāo èr dī
一个半个,yī gè bàn gè
一根一板,yī gēn yī bǎn
一谷不登,yī gǔ bù dēng
一谷不升,yī gǔ bù shēng
一股脑儿,yī gǔ nǎo er
一鼓一板,yī gǔ yī bǎn
一鼓作气,yī gǔ zuò qì
一顾千金,yī gù qiān jīn
一顾倾城,yī gù qīng chéng
一官半职,yī guān bàn zhí
一轨同风,yī guǐ tóng fēng
一国三公,yī guó sān gōng
一寒如此,yī hán rú cǐ
一毫不差,yī háo bù chā
一毫不苟,yī háo bù gǒu
一毫不染,yī háo bù rǎn
一毫千里,yī háo qiān lǐ
一呵而就,yī hē ér jiù
一狠二狠,yī hěn èr hěn
一哄而起,yī hōng ér qǐ
一哄而散,yī hōng ér sàn
一哄而上,yī hǒng ér shàng
一呼百诺,yī hū bǎi nuò
一呼百应,yī hū bǎi yìng
一呼再喏,yī hū zài nuò
一狐之掖,yī hú zhī yè
一狐之腋,yī hú zhī yè
一壶千金,yī hú qiān jīn
一虎不河,yī hǔ bù hé
一花独放,yī huā dú fàng
一画开天,yī huà kāi tiān
一褱而论,yī huái ér lùn
一还一报,yī huán yī bào
一簧两舌,yī huáng liǎng shé
一挥而成,yī huī ér chéng
一挥而就,yī huī ér jiù
一挥九制,yī huī jiǔ zhì
一麾出守,yī huī chū shǒu
一晦一明,yī huì yī míng
一饥两饱,yī jī liǎng bǎo
一己之见,yī jǐ zhī jiàn
一己之私,yī jǐ zhī sī
一技之长,yī jì zhī cháng
一家眷属,yī jiā juàn shǔ
一家老小,yī jiā lǎo xiǎo
一家无二,yī jiā wú èr
一家一火,yī jiā yī huǒ
一家一计,yī jiā yī jì
一家之辞,yī jiā zhī cí
一家之计,yī jiā zhī jì
一家之学,yī jiā zhī xué
一家之言,yī jiā zhī yán
一家之作,yī jiā zhī zuò
一见了然,yī jiàn le rán
一见倾心,yī jiàn qīng xīn
一见如故,yī jiàn rú gù
一见如旧,yī jiàn rú jiù
一见钟情,yī jiàn zhōng qíng
一剑之任,yī jiàn zhī rèn
一箭上垛,yī jiàn shàng duò
一箭双雕,yī jiàn shuāng diāo
一箭之地,yī jiàn zhī dì
一箭之遥,yī jiàn zhī yáo
一浆十饼,yī jiāng shí bǐng
一脚不移,yī jiǎo bù yí
一阶半级,yī jiē bàn jí
一阶半职,yī jiē bàn zhí
一接如旧,yī jiē rú jiù
一介不苟,yī jiè bù gǒu
一介不取,yī jiè bù qǔ
一介书生,yī jiè shū shēng
一介之才,yī jiè zhī cái
一介之善,yī jiè zhī shàn
一介之士,yī jiè zhī shì
一举成名,yī jǔ chéng míng
一举两得,yī jǔ liǎng dé
一举两全,yī jǔ liǎng quán
一举千里,yī jǔ qiān lǐ
一举三反,yī jǔ sān fǎn
一举万里,yī jǔ wàn lǐ
一举一动,yī jǔ yī dòng
一决雌雄,yī jué cí xióng
一决胜负,yī jué shèng fù
一蹶不兴,yī juě bù xīng
一蹶不振,yī jué bù zhèn
一刻千金,yī kè qiān jīn
一空依傍,yī kōng yī bàng
一孔不达,yī kǒng bù dá
一孔之见,yī kǒng zhī jiàn
一口两匙,yī kǒu liǎng chí
一口三舌,yī kǒu sān shé
一口同声,yī kǒu tóng shēng
一口同音,yī kǒu tóng yīn
一口咬定,yī kǒu yǎo dìng
一口一声,yī kǒu yī shēng
一匡九合,yī kuāng jiǔ hé
一匡天下,yī kuāng tiān xià
一夔一契,yī kuí yī qì
一夔已足,yī kuí yǐ zú
一馈十起,yī kuì shí qǐ
一篑之功,yī kuì zhī gōng
一壸千金,yī kuì qiān jīn
一来二去,yī lái èr qù
一来一往,yī lái yī wǎng
一览无遗,yī lǎi wú yí
一览无余,yī lǎi wú yú
一揽包收,yī lǎn bāo shōu
一劳久逸,yī láo jiǔ yì
一劳永逸,yī láo yǒng yì
一雷二闪,yī léi èr shǎn
一力承当,yī lì chéng dāng
一廉如水,yī lián rú shuǐ
一了百当,yī liǎo bǎi dàng
一了百了,yī liǎo bǎi liǎo
一鳞半甲,yī lín bàn jiǎ
一鳞半爪,yī lín bàn zhǎo
一鳞片甲,yī lín piàn jiǎ
一鳞片爪,yī lín piàn zhǎo
一鳞一爪,yī lín yī zhǎo
一龙一蛇,yī lóng yī shé
一龙一猪,yī lóng yī zhū
一路风尘,yī lù fēng chén
一路风清,yī lù fēng qīng
一路福星,yī lù fú xīng
一路货色,yī lù huò sè
一路平安,yī lù píng ān
一路神祇,yī lù shén qí
一路顺风,yī lù shùn fēng
一乱涂地,yī luàn tú dì
一落千丈,yī luò qiān zhàng
一马当先,yī mǎ dāng xiān
一马平川,yī mǎ píng chuān
一马一鞍,yī mǎ yī ān
一脉同气,yī mài tóng qì
一脉相承,yī mài xiāng chéng
一脉相传,yī mài xiāng chuán
一脉相通,yī mài xiāng tōng
一脉香烟,yī mài xiāng yān
一毛不拔,yī máo bù bá
一门同气,yī mén tóng qì
一门心思,yī mén xīn sī
一梦华胥,yī mèng huá xū
一面如旧,yī miàn rú jiù
一面之词,yī miàn zhī cí
一面之辞,yī miàn zhī cí
一面之交,yī miàn zhī jiāo
一面之款,yī miàn zhī kuǎn
一面之识,yī miàn zhī shí
一面之雅,yī miàn zhī yǎ
一面之缘,yī miàn zhī yuán
一民同俗,yī mín tóng sú
一鸣惊人,yī míng jīng rén
一暝不视,yī míng bù shì
一瞑不视,yī míng bù shì
一命归西,yī mìng guī xī
一命归阴,yī mìng guī yīn
一命鸣呼,yī mìng míng hū
一命呜呼,yī mìng wū hū
一命之荣,yī mìng zhī róng
一模二样,yī mó èr yàng
一模一样,yī mó yī yàng
一木难支,yī mù nán zhī
一目了然,yī mù liǎo rán
一目十行,yī mù shí háng
一目数行,yī mù shù háng
一目五行,yī mù wǔ háng
一目之士,yī mù zhī shì
一男半女,yī nán bàn nǚ
一年半载,yī nián bàn zǎi
一年一度,yī nián yī dù
一念之差,yī niàn zhī chā
一念之误,yī niàn zhī wù
一牛九锁,yī niú jiǔ suǒ
一牛鸣地,yī niú míng dì
一诺千金,yī nuò qiān jīn
一诺无辞,yī nuò wú cí
一拍即合,yī pāi jí hé
一盘散沙,yī pán sǎn shā
一喷一醒,yī pēn yī xǐng
一片冰心,yī piàn bīng xīn
一片丹心,yī piàn dān xīn
一片宫商,yī piàn gōng shāng
一片焦土,yī piàn jiāo tǔ
一片散沙,yī piàn sàn shā
一片汪洋,yī piàn wāng yáng
一偏之见,yī piān zhī jiàn
一偏之论,yī piān zhī lùn
一贫如洗,yī pín rú xǐ
一嚬一笑,yī pín yī xiào
一颦一笑,yī pín yī xiào
一品白衫,yī pǐn bái shān
一抔黄土,yī póu huáng tǔ
一曝十寒,yī pù shí hán
一齐众楚,yī qí zhòng chǔ
一气呵成,yī qì hē chéng
一气浑成,yī qì hún chéng
一谦四益,yī qiān sì yì
一钱不名,yī qián bù míng
一钱不值,yī qián bù zhí
一钱如命,yī qián rú mìng
一窍不通,yī qiào bù tōng
一切万物,yī qiē wàn wù
一切众生,yī qiè zhòng shēng
一琴一鹤,yī qín yī hè
一清二白,yī qīng èr bái
一清二楚,yī qīng èr chǔ
一清如水,yī qīng rú shuǐ
一穷二白,yī qióng èr bái
一丘一壑,yī qiū yī hè
一丘之貉,yī qiū zhī hè
一邱之貉,yī qiū zhī hè
一曲阳关,yī qǔ yáng guān
一人有庆,yī rén yǒu qìng
一人之交,yī rén zhī jiāo
一仍旧贯,yī réng jiù guàn
一日九迁,yī rì jiǔ qiān
一日千里,yī rì qiān lǐ
一日千丈,yī rì qiān zhàng
一日三复,yī rì sān fù
一日三覆,yī rì sān fù
一日三秋,yī rì sān qiū
一日三省,yī rì sān xǐng
一日三岁,yī rì sān suì
一日三月,yī rì sān yuè
一日万机,yī rì wàn jī
一日万几,yī rì wàn jǐ
一日万里,yī rì wàn lǐ
一日之长,yī rì zhī zhǎng
一日之雅,yī rì zhī yǎ
一如既往,yī rú jì wǎng
一扫而光,yī sǎo ér guāng
一扫而空,yī sǎo ér kōng
一觞一咏,yī shāng yī yǒng
一蛇两头,yī shé liǎng tóu
一射之地,yī shè zhī dì
一身二任,yī shēn èr rèn
一身两头,yī shēn liǎng tóu
一身两役,yī shēn liǎng yì
一身是胆,yī shēn shì dǎn
一身五心,yī shēn wǔ xīn
一生九死,yī shēng jiǔ sǐ
一生一代,yī shēng yī dài
一生一世,yī shēng yī shì
一石二鸟,yī shí èr niǎo
一时半刻,yī shí bàn kè
一时半霎,yī shí bàn shà
一时半晌,yī shí bàn shǎng
一时伯仲,yī shí bó zhòng
一时千载,yī shí qiān zǎi
一时三刻,yī shí sān kè
一时之权,yī shí zhī quán
一时之秀,yī shí zhī xiù
一时之选,yī shí zhī xuǎn
一矢双穿,yī shǐ shuāng chuān
一世龙门,yī shì lóng mén
一世之雄,yī shì zhī xióng
一式一样,yī shì yī yàng
一事不知,yī shì bù zhī
一事无成,yī shì wú chéng
一视同仁,yī shì tóng rén
一室生春,yī shì shēng chūn
一手包办,yī shǒu bāo bàn
一手托天,yī shǒu tuō tiān
一手一脚,yī shǒu yī jiǎo
一手一足,yī shǒu yī zú
一手遮天,yī shǒu zhē tiān
一树百获,yī shù bǎi huò
一双两好,yī shuāng liǎng hǎo
一丝半粟,yī sī bàn sù
一丝不苟,yī sī bù gǒu
一丝不挂,yī sī bù guà
一丝不紊,yī sī bù wěn
一丝两气,yī sī liǎng qì
一丝一毫,yī sī yī háo
一死一生,yī sǐ yī shēng
一岁九迁,yī suì jiǔ qiān
一岁三迁,yī suì sān qiān
一岁载赦,yī suì zài shè
一岁再赦,yī suì zài shè
一索成男,yī suǒ chéng nán
一索得男,yī suǒ dé nán
一塌刮子,yī tā guā zi
一塌胡涂,yī tā hú tú
一塌糊涂,yī tā hú tú
一榻横陈,yī tà héng chén
一榻胡涂,yī tà hú tú
一潭死水,yī tán sǐ shuǐ
一体同心,yī tǐ tóng xīn
一天星斗,yī tiān xīng dǒu
一天一地,yī tiān yī dì
一通百通,yī tōng bǎi tōng
一统天下,yī tǒng tiān xià
一吐为快,yī tǔ wéi kuài
一团和气,yī tuán hé qì
一团漆黑,yī tuán qī hēi
一推两搡,yī tuī liǎng sǎng
一网打尽,yī wǎng dǎ jìn
一网尽扫,yī wǎng jìn sǎo
一往而深,yī wǎng ér shēn
一往情深,yī wǎng qíng shēn
一往无前,yī wǎng wú qián
一往直前,yī wǎng zhí qián
一望而知,yī wàng ér zhī
一望无边,yī wàng wú biān
一望无际,yī wàng wú jì
一望无垠,yī wàng wú yín
一苇可航,yī wěi kě háng
一文不名,yī wén bù míng
一文不值,yī wén bù zhí
一文如命,yī wén rú mìng
一闻千悟,yī wén qiān wù
一卧不起,yī wò bù qǐ
一无长物,yī wú cháng wù
一无可取,yī wú kě qǔ
一无是处,yī wú shì chù
一无所长,yī wú suǒ cháng
一无所成,yī wú suǒ chéng
一无所得,yī wú suǒ dé
一无所获,yī wú suǒ huò
一无所能,yī wú suǒ néng
一无所求,yī wú suǒ qiú
一无所取,yī wú suǒ qǔ
一无所闻,yī wú suǒ wén
一无所有,yī wú suǒ yǒu
一无所知,yī wú suǒ zhī
一五一十,yī wú yī shí
一物不知,yī wù bù zhī
一误再误,yī wù zài wù
一夕一朝,yī xī yī zhāo
一息尚存,yī xī shàng cún
一息奄奄,yī xī yǎn yǎn
一席之地,yī xí zhī dì
一现昙华,yī xiàn tán huā
一线生机,yī xiàn shēng jī
一线之路,yī xiàn zhī lù
一献三酬,yī xiàn sān chóu
一献三售,yī xiàn sān shòu
一相情原,yī xiāng qíng yuán
一相情愿,yī xiāng qíng yuàn
一厢情原,yī xiāng qíng yuán
一厢情愿,yī xiāng qíng yuàn
一笑百媚,yī xiào bǎi mèi
一笑了事,yī xiào le shì
一笑了之,yī xiào liǎo zhī
一笑千金,yī xiào qiān jīn
一笑倾城,yī xiào qīng chéng
一笑一颦,yī xiào yī pín
一笑置之,yī xiào zhì zhī
一些半些,yī xiē bàn xiē
一泻百里,yī xiè bǎi lǐ
一泻千里,yī xiè qiān lǐ
一泻万里,yī xiè wàn lǐ
一心同功,yī xīn tóng gōng
一心同归,yī xīn tóng guī
一心同体,yī xīn tóng tǐ
一心无二,yī xīn wú èr
一心一德,yī xīn yī dé
一心一腹,yī xīn yī fù
一心一计,yī xīn yī jì
一心一力,yī xīn yī lì
一心一路,yī xīn yī lù
一心一意,yī xīn yī yì
一星半点,yī xīng bàn diǎn
一行作吏,yī xíng zuò lì
一熏一莸,yī xūn yī yóu
一薰一莸,yī xūn yī yóu
一言半辞,yī yán bàn cí
一言半句,yī yán bàn jù
一言半语,yī yán bàn yǔ
一言不发,yī yán bù fā
一言九鼎,yī yán jiǔ dǐng
一言两语,yī yán liǎng yǔ
一言难尽,yī yán nán jìn
一言千金,yī yán qiān jīn
一言丧邦,yī yán sàng bāng
一言为定,yī yán wéi dìng
一言兴邦,yī yán xīng bāng
一言一行,yī yán yī xíng
一言中的,yī yán zhōng dì
一噎止餐,yī yē zhǐ cān
一叶报秋,yī yè bào qiū
一叶迷山,yī yè mí shān
一叶障目,yī yè zhàng mù
一叶知秋,yī yè zhī qiū
一衣带水,yī yī dài shuǐ
一以当百,yī yǐ dāng bǎi
一以当十,yī yǐ dāng shí
一以贯之,yī yǐ guàn zhī
一意孤行,yī yì gū xíng
一吟一咏,yī yīn yī yǒng
一饮一啄,yī yǐn yī zhuó
一应俱全,yī yīng jù quán
一迎一和,yī yíng yī hé
一拥而入,yī yōng ér rù
一拥而上,yī yōng ér shàng
一隅三反,yī yú sān fǎn
一隅之地,yī yú zhī dì
一隅之见,yī yú zhī jiàn
一隅之说,yī yú zhī shuō
一语道破,yī yǔ dào pò
一语破的,yī yǔ pò dì
一语双关,yī yǔ shuāng guān
一语中的,yī yǔ zhōng dì
一语中人,yī yǔ zhōng rén
一元大武,yī yuán dà wǔ
一元复始,yī yuán fù shǐ
一缘一会,yī yuán yī huì
一眨巴眼,yī zhǎ bā yǎn
一张一弛,yī zhāng yī chí
一针见血,yī zhēn jiàn xiě
一针一线,yī zhēn yī xiàn
一针一缐,yī zhēn yī yú
一枕邯郸,yī zhěn hán dān
一枕槐安,yī zhěn huái ān
一枕黄梁,yī zhěn huáng liáng
一枕黄粱,yī zhěn huáng liáng
一枕南柯,yī zhěn nán kē
一之为甚,yī zhī wéi shèn
一之谓甚,yī zhī wèi shèn
一之已甚,yī zhī yǐ shèn
一支半节,yī zhī bàn jié
一枝一节,yī zhī yī jié
一枝一栖,yī zhī yī qī
一枝之栖,yī zhī zhī qī
一知半见,yī zhī bàn jiàn
一知半解,yī zhī bàn jiě
一知片解,yī zhī piàn jiě
一肢半节,yī zhī bàn jié
一肢一节,yī zhī yī jié
一纸空文,yī zhǐ kōng wén
一纸千金,yī zhǐ qiān jīn
一至于此,yī zhì yú cǐ
一至于斯,yī zhì yú sī
一致百虑,yī zhì bǎi lǜ
一掷百万,yī zhì bǎi wàn
一掷千金,yī zhì qiān jīn
一掷乾坤,yī zhì qián kūn
一重一掩,yī chóng yī yǎn
一柱承天,yī zhù chéng tiān
一柱擎天,yī zhù qíng tiān
一资半级,yī zī bàn jí
一字褒贬,yī zì bāo biǎn
一字不苟,yī zì bù gǒu
一字不易,yī zì bù yì
一字长城,yī zì cháng chéng
一字兼金,yī zì jiān jīn
一字连城,yī zì lián chéng
一字千金,yī zì qiān jīn
一字千钧,yī zì qiān jūn
一字千秋,yī zì qiān qiū
一字一板,yī zì yī bǎn
一字一句,yī zì yī jù
一字一泪,yī zì yī lèi
一字一珠,yī zì yī zhū
一字之师,yī zì zhī shī
一走了之,yī zǒu liǎo zhī
一坐皆惊,yī zuò jiē jīng
一坐尽惊,yī zuò jìn jīng
一坐尽倾,yī zuò jìn qīng
一坐一起,yī zuò yī qǐ
一座皆惊,yī zuò jiē jīng
伊何底止,yī hé dǐ zhǐ
伊于胡底,yī yú hú dǐ
衣被群生,yì bèi qún shēng
衣钵相传,yī bō xiāng chuán
衣不蔽体,yī bù bì tǐ
衣不解带,yī bù jiě dài
衣不完采,yī bù wán cǎi
衣单食薄,yī dān shí bó
衣冠楚楚,yī guān chǔ chǔ
衣冠礼乐,yī guàn lǐ lè
衣冠禽兽,yī guān qín shòu
衣冠土枭,yī guān tǔ xiāo
衣冠枭獍,yī guān xiāo jìng
衣架饭囊,yī jià fàn náng
衣锦过乡,yì jǐn guò xiāng
衣锦还乡,yì jǐn huán xiāng
衣锦褧衣,yì jǐn jiǒng yī
衣锦荣归,yì jǐn róng guī
衣锦食肉,yì jǐn shí ròu
衣锦夜行,yì jǐn yè xíng
衣锦夜游,yì jǐn yè yóu
衣锦昼行,yì jǐn zhòu xíng
衣锦昼游,yì jǐn zhòu yóu
衣宽带松,yī kuān dài sōng
衣马轻肥,yì mǎ qīng féi
衣轻乘肥,yì qīng chéng féi
衣衫蓝缕,yī shān lán lǚ
衣衫褴褛,yī shān lán lǚ
衣裳之会,yī shāng zhī huì
衣食不周,yī shí bù zhōu
衣食父母,yī shí fù mǔ
衣食税租,yī shí shuì zū
衣食住行,yī shí zhù xíng
衣香鬓影,yī xiāng bìn yǐng
衣宵食旰,yī xiāo shí gàn
衣绣夜行,yī xiù yè xíng
衣绣夜游,yī xiù yè yóu
衣绣昼行,yì xiù zhòu xíng
衣紫腰黄,yī zǐ yāo huáng
衣紫腰金,yī zǐ yāo jīn
衣紫腰银,yī zǐ yāo yín
衣租食税,yì zū shí shuì
医时救弊,yī shí jiù bì
依阿取容,yī ē qǔ róng
依草附木,yī cǎo fù mù
依翠偎红,yī cuì wēi hóng
依法炮制,yī fǎ páo zhì
依法砲制,yī fǎ pào zhì
依经傍注,yī jīng bàng zhù
依流平进,yī liú píng jìn
依门傍户,yī mén bàng hù
依门卖笑,yī mén mài xiào
依然故我,yī rán gù wǒ
依然如故,yī rán rú gù
依人篱下,yī rén lí xià
依乷附木,yī kuàng fù mù
依山傍水,yī shān bàng shuǐ
依头缕当,yī tóu lǚ dàng
依头顺尾,yī tóu shùn wěi
依违两可,yī wéi liǎng kě
依心像意,yī xīn xiàng yì
依样葫芦,yī yàng hú lu
依依不舍,yī yī bù shě
依依惜别,yī yī xī bié
壹败涂地,yī bài tú dì
壹倡三叹,yī chàng sān tàn
揖盗开门,yī dào kāi mén
欹嵚历落,qī qīn lì luò
仪表堂堂,yí biǎo táng táng
仪静体闲,yí jìng tǐ xián
仪态万方,yí tài wàn fāng
仪态万千,yí tài wàn qiān
夷然自若,yí rán zì ruò
沂水春风,yí shuǐ chūn fēng
沂水舞雩,yí shuǐ wǔ yú
沂水弦歌,yí shuǐ xián gē
宜嗔宜喜,yí chēn yí xǐ
宜家宜室,yí jiā yí shì
宜室宜家,yí shì yí jiā
宜喜宜嗔,yí xǐ yí chēn
怡情理性,yí qíng lǐ xìng
怡情养性,yí qíng yǎng xìng
怡情悦性,yí qíng yuè xìng
怡然自得,yí rán zì dé
怡然自乐,yí rán zì lè
怡然自若,yí rán zì ruò
怡声下气,yí shēng xià qì
怡堂燕雀,yí táng yàn què
怡性养神,yí xìng yǎng shén
怡颜悦色,yí yán yuè sè
怡志养神,yí zhì yǎng shén
饴含抱孙,yí hán bào sūn
贻臭万年,yí chòu wàn nián
贻害无穷,yí hài wú qióng
贻厥孙谋,yí jué sūn móu
贻人口实,yí rén kǒu shí
贻误军机,yí wù jūn jī
贻笑大方,yí xiào dà fāng
贻笑后人,yí xiào hòu rén
移步换形,yí bù huàn xíng
移船就岸,yí chuán jiù àn
移的就箭,yí dì jiù jiàn
移东补西,yí dōng bǔ xī
移东就西,yí dōng jiù xī
移风崇教,yí fēng chóng jiào
移风改俗,yí fēng gǎi sú
移风革俗,yí fēng gé sú
移风平俗,yí fēng píng sú
移风易尚,yí fēng yì shàng
移风易俗,yí fēng yì sú
移风振俗,yí fēng zhèn sú
移根换叶,yí gēn huàn yè
移根接叶,yí gēn jiē yè
移宫换羽,yí dōng huàn yǔ
移国动众,yí guó dòng zhòng
移花接木,yí huā jiē mù
移缓就急,yí huǎn jiù jí
移气养体,yí qì yǎng tǐ
移情遣意,yí qíng qiǎn yì
移日卜夜,yí rì bǔ yè
移山拔海,yí shān bá hǎi
移山倒海,yí shān dǎo hǎi
移山回海,yí shān huí hǎi
移山竭海,yí shān jié hǎi
移山跨海,yí shān kuà hǎi
移山填海,yí shān tián hǎi
移山造海,yí shān zào hǎi
移商换羽,yí shāng huàn yǔ
移天换日,yí tiān huàn rì
移天徙日,yí tiān xǐ rì
移天易日,yí tiān yì rì
移孝为忠,yí xiào wéi zhōng
移孝作忠,yí xiào zuò zhōng
移星换斗,yí xīng huàn dǒu
移形换步,yí xíng huàn bù
移易迁变,yí yì qiān biàn
移有足无,yí yǒu zú wú
移樽就教,yí zūn jiù jiào
遗编断简,yí biān duàn jiǎn
遗编绝简,yí biān jué jiǎn
遗编坠简,yí biān zhuì jiǎn
遗臭千年,yí chòu qiān nián
遗臭千秋,yí chòu qiān qiū
遗臭万代,yí chòu wàn dài
遗臭万年,yí chòu wàn nián
遗臭万世,yí chòu wàn shì
遗臭万载,yí chòu wàn zǎi
遗臭无穷,yí chòu wú qióng
遗大投艰,yí dà tóu jiān
遗德休烈,yí dé xiū liè
遗德余烈,yí dé yú liè
遗恩余烈,yí ēn yú liè
遗珥堕簪,yí ěr duò zān
遗珥坠簪,yí ěr zhuì zān
遗芳余烈,yí fāng yú liè
遗芬剩馥,yí fēn shèng fù
遗芬余荣,yí fēn yú róng
遗风古道,yí fēng gǔ dào
遗风旧俗,yí fēng jiù sú
遗风逸尘,yí fēng yì chén
遗风余采,yí fēng yú cǎi
遗风余教,yí fēng yú jiào
遗风余烈,yí fēng yú liè
遗风余思,yí fēng yú sī
遗风余俗,yí fēng yú sú
遗风余习,yí fēng yú xí
遗风余象,yí fēng yú xiàng
遗风余韵,yí fēng yú yùn
遗风余泽,yí fēng yú zé
遗害无穷,yí hài wú qióng
遗恨千古,yí hèn qiān gǔ
遗恨终天,yí hèn zhōng tiān
遗华反质,yí huá fǎn zhì
遗惠余泽,yí huì yú zé
遗魂亡魄,yí hún wáng pò
遗祸无穷,yí huò wú qióng
遗迹谈虚,yí jì tán xū
遗艰投大,yí jiān tóu dà
遗老孤臣,yí lǎo gū chén
遗老遗少,yí lǎo yí shào
遗黎故老,yí lí gù lǎo
遗落世事,yí luò shì shì
遗名去利,yí míng qù lì
遗孽余烈,yí niè yú liè
遗篇断简,yí piān duàn jiǎn
遗篇坠款,yí piān zhuì kuǎn
遗寝载怀,yí qǐn zài huái
遗哂大方,yí shěn dà fāng
遗声余价,yí shēng yú jià
遗声坠绪,yí shēng zhuì xù
遗世拔俗,yí shì bá sú
遗世独立,yí shì dú lì
遗世绝俗,yí shì jué sú
遗世忘累,yí shì wàng lěi
遗世越俗,yí shì yuè sú
遗俗绝尘,yí sú jué chén
遗文逸句,yí wén yì jù
遗闻琐事,yí wén suǒ shì
遗闻轶事,yí wén yì shì
遗闻逸事,yí wén yì shì
遗物识心,yí wù shí xīn
遗物忘形,yí wù wàng xíng
遗笑大方,yí xiào dà fāng
遗形藏志,yí xíng cáng zhì
遗形去貌,yí xíng qù mào
遗形忘性,yí xíng wàng xìng
遗休余烈,yí xiū yú liè
遗训余风,yí xùn yú fēng
遗音余韵,yí yīn yú yùn
遗簪弊屦,yí zān bì jù
遗簪弊履,yí zān bì lǚ
遗簪堕珥,yí zān duò ěr
遗簪堕履,yí zān duò lǚ
遗簪绝缨,yí zān jué yīng
遗簪弃舄,yí zān qì xì
遗簪脱舄,yí zān tuō xì
遗簪坠珥,yí zān zhuì ěr
遗簪坠屦,yí zān zhuì jù
遗簪坠履,yí zān zhuì lǚ
遗簪坠舄,yí zān zhuì xì
遗珠弃璧,yí zhū qì bì
颐精养神,yí jīng yǎng shén
颐神养气,yí shén yǎng qì
颐神养寿,yí shén yǎng shòu
颐神养性,yí shén yǎng xìng
颐性养寿,yí xìng yǎng shòu
颐养精神,yí yǎng jīng shén
颐养天年,yí yǎng tiān nián
颐指风使,yí zhǐ fēng shǐ
颐指气使,yí zhǐ qì shǐ
疑鬼疑神,yí guǐ yí shén
疑难杂症,yí nán zá zhèng
疑神见鬼,yí shén jiàn guǐ
疑神疑鬼,yí shén yí guǐ
疑事无功,yí shì wú gōng
疑似之间,yí sì zhī jiān
疑团满腹,yí tuán mǎn fù
疑团莫释,yí tuán mò shì
疑误天下,yí wù tiān xià
疑信参半,yí xìn cān bàn
疑行无成,yí xíng wú chéng
彝鼎圭璋,yí dǐng guī zhāng
以白诋青,yǐ bái dǐ qīng
以白为黑,yǐ bái wéi hēi
以半击倍,yǐ bàn jī bèi
以暴易暴,yǐ bào yì bào
以冰致蝇,yǐ bīng zhì yíng
以不济可,yǐ fǒu jì kě
以磛投卵,yǐ duàn tóu luǎn
以词害意,yǐ cí hài yì
以辞害意,yǐ cí hài yì
以辞取人,yǐ cí qǔ rén
以此类推,yǐ cǐ lèi tuī
以大恶细,yǐ dà wù xì
以党举官,yǐ dǎng jǔ guān
以德报德,yǐ dé bào dé
以德报怨,yǐ dé bào yuàn
以德服人,yǐ dé fú rén
以德追祸,yǐ dé zhuī huò
以点带面,yǐ diǎn dài miàn
以毒攻毒,yǐ dú gōng dú
以讹传讹,yǐ é chuán é
以恶报恶,yǐ è bào è
以耳代目,yǐ ěr dài mù
以耳为目,yǐ ěr wéi mù
以法为教,yǐ fǎ wéi jiào
以防不测,yǐ fáng bù cè
以防万一,yǐ fáng wàn yī
以丰补歉,yǐ fēng bǔ qiàn
以戈舂黍,yǐ gē chōng shǔ
以公灭私,yǐ gōng miè sī
以功补过,yǐ gōng bǔ guò
以攻为守,yǐ gōng wéi shǒu
以宫笑角,yǐ gōng xiào jué
以古方今,yǐ gǔ fāng jīn
以古非今,yǐ gǔ fēi jīn
以古为鉴,yǐ gǔ wéi jiàn
以古为镜,yǐ gǔ wéi jìng
以古喻今,yǐ gǔ yù jīn
以古制今,yǐ gǔ zhì jīn
以骨去蚁,yǐ gǔ qù yǐ
以瞽引瞽,yǐ gǔ yǐn gǔ
以观后效,yǐ guān hòu xiào
以冠补履,yǐ guān bǔ lǚ
以筦窥天,yǐ guǎn kuī tiān
以管窥豹,yǐ guǎn kuī bào
以管窥天,yǐ guǎn kuī tiān
以规为瑱,yǐ guī wéi tiàn
以荷析薪,yǐ hè xī xīn
以黑为白,yǐ hēi wéi bái
以毁为罚,yǐ huǐ wéi fá
以火救火,yǐ huǒ jiù huǒ
以火去蛾,yǐ huǒ qù é
以火止沸,yǐ huǒ zhǐ fèi
以己度人,yǐ jǐ duó rén
以计代战,yǐ jì dài zhàn
以假乱真,yǐ jiǎ luàn zhēn
以煎止燔,yǐ jiān zhǐ fán
以简驭繁,yǐ jiǎn yù fán
以简御繁,yǐ jiǎn yù fán
以胶投漆,yǐ jiāo tóu qī
以儆效尤,yǐ jǐng xiào yóu
以酒解酲,yǐ jiǔ jiě chéng
以绝后患,yǐ jué hòu huàn
以渴服马,yǐ kě fú mǎ
以口问心,yǐ kǒu wèn xīn
以快先睹,yǐ kuài xiān dǔ
以老卖老,yǐ lǎo mài lǎo
以类相从,yǐ lèi xiāng cóng
以狸饵鼠,yǐ lǐ ěr shǔ
以狸至鼠,yǐ lí zhì shǔ
以狸致鼠,yǐ lǐ zhì shǔ
以貍至鼠,yǐ lí zhì shǔ
以蠡测海,yǐ lǐ cè hǎi
以礼相待,yǐ lǐ xiāng dài
以理服人,yǐ lǐ fú rén
以力服人,yǐ lì fú rén
以利累形,yǐ lì lěi xíng
以邻为壑,yǐ lín wéi hè
以鹿为马,yǐ lù wéi mǎ
以卵敌石,yǐ luǎn dí shí
以卵击石,yǐ luǎn jī shí
以卵投石,yǐ luǎn tóu shí
以毛相马,yǐ máo xiàng mǎ
以貌取人,yǐ mào qǔ rén
以沫相濡,yǐ mò xiāng rú
以偏概全,yǐ piān gài quán
以强凌弱,yǐ qiáng líng ruò
以强胜弱,yǐ qiáng shèng ruò
以勤补拙,yǐ qín bǔ zhuō
以求一逞,yǐ qiú yī chěng
以屈求伸,yǐ qū qiú shēn
以权达变,yǐ quán dá biàn
以权谋私,yǐ quán móu sī
以筌为鱼,yǐ quán wéi yú
以人废言,yǐ rén fèi yán
以人为鉴,yǐ rén wéi jiàn
以人为镜,yǐ rén wéi jìng
以人择官,yǐ rén zé guān
以忍为阍,yǐ rěn wéi hūn
以日继夜,yǐ rì jì yè
以日为年,yǐ rì wéi nián
以容取人,yǐ róng qǔ rén
以柔克刚,yǐ róu kè gāng
以柔制刚,yǐ róu zhì gāng
以肉啖虎,yǐ ròu dàn hǔ
以肉驱蝇,yǐ ròu qū yíng
以肉去蚁,yǐ ròu qù yǐ
以肉喂虎,yǐ ròu wèi hǔ
以肉餧虎,yǐ ròu sì hǔ
以弱胜强,yǐ ruò shèng qiáng
以弱制强,yǐ ruò zhì qiáng
以杀去杀,yǐ shā qù shā
以杀止杀,yǐ shā zhǐ shā
以身报国,yǐ shēng bào guó
以身试法,yǐ shēn shì fǎ
以身试险,yǐ shēn shì xiǎn
以身许国,yǐ shēng xǔ guó
以身殉国,yǐ shēng xùn guó
以身殉职,yǐ shēn xùn zhí
以身作则,yǐ shēn zuò zé
以慎为键,yǐ shèn wéi jiàn
以升量石,yǐ shēng liáng dàn
以石投卵,yǐ shí tóu luǎn
以石投水,yǐ shí tóu shuǐ
以手加额,yǐ shǒu jiā é
以守为攻,yǐ shǒu wéi gōng
以售其奸,yǐ shòu qí jiān
以书为御,yǐ shū wéi yù
以叔援嫂,yǐ shū yuán sǎo
以疏间亲,yǐ shū jiàn qīn
以水济水,yǐ shuǐ jǐ shuǐ
以水救水,yǐ shuǐ jiù shuǐ
以水投石,yǐ shuǐ tóu shí
以水投水,yǐ shuǐ tóu shuǐ
以水洗血,yǐ shuǐ xǐ xuè
以私废公,yǐ sī fèi gōng
以私害公,yǐ sī hài gōng
以索续组,yǐ suǒ xù zǔ
以汤沃沸,yǐ tāng wò fèi
以汤沃雪,yǐ tāng wò xuě
以汤止沸,yǐ tāng zhǐ fèi
以螳当车,yǐ táng dāng chē
以桃代李,yǐ táo dài lǐ
以莛叩钟,yǐ tíng kòu zhōng
以莛扣钟,yǐ tíng kòu zhōng
以莛撞钟,yǐ tíng zhuàng zhōng
以退为进,yǐ tuì wéi jìn
以往鉴来,yǐ wǎng jiàn lái
以微知著,yǐ wēi zhī zhù
以微知着,yǐ wēi zhī zhù
以为后图,yǐ wéi hòu tú
以伪乱真,yǐ wěi luàn zhēn
以文害辞,yǐ wén hài cí
以文会友,yǐ wén huì yǒu
以文乱法,yǐ wén luàn fǎ
以郄视文,yǐ xì shì wén
以小见大,yǐ xiǎo jiàn dà
以心传心,yǐ xīn chuán xīn
以心问心,yǐ xīn wèn xīn
以刑去刑,yǐ xíng qù xíng
以刑止刑,yǐ xíng zhǐ xíng
以刑致刑,yǐ xíng zhì xíng
以学愈愚,yǐ xué yù yú
以血洗血,yǐ xuè xǐ xuè
以牙还牙,yǐ yá huán yá
以言举人,yǐ yán jǔ rén
以言取人,yǐ yán qǔ rén
以言为讳,yǐ yán wéi huì
以言徇物,yǐ yán xùn wù
以眼还眼,yǐ yǎn huán yǎn
以羊易牛,yǐ yáng yì niú
以养伤身,yǐ yǎng shāng shēn
以噎废飡,yǐ yē fèi guāng
以噎废餐,yǐ yē fèi cān
以夜继朝,yǐ yè jì zhāo
以夜继日,yǐ yè jì rì
以夜继昼,yǐ yè jì zhòu
以夜续昼,yǐ yè xù zhòu
以一持万,yǐ yī chí wàn
以一当十,yǐ yī dāng shí
以一奉百,yǐ yī fèng bǎi
以一儆百,yǐ yī jǐng bǎi
以一警百,yǐ yī jǐng bǎi
以一知万,yǐ yī zhī wàn
以夷伐夷,yǐ yí fá yí
以夷攻夷,yǐ yí gōng yí
以夷制夷,yǐ yí zhì yí
以夷治夷,yǐ yí zhì yí
以疑决疑,yǐ yí jué yí
以义断恩,yǐ yì duàn ēn
以义割恩,yǐ yì gē ēn
以佚待劳,yǐ yì dài láo
以逸待劳,yǐ yì dài láo
以逸击劳,yǐ yì jī láo
以意逆志,yǐ yì nì zhì
以意为之,yǐ yì wéi zhī
以镒称铢,yǐ yì chēng zhū
以蚓投鱼,yǐ yǐn tóu yú
以鱼驱蝇,yǐ yú qū yíng
以玉抵鹊,yǐ yù dǐ què
以玉抵乌,yǐ yù dǐ wū
以誉进能,yǐ yù jìn néng
以誉为赏,yǐ yù wéi shǎng
以怨报德,yǐ yuàn bào dé
以泽量尸,yǐ zé liáng shī
以战去战,yǐ zhàn qù zhàn
以战养战,yǐ zhàn yǎng zhàn
以直报怨,yǐ zhí bào yuàn
以直抱怨,yǐ zhí bào yuàn
以指测河,yǐ zhǐ cè hé
以指挠沸,yǐ zhǐ náo fèi
以终天年,yǐ zhōng tiān nián
以众暴寡,yǐ zhòng bào guǎ
以珠弹雀,yǐ zhū tán què
以铢称镒,yǐ zhū chēng yì
以铢程镒,yǐ zhū chéng yì
以锥飡壸,yǐ zhuī cān kǔn
以锥餐壶,yǐ zhuī cān hú
以锥刺地,yǐ zhuī cì dì
以紫乱朱,yǐ zǐ luàn zhū
以紫为朱,yǐ zǐ wéi zhū
蚁萃螽集,yǐ cuì zhōng jí
蚁斗蜗争,yǐ dòu wō zhēng
蚁封穴雨,yǐ fēng xué yǔ
蚁附蜂屯,yǐ fù fēng tún
蚁附蝇集,yǐ fù yíng jí
蚁集蜂攒,yǐ jí fēng cuán
蚁聚蜂屯,yǐ jù fēng tún
蚁聚蜂攒,yǐ jù fēng cuán
蚁溃鼠骇,yǐ kuì shǔ hài
蚁穴坏堤,yǐ xué huài dī
蚁穴溃堤,yǐ xué kuì dī
蚁穴自封,yǐ xué zì fēng
蚁拥蜂攒,yǐ yōng fēng cuán
倚傍门户,yǐ bàng mén hù
倚财仗势,yǐ cái zhàng shì
倚草附木,yǐ cǎo fù mù
倚翠偎红,yǐ cuì wēi hóng
倚官挟势,yǐ guān xié shì
倚官仗势,yǐ guān zhàng shì
倚姣作媚,yǐ jiāo zuò mèi
倚老卖老,yǐ lǎo mài lǎo
倚闾望切,yǐ lǘ wàng qiē
倚马可待,yǐ mǎ kě dài
倚马七纸,yǐ mǎ qī zhǐ
倚马千言,yǐ mǎ qiān yán
倚门傍户,yǐ mén bàng hù
倚门窥户,yǐ mén kuī hù
倚门卖俏,yǐ mén mài qiào
倚门卖笑,yǐ mén mài xiào
倚门献笑,yǐ mén xiàn xiào
倚门倚闾,yǐ mén yǐ lǚ
倚强凌弱,yǐ qiáng líng ruò
倚人庐下,yǐ rén lú xià
倚势凌人,yǐ shì líng rén
倚天拔地,yǐ tiān bá dì
倚玉偎香,yǐ yù wēi xiāng
旖旎风光,yǐ nǐ fēng guāng
义薄云天,yì bó yún tiān
义不反顾,yì bù fǎn gù
义不取容,yì bù qǔ róng
义不容辞,yì bù róng cí
义不生财,yì bù shēng cái
义胆忠肝,yì dǎn zhōng gān
义断恩绝,yì duàn ēn jué
义愤填胸,yì fèn tián xiōng
义愤填膺,yì fèn tián yīng
义海恩山,yì hǎi ēn shān
义浆仁粟,yì jiāng rén sù
义结金兰,yì jié jīn lán
义气相投,yì qì xiāng tóu
义无反顾,yì wú fǎn gù
义无旋踵,yì wú xuán zhǒng
义形于色,yì xíng yú sè
义正词严,yì zhèng cí yán
义正辞严,yì zhèng cí yán
义正辞约,yì zhèng cí yuē
义重恩深,yì zhòng ēn shēn
亿万斯年,yì wàn sī nián
亿辛万苦,yì xīn wàn kǔ
亿兆一心,yì zhào yī xīn
弋人何篡,yì rén hé cuàn
忆苦思甜,yì kǔ sī tián
艺不压身,yì bù yā shēn
艺高胆大,yì gāo dǎn dà
议不反顾,yì bù fǎn gù
议论纷错,yì lùn fēn cuò
议论纷纷,yì lùn fēn fēn
议论纷纭,yì lùn fēn yún
议论风发,yì lùn fēng fā
议论风生,yì lùn fēng shēng
议论英发,yì lùn yīng fā
议事日程,yì shì rì chéng
亦步亦趋,yì bù yì qū
亦复如是,yì fù rú shì
亦趋亦步,yì qū yì bù
亦庄亦谐,yì zhuāng yì xié
异宝奇珍,yì bǎo qí zhēn
异草奇花,yì cǎo qí huā
异地相逢,yì dì xiāng féng
异端邪说,yì duān xié shuō
异乎寻常,yì hū xún cháng
异军特起,yì jūn tè qǐ
异军突起,yì jūn tū qǐ
异口同声,yì kǒu tóng shēng
异口同音,yì kǒu tóng yīn
异口同韵,yì kǒu tóng yùn
异路同归,yì lù tóng guī
异名同实,yì míng tóng shí
异木奇花,yì mù qí huā
异曲同工,yì qǔ tóng gōng
异涂同归,yì tú tóng guī
异途同归,yì tú tóng guī
异闻传说,yì wén chuán shuō
异香扑鼻,yì xiāng pū bí
异想天开,yì xiǎng tiān kāi
抑强扶弱,yì qiáng fú ruò
抑塞磊落,yì sè lěi luò
抑扬顿挫,yì yáng dùn cuò
抑郁寡欢,yì yù guǎ huān
易地而处,yì dì ér chǔ
易口以食,yì kǒu yǐ shí
易如翻掌,yì rú fān zhǎng
易如反掌,yì rú fǎn zhǎng
易如破竹,yì rú pò zhú
易如拾芥,yì rú shí jiè
易俗移风,yì sú yí fēng
易同反掌,yì tóng fǎn zhǎng
易于反手,yì yú fǎn shǒu
易于反掌,yì yú fǎn zhǎng
易于拾遗,yì yú shí yí
易辙改弦,yì zhé gǎi xián
易子而教,yì zǐ ér jiào
易子而食,yì zǐ ér shí
易子析骸,yì zǐ xī hái
驿寄梅花,yì jì méi huā
驿路梅花,yì lù méi huā
驿使梅花,yì shǐ méi huā
羿射九日,yì shè jiǔ rì
轶类超群,yì lèi chāo qún
轶群绝类,yì qún jué lèi
轶事遗闻,yì shì yí wén
轶闻遗事,yì wén yí shì
悒悒不乐,yì yì bù lè
挹彼注此,yì bǐ zhù cǐ
挹彼注兹,yì bǐ zhù zī
挹斗扬箕,yì dǒu yáng jī
挹盈注虚,yì yíng zhù xū
益国利民,yì guó lì mín
益谦亏盈,yì qiān kuī yíng
益寿延年,yì shòu yán nián
谊不敢辞,yì bù gǎn cí
谊不容辞,yì bù róng cí
谊切苔岑,yì qiè tái cén
逸辈殊伦,yì bèi shū lún
逸尘断鞅,yì chén duàn yāng
逸趣横生,yì qù héng shēng
逸群绝伦,yì qún jué lún
逸群之才,yì qún zhī cái
逸态横生,yì tài héng shēng
逸闻趣事,yì wén qù shì
逸闻琐事,yì wén suǒ shì
逸闻轶事,yì wén yì shì
逸兴遄飞,yì xìng chuán fēi
逸兴横飞,yì xìng héng fēi
逸兴云飞,yì xìng yún fēi
逸以待劳,yì yǐ dài láo
逸韵高致,yì yùn gāo zhì
意出望外,yì chū wàng wài
意得志满,yì dé zhì mǎn
意广才疏,yì guǎng cái shū
意合情投,yì hé qíng tóu
意懒心灰,yì lǎn xīn huī
意懒心慵,yì lǎn xīn yōng
意料之外,yì liào zhī wài
意乱心忙,yì luàn xīn máng
意马心猿,yì mǎ xīn yuán
意满志得,yì mǎn zhì dé
意气飞扬,yì qì fēi yáng
意气风发,yì qì fēng fā
意气高昂,yì qì gāo áng
意气相得,yì qì xiāng dé
意气相投,yì qì xiāng tóu
意气扬扬,yì qì yáng yáng
意气洋洋,yì qì yáng yáng
意气用事,yì qì yòng shì
意气自如,yì qì zì rú
意气自若,yì qì zì ruò
意前笔后,yì qián bǐ hòu
意惹情牵,yì rě qíng qiān
意往神驰,yì wǎng shén chí
意味深长,yì wèi shēn cháng
意想不到,yì xiǎng bù dào
意兴盎然,yì xìng àng rán
意兴索然,yì xīng suǒ rán
意义深长,yì yì shēn cháng
意在笔前,yì zài bǐ qián
意在笔先,yì zài bǐ xiān
意在言外,yì zài yán wài
意转心回,yì zhuǎn xīn huí
溢美溢恶,yì měi yì lè
溢美之辞,yì měi zhī cí
溢美之言,yì měi zhī yán
溢美之语,yì měi zhī yǔ
溢言虚美,yì yán xū měi
溢于言表,yì yú yán biǎo
溢于言外,yì yú yán wài
瘗玉埋香,yì yù mái xiāng
毅然决然,yì rán jué rán
薏苡蒙谤,yì yǐ méng bàng
薏苡明珠,yì yǐ míng zhū
薏苡之谤,yì yǐ zhī bàng
薏苡之谗,yì yǐ zhī chán
翼翼飞鸾,yì yì fēi luán
翼翼小心,yì yì xiǎo xīn
因材施教,yīn cái shī jiào
因敌取资,yīn dí qǔ zī
因敌为资,yīn dí wéi zī
因地制宜,yīn dì zhì yí
因风吹火,yīn fēng chuī huǒ
因公假私,yīn gōng jiǎ sī
因公行私,yīn gōng xíng sī
因果报应,yīn guǒ bào yìng
因祸得福,yīn huò dé fú
因祸为福,yīn huò wéi fú
因利乘便,yīn lì chéng biàn
因陋就寡,yīn lòu jiù guǎ
因陋就简,yīn lòu jiù jiǎn
因陋守旧,yīn lòu shǒu jiù
因难见巧,yīn nán jiàn qiǎo
因人成事,yīn rén chéng shì
因人而异,yīn rén ér yì
因人制宜,yīn rén zhì yí
因任授官,yīn rèn shòu guān
因时制宜,yīn shí zhì yí
因事制宜,yīn shì zhì yí
因势利导,yīn shì lì dǎo
因树为屋,yīn shù wéi wū
因乌及屋,yīn wū jí wū
因袭陈规,yin xi chen gui
因小失大,yīn xiǎo shī dà
因循苟且,yīn xún gǒu qiě
因循守旧,yīn xún shǒu jiù
因循坐误,yīn xún zuò wù
因噎废食,yīn yē fèi shí
因缘为市,yīn yuán wéi shì
阴曹地府,yīn cáo dì fǔ
阴差阳错,yīn chā yáng cuò
阴错阳差,yīn cuò yáng chā
阴服微行,yīn fú wēi xíng
阴魂不散,yīn hún bù sàn
阴谋诡计,yīn móu guǐ jì
阴凝冰坚,yīn níng bīng jiān
阴凝坚冰,yīn níng jiān bīng
阴山背后,yīn shān bèi hòu
阴阳惨舒,yīn yáng cǎn shū
阴阳怪气,yīn yáng guài qì
阴阳交错,yīn yáng jiāo cuò
阴疑阳战,yīn yí yáng zhàn
茵席之臣,yīn xí zhī chén
荫子封妻,yìn zǐ fēng qī
音容如在,yīn róng rú zài
音容宛在,yīn róng wǎn zài
音容笑貌,yīn róng xiào mào
音问两绝,yīn wèn liǎng jué
音信杳无,yīn xìn yǎo wú
殷浩书空,yīn hào shū kōng
殷鉴不远,yīn jiàn bù yuǎn
殷民阜财,yīn mín fù cái
殷天蔽日,yīn tiān bì rì
喑噁叱咤,yīn wù chì zhà
堙谷堑山,yīn gǔ qiàn shān
吟风弄月,yín fēng nòng yuè
吟风咏月,yín fēng yǒng yuè
吟花咏柳,yín huā yǒng liǔ
寅吃卯粮,yín chī mǎo liáng
寅支卯粮,yín zhī mǎo liáng
崟崎磊落,yín qí lěi luò
崟崎历落,yín qí lì luò
淫词秽语,yín cí huì yǔ
淫词亵语,yín cí xiè yǔ
淫词艳曲,yín cí yàn qǔ
淫辞秽语,yín cí huì yǔ
淫辞邪说,yín cí xié shuō
淫朋密友,yín péng mì yǒu
淫朋狎友,yín péng xiá yǒu
淫心匿行,yín xīn nì xíng
淫言诐行,yín yán bì xíng
淫言狎语,yín yán xiá yǔ
淫言媟语,yín yán liǎng yǔ
银钩虿尾,yín gōu chài wěi
银钩铁画,yín gōu tiě huà
银钩玉唾,yín gōu yù tuò
银河倒泻,yín hé dào xiè
银花火树,yín huā huǒ shù
银屏金屋,yín píng jīn wū
银山铁壁,yín shān tiě bì
夤缘攀附,yín yuán pān fǔ
龈齿弹舌,yín chǐ dàn shé
龈龈计较,yín yín jì jiào
引车卖浆,yǐn chē mài jiāng
引短推长,yǐn duǎn tuī cháng
引而不发,yǐn ér bù fā
引风吹火,yǐn fēng chuī huǒ
引狗入寨,yǐn gǒu rù zhai
引古喻今,yǐn gǔ yù jīn
引古证今,yǐn gǔ zhèng jīn
引鬼上门,yǐn guǐ shàng mén
引过自责,yǐn guò zì zé
引虎拒狼,yǐn hǔ jù láng
引虎入室,yǐn hǔ rù shì
引虎自卫,yǐn hǔ zì wèi
引火烧身,yǐn huǒ shāo shēn
引经据典,yǐn jīng jù diǎn
引经据古,yǐn jīng jù gǔ
引颈受戮,yǐn jǐng shòu lù
引咎责躬,yǐn jiù zé gōng
引咎自责,yǐn jiù zì zé
引吭悲歌,yǐn háng bēi gē
引吭高唱,yǐn háng gāo chàng
引吭高歌,yǐn háng gāo gē
引吭高声,yǐn háng gāo shēng
引狼拒虎,yǐn láng jù hǔ
引狼入室,yǐn láng rù shì
引狼自卫,yǐn láng zì wèi
引类呼朋,yǐn lèi hū péng
引领而望,yǐn lǐng ér wàng
引律比附,yǐn lǜ bǐ fù
引人入胜,yǐn rén rù shèng
引人注目,yǐn rén zhù mù
引日成岁,yǐn rì chéng suì
引商刻角,yǐn shāng kè jiǎo
引商刻羽,yǐn shāng kè yǔ
引申触类,yǐn shēn chù lèi
引伸触类,yǐn shēn chù lèi
引绳排根,yǐn shéng pái gēn
引绳批根,yǐn shéng pī gēn
引绳棋布,yǐn shéng qí bù
引绳切墨,yǐn shéng qiē mò
引手投足,yǐn shǒu tóu zú
引首以望,yǐn shǒu yǐ wàng
引水入墙,yǐn shuǐ rù qiáng
引物连类,yǐn wù lián lèi
引线穿针,yǐn xiàn chuān zhēn
引新吐故,yǐn xīn tǔ gù
引以为耻,yǐn yǐ wéi chǐ
引以为憾,yǐn yǐ wéi hàn
引以为戒,yǐn yǐ wéi jiè
引以为荣,yǐn yǐ wéi róng
引玉之砖,yǐn yù zhī zhuān
引喻失义,yǐn yù shī yì
引针拾芥,yǐn zhēn shí jiè
引锥刺股,yǐn zhuī cì gǔ
引足救经,yǐn zú jiù jīng
饮冰内热,yǐn bīng nèi rè
饮冰茹檗,yǐn bīng rú bò
饮冰茹蘖,yǐn bīng rú bò
饮冰食檗,yǐn bīng shí bò
饮冰食蘖,yǐn bīng shí bò
饮冰吞檗,yǐn bīng tūn bò
饮醇自醉,yǐn chún zì zuì
饮胆尝血,yǐn dǎn cháng xuè
饮犊上流,yìn dú shàng liú
饮谷栖丘,yǐn gǔ qī qiū
饮河满腹,yǐn hé mǎn fù
饮河鼹鼠,yǐn hé yǎn shǔ
饮恨而终,yǐn hèn ér zhōng
饮恨吞声,yǐn hèn tūn shēng
饮灰洗胃,yǐn huī xǐ wèi
饮露餐风,yǐn lù cān fēng
饮马长江,yǐn mǎ cháng jiāng
饮马投钱,yìn mǎ tóu qián
饮气吞声,yǐn qì tūn shēng
饮泣吞声,yǐn qì tūn shēng
饮泉清节,yǐn quán qīng jié
饮食男女,yǐn shí nán nǚ
饮食起居,yǐn shí qǐ jū
饮水辨源,yǐn shuǐ biàn yuán
饮水啜菽,yǐn shuǐ chuò shū
饮水栖衡,yǐn shuǐ qī héng
饮水曲肱,yǐn shuǐ qū gōng
饮水食菽,yǐn shuǐ shí shū
饮水思源,yǐn shuǐ sī yuán
饮水知源,yǐn shuǐ zhī yuán
饮血崩心,yǐn xuè bēng xīn
饮血茹毛,yǐn xuè rú máo
饮鸩解渴,yǐn zhèn jiě kě
饮鸩止渴,yǐn zhèn zhǐ kě
隐恶扬善,yǐn è yáng shàn
隐晦曲折,yǐn huì qū zhé
隐迹埋名,yǐn jì mái míng
隐介藏形,yǐn jiè cáng xíng
隐居求志,yǐn jū qiú zhì
隐鳞藏彩,yǐn lín cáng cǎi
隐鳞戢翼,yǐn lín jí yì
隐鳞戢羽,yǐn lín jí yǔ
隐名埋姓,yǐn míng mái xìng
隐然敌国,yǐn rán dí guó
隐忍不发,yǐn rěn bù fā
隐忍不言,yǐn rěn bù yán
隐若敌国,yǐn ruò dí guó
隐天蔽日,yǐn tiān bì rì
隐姓埋名,yǐn xìng mái míng
隐隐约约,yǐn yǐn yuē yuē
隐约其词,yǐn yuē qí cí
隐约其辞,yǐn yuē qí cí
隐占身体,yin zhan shen qi
印累绶若,yìn léi shòu ruò
应变无方,yìng biàn wú fāng
应答如流,yìng dá rú liú
应答如响,yìng dá rú xiǎng
应对如流,yìng duì rú liú
应对如响,yìng duì rú xiǎng
应付裕如,yìng fù yù rú
应付自如,yìng fù zì rú
应机立断,yìng jī lì duàn
应接不暇,yìng jiē bù xiá
应节合拍,yìng jié hé pāi
应名点卯,yìng míng diǎn mǎo
应权通变,yìng quán tōng biàn
应刃而解,yìng rèn ér jiě
应时对景,yìng shí duì jǐng
应天承运,yìng tiān chéng yùn
应天从人,yìng tiān cóng rén
应天顺民,yìng tiān shùn mín
应天顺人,yìng tiān shùn rén
应弦而倒,yìng xián ér dǎo
应有尽有,yīng yǒu jìn yǒu
应运而生,yìng yùn ér shēng
英风亮节,yīng fēng liàng jié
英声茂实,yīng shēng mào shí
英声欺人,yīng shēng qī rén
英雄辈出,yīng xóng bèi chū
英雄本色,yīng xióng běn sè
英雄豪杰,yīng xióng háo jié
英雄气短,yīng xióng qì duǎn
英雄入彀,yīng xióng rù gòu
英英玉立,yīng yīng yù lì
英姿勃勃,yīng zī bó bó
英姿焕发,yīng zī huàn fā
英姿飒爽,yīng zī sà shuǎng
莺猜燕妒,yīng cāi yàn dù
莺巢燕垒,yīng cháo yàn lěi
莺俦燕侣,yīng chóu yàn lǚ
莺飞草长,yīng fēi cǎo zhǎng
莺飞燕舞,yīng fēi yàn wǔ
莺歌蝶舞,yīng gē dié wǔ
莺歌燕舞,yīng gē yàn wǔ
莺歌燕语,yīng gē yàn yǔ
莺闺燕阁,yīng guī yàn gé
莺期燕约,yīng qī yàn yuē
莺声燕语,yīng shēng yàn yǔ
莺啼燕语,yīng tí yàn yǔ
莺吟燕舞,yīng yín yàn wǔ
莺吟燕儛,yīng yín yàn sāi
鹦鹉学舌,yīng wǔ xué shé
鹦鹉学语,yīng wǔ xué yǔ
膺箓受图,yīng lù shòu tú
膺图受箓,yīng tú shòu lù
鹰鼻鹞眼,yīng bí yào yǎn
鹰撮霆击,yīng cuō tíng jī
鹰击长空,yīng jī cháng kōng
鹰击毛挚,yīng jī máo zhì
鹰瞵鹗视,yīng lín è shì
鹰瞵虎攫,yīng lín hǔ jué
鹰瞵虎视,yīng lín hǔ shì
鹰拿雁捉,yīng ná yàn zhuō
鹰拿燕雀,yīng ná yàn què
鹰觑鹘望,yīng qù hú wàng
鹰犬塞途,yīng quǎn sāi tú
鹰犬之才,yīng quǎn zhī cái
鹰视虎步,yīng shì hǔ bù
鹰视狼步,yīng shì láng bù
鹰视狼顾,yīng shì láng gù
鹰睃狼顾,yīng suō láng gù
鹰头雀脑,yīng tóu què nǎo
鹰心雁爪,yīng xīn yàn zhǎo
鹰扬虎视,yīng yáng hǔ shì
鹰扬虎噬,yīng yáng hǔ shì
鹰挚狼食,yīng zhì láng shí
鹰嘴鹞目,yīng zuǐ yào mù
迎风待月,yíng fēng dài yuè
迎风冒雪,yíng fēng mào xuě
迎风招展,yíng fēng zhāo zhǎn
迎奸卖俏,yíng jiān mài qiào
迎来送往,yíng lái sòng wǎng
迎门请盗,yíng mén qǐng dào
迎刃冰解,yíng rèn bīng jiě
迎刃而解,yíng rèn ér jiě
迎刃而理,yíng rèn ér lǐ
迎刃立解,yíng rèn lì jiě
迎刃以解,yíng rèn yǐ jiě
迎神赛会,yíng shén sài huì
迎头赶上,yíng tóu gǎn shàng
迎头痛击,yíng tóu tòng jī
迎新弃旧,yíng xīn qì jiù
迎新送故,yíng xīn sòng gù
迎新送旧,yíng xīn sòng jiù
盈科后进,yíng kē hòu jìn
盈满之咎,yíng mǎn zhī jiù
盈篇累牍,yíng piān lěi dú
盈千累万,yíng qiān lěi wàn
盈盈秋水,yíng yíng shuǐ qiū
盈盈一水,yíng yíng yī shuǐ
盈则必亏,yíng zé bì kuī
萤窗雪案,yíng chuāng xuě àn
萤灯雪屋,yíng dēng xuě wū
营私罔利,yíng sī wǎng lì
营私舞弊,yíng sī wǔ bì
营私植党,yíng sī zhí dǎng
营私作弊,yíng sī zuò bì
营营苟苟,yíng yíng gǒu gǒu
营营逐逐,yíng yíng zhú zhú
营蝇斐锦,yíng yíng fēi jǐn
蝇飞蚁聚,yíng fēi yǐ jù
蝇粪点玉,yíng fèn diǎn yù
蝇集蚁附,yíng jí yǐ fù
蝇名蜗利,yíng míng wō lì
蝇声蛙躁,yíng shēng wā zào
蝇随骥尾,yíng suí jì wěi
蝇头微利,yíng tóu wēi lì
蝇头蜗角,yíng tóu wō jiǎo
蝇头小楷,yíng tóu xiǎo kǎi
蝇头小利,yíng tóu xiǎo lì
蝇营狗苟,yíng yíng gǒu gǒu
蝇营鼠窥,yíng yíng shǔ kuī
蝇营蚁附,yíng yíng yǐ fù
蝇营蚁聚,yíng yíng yǐ jù
蝇攒蚁附,yíng cuán yǐ fù
蝇攒蚁聚,yíng cuán yǐ jù
嬴奸买俏,yíng jiān mǎi qiào
赢奸卖俏,yíng jiān mài qiào
赢金一经,yíng jīn yī jīng
郢匠挥斤,yǐng jiàng huī jīn
郢人斤斧,yǐng rén jīn fǔ
郢人斤斫,yǐng rén jīn zhuó
郢人运斧,yǐng rén yùn fǔ
郢人斫垩,yǐng rén zhuó è
郢书燕说,yǐng shū yān shuō
郢中白雪,yǐng zhōng bái xuě
颖脱而出,yǐng tuō ér chū
颖悟绝伦,yǐng wù jué lún
颖悟绝人,yǐng wù jué rén
影形不离,yǐng xíng bù lí
影影绰绰,yǐng yǐng chuò chuò
影只形单,yǐng zhī xíng dān
影只形孤,yǐng zhī xíng gū
映雪读书,yìng xuě dú shū
映雪囊萤,yìng xuě náng yíng
映月读书,yìng yuè dú shū
硬语盘空,yìng yǔ pán kōng
佣中佼佼,yòng zhōng jiǎo jiǎo
拥兵自固,yōng bīng zì gù
拥篲救火,yōng huǐ jiù huǒ
拥书百城,yōng shū bǎi chéng
拥书南面,yōng shū nán miàn
拥雾翻波,yōng wù fān bō
拥政爱民,yōng zhèng ài mín
庸耳俗目,yōng ěr sú mù
庸人自扰,yōng rén zì rǎo
庸言庸行,yōng yán yōng xíng
庸医杀人,yōng yī shā rén
庸庸碌碌,yōng yōng lù lù
庸中佼佼,yōng zhōng jiǎo jiǎo
庸中皦皦,yōng zhōng bì tóng
雍门刎首,yōng mén wěn shǒu
雍荣华贵,yōng róng huá guì
雍荣闲雅,yōng róng xián yǎ
雍荣雅步,yōng róng yǎ bù
雍容不迫,yōng róng bù pò
雍容大度,yōng róng dà dù
雍容大雅,yōng róng dà yǎ
雍容典雅,yōng róng diǎn yǎ
雍容尔雅,yōng róng ěr yǎ
雍容华贵,yōng róng huá guì
雍容闲雅,yōng róng xián yǎ
雍容雅步,yōng róng yǎ bù
饔飧不饱,yōng sūn bù bǎo
饔飧不给,yōng sūn bù jǐ
饔飧不济,yōng sūn bù jì
饔飧不继,yōng sūn bù jì
永不磨灭,yǒng bù mó miè
永垂不朽,yǒng chuí bù xiǔ
永垂青史,yǒng chuí qīng shǐ
永垂竹帛,yǒng chuí zhú bó
永劫沉沦,yǒng jié chén lún
永劫沉轮,yǒng jié chén lún
永生永世,yǒng shēng yǒng shì
永矢弗谖,yǒng shǐ fú xuān
永世无穷,yǒng shì wú qióng
永无宁日,yǒng wú níng rì
永无止境,yǒng wú zhǐ jìng
永永无穷,yǒng shì wú qióng
永志不忘,yǒng zhì bù wàng
咏嘲风月,yǒng cháo fēng yuè
咏桑寓柳,yǒng sāng yù liǔ
咏月嘲风,yǒng yuè cháo fēng
咏月嘲花,yǒng yuè cháo huā
勇而无谋,yǒng ér wú móu
勇冠三军,yǒng guàn sān jūn
勇猛果敢,yǒng měng guǒ gǎn
勇猛精进,yǒng měng jīng jìn
勇往直前,yǒng wǎng zhí qián
勇者不惧,yǒng zhě bù jù
用兵如神,yòng bīng rú shén
用非其人,yòng fēi qí rén
用非所学,yòng fēi suǒ xué
用管窥天,yòng guǎn kuī tiān
用尽心机,yòng jìn xīn jī
用其所长,yòng qí suǒ cháng
用舍行藏,yòng shě xíng cáng
用天因地,yòng tiān yīn dì
用武之地,yòng wǔ zhī dì
用夏变夷,yòng xià biàn yí
用心竭力,yòng xīn jié lì
用心良苦,yòng xīn liáng kǔ
用心用意,yòng xīn yòng yì
用行舍藏,yòng xíng cáng shě
用一当十,yòng yī dāng shí
用逸待劳,yòng yì dài láo
用之不竭,yòng zhī bù jié
用智铺谋,yòng zhì pù móu
优孟衣冠,yōu mèng yī guān
优柔寡断,yōu róu guǎ duàn
优柔厌饫,yōu róu yàn yù
优柔餍饫,yōu róu yàn yù
优胜劣败,yōu shèng liè bài
优昙一现,yōu tán yī xiàn
优贤扬历,yōu xián yáng lì
优贤飏历,yōu xián yáng lì
优游不断,yōu yóu bù duàn
优游涵泳,yōu yóu hán yǒng
优游岁月,yōu yóu suì yuè
优游自得,yōu yóu zì dé
优游自如,yōu yóu zì rú
优游自若,yōu yóu zì ruò
优游自适,yōu yóu zì shì
优游自在,yōu yóu zì zài
优游卒岁,yōu yóu zú suì
优哉游哉,yōu zāi yóu zāi
忧谗畏讥,yōu chán wèi jī
忧愤成疾,yōu fèn chéng jí
忧公忘私,yōu gōng wàng sī
忧国爱民,yōu guó ài mín
忧国奉公,yōu guó fèng gōng
忧国忘家,yōu guó wàng jiā
忧国忧民,yōu guó yōu mín
忧患余生,yōu huàn yú shēng
忧深思远,yōu shēn sī yuǎn
忧盛危明,yōu shèng wēi míng
忧心忡忡,yōu xīn chōng chōng
忧心悄悄,yōu xīn qiāo qiāo
忧心如捣,yōu xīn rú dǎo
忧心如焚,yōu xīn rú fén
忧形于色,yōu xíng yú sè
幽期密约,yōu qī mì yuē
悠然自得,yōu rán zì dé
悠闲自在,yōu xián zì zài
悠悠荡荡,yōu yōu dàng dàng
悠悠忽忽,yōu yōu hū hū
悠游自得,yōu yóu zì dé
悠游自在,yōu yóu zì zài
悠哉游哉,yōu zāi yóu zāi
尤而效之,yóu ér xiào zhī
尤红殢翠,yóu hóng tì cuì
尤花殢雪,yóu huā tì xuě
尤物移人,yóu wù yí rén
尤云殢雪,yóu yún tì xuě
尤云殢雨,yóu yún zhì yǔ
由表及里,yóu biǎo jí lǐ
由博返约,yóu bó fǎn yuē
由此及彼,yóu cǐ jí bǐ
由近及远,yóu jìn jí yuǎn
由来已久,yóu lái yǐ jiǔ
由浅入深,yóu qiǎn rù shēn
由衷之言,yóu zhōng zhī yán
犹解倒悬,yóu jiě dào xuán
犹豫不决,yóu yù bù jué
油壁香车,yóu bì xiāng chē
油干灯尽,yóu gàn dēng jìn
油干火尽,yóu gān huǒ jìn
油光晶亮,yóu guāng jīng liàng
油光可鉴,yóu guāng kě jiàn
油光水滑,yóu guāng shuǐ huá
油煎火燎,yóu jiān huǒ liáo
油浇火燎,yóu jiāo huǒ liáo
油腔滑调,yóu qiāng huá diào
油然而生,yóu rán ér shēng
油头粉面,yóu tóu fěn miàn
油头光棍,yóu tóu guāng gùn
油头滑脸,yóu tóu huá liǎn
油头滑面,yóu tóu huá miàn
油头滑脑,yóu tóu huá nǎo
油盐酱醋,yóu yán jiàng cù
油渍麻花,yóu zì má huā
油嘴花唇,yóu zuǐ huā chún
油嘴滑舌,yóu zuǐ huá shé
油嘴油舌,yóu zuǐ yóu shé
游必有方,yōu bì yǒu fāng
游辞巧饰,yóu cí qiǎo shì
游荡不羁,yóu dàng bù jī
游蜂浪蝶,yóu fēng làng dié
游蜂戏蝶,yóu fēng xì dié
游光扬声,yóu guāng yáng shēng
游回磨转,yóu huí mó zhuǎn
游目骋观,yóu mù chěng guān
游目骋怀,yóu mù chěng huái
游骑无归,yóu jì wú guī
游刃有余,yóu rèn yǒu yú
游山玩景,yóu shān wán jǐng
游山玩水,yóu shān wán shuǐ
游手好闲,yóu shǒu hào xián
游手偷闲,yóu shǒu tōu xián
游思妄想,yóu sī wàng xiǎng
游谈无根,yóu tán wú gēn
游戏笔墨,yóu xì bǐ mò
游戏尘寰,yóu xì chén huán
游戏翰墨,yóu xì hàn mò
游戏人间,yóu xì rén jiān
游戏人世,yóu xì rén shì
游戏三昧,yóu xì sān mèi
游闲公子,yóu xián gōng zǐ
游响停云,yóu xiǎng tíng yún
游心骇耳,yóu xīn hài ěr
游心寓目,yóu xīn yù mù
游移不定,yóu yí bù dìng
游云惊龙,yóu yún jīng lóng
友风子雨,yǒu fēng zǐ yǔ
有案可查,yǒu àn kě chá
有案可稽,yǒu àn kě jī
有板有眼,yǒu bǎn yǒu yǎn
有备无患,yǒu bèi wú huàn
有本有原,yǒu běn yǒu yuán
有本有源,yǒu běn yǒu yuán
有蠙可乘,yǒu bīn kě chéng
有才无命,yǒu cái wú mìng
有财有势,yǒu cái yǒu shì
有朝一日,yǒu zhāo yī rì
有耻且格,yǒu chǐ qiě gé
有胆有识,yǒu dǎn yǒu shí
有的放矢,yǒu dǐ fàng shǐ
有风有化,yǒu fēng yǒu huà
有凤来仪,yǒu fèng lái yí
有福同享,yǒu fú tóng xiǎng
有负众望,yǒu fù zhòng wàng
有根有底,yǒu gēn yǒu dǐ
有根有苗,yǒu gēn yǒu miáo
有国难投,yǒu guó nán tóu
有害无利,yǒu hài wú lì
有何面目,yǒu hé miàn mù
有机可乘,yǒu jī kě chéng
有己无人,yǒu jǐ wú rén
有加无已,yǒu jiā wǔ yǐ
有家难奔,yǒu jiā nán bēn
有脚书厨,yǒu jiǎo shū chú
有脚书橱,yǒu jiǎo shū chú
有脚阳春,yǒu jiǎo yáng chūn
有教无类,yǒu jiào wú lèi
有借无还,yǒu jiè wú huán
有进无退,yǒu jìn wú tuì
有口皆碑,yǒu kǒu jiē bēi
有口难辩,yǒu kǒu nán biàn
有口难分,yǒu kǒu nán fēn
有口难言,yǒu kǒu nán yán
有口无心,yǒu kǒu wú xīn
有口无行,yǒu kǒu wú xíng
有来无回,yǒu lái wú huí
有来有往,yǒu lái yǒu wǎng
有棱有角,yǒu léng yǒu jiǎo
有利可图,yǒu lì kě tú
有利有弊,yǒu lì yǒu bì
有例可援,yǒu lì kě yuán
有名亡实,yǒu míng wáng shí
有名无实,yǒu míng wú shí
有目共睹,yǒu mù gòng dǔ
有目共见,yǒu mù gòng jiàn
有目共赏,yǒu mù gòng shǎng
有目无睹,yǒu mù wú dǔ
有年无月,yǒu nián wú yuè
有女怀春,yǒu nǚ huái chūn
有凭有据,yǒu píng yǒu jù
有气没力,yǒu qì méi lì
有气无力,yǒu qì wú lì
有气无烟,yǒu qì wú yān
有钱有势,yǒu qián yǒu shì
有求必应,yǒu qiú bì yìng
有三有俩,yǒu sān yǒu liǎng
有色眼镜,yǒu sè yǎn jìng
有伤风化,yǒu shāng fēng huà
有生力量,yǒu shēng lì liàng
有生以来,yǒu shēng yǐ lái
有生之年,yǒu shēng zhī nián
有声没气,yǒu shēng méi qì
有声无气,yǒu shēng wú qì
有声无实,yǒu shēng wú shí
有声有色,yǒu shēng yǒu sè
有识之士,yǒu shí zhī shì
有始无终,yǒu shǐ wú zhōng
有始有终,yǒu shǐ yǒu zhōng
有始有卒,yǒu shǐ yǒu zú
有事之秋,yǒu shì zhī qiū
有恃无恐,yǒu shì wú kǒng
有恃毋恐,yǒu shì wú kǒng
有说有笑,yǒu shuō yǒu xiào
有死无二,yǒu sǐ wú èr
有损无益,yǒu sǔn wú yì
有所作为,yǒu suǒ zuò wéi
有天没日,yǒu tiān méi rì
有天无日,yǒu tiān wú rì
有条不紊,yǒu tiáo bù wěn
有条有理,yǒu tiáo yǒu lǐ
有头没脑,yǒu tóu méi nǎo
有头无脑,yǒu tóu wú nǎo
有头无尾,yǒu tóu wú wěi
有头有脸,yǒu tóu yǒu liǎn
有头有脑,yǒu tóu yǒu nǎo
有头有尾,yǒu tóu yǒu wěi
有文无行,yǒu wén wú xíng
有闻必录,yǒu wén bì lù
有问必答,yǒu wèn bì dá
有我无人,yǒu wǒ wú rén
有无相通,yǒu wú xiāng tōng
有物有则,yǒu wù yǒu zé
有隙可乘,yǒu xì kě chèng
有心无力,yǒu xīn wú lì
有心有意,yǒu xīn yǒu yì
有血有肉,yǒu xuè yǒu ròu
有言在先,yǒu yán zài xiān
有眼如盲,yǒu yǎn rú máng
有眼无瞳,yǒu yǎn wú tóng
有眼无珠,yǒu yǎn wú zhū
有一得一,yǒu yī dé yī
有一无二,yǒu yī wú èr
有以善处,yǒu yǐ shàn chǔ
有意无意,yǒu yì wú yì
有勇无谋,yǒu yǒng wú móu
有勇有谋,yǒu yǒng yǒu móu
有勇知方,yǒu yǒng zhī fāng
有约在先,yǒu yuē zài xiān
有增无损,yǒu zēng wú sǔn
有增无已,yǒu zēng wú yǐ
有征无战,yǒu zhēng wú zhàn
有枝添叶,yǒu zhī tiān yè
有枝有叶,yǒu zhī yǒu yè
有志竟成,yǒu zhì jìng chéng
有志无时,yǒu zhì wú shí
有志之士,yǒu zhì zhī shì
有嘴没舌,yǒu zuǐ méi shé
有嘴没心,yǒu zuǐ méi xīn
有嘴无心,yǒu zuǐ wú xīn
牖中窥日,yǒu zhōng kuī rì
又当别论,yòu dāng bié lùn
又红又专,yòu hóng yòu zhuān
又弱一个,yòu ruò yī gè
又生一秦,yòu shēng yī qín
又作别论,yòu zuò bié lùn
右翦左屠,yòu jiǎn zuǒ tú
右军习气,yòu jūn xí qì
幼学壮行,yòu xué zhuàng xíng
狖轭鼯轩,yòu è wú xuān
囿于成见,yòu yú chéng jiàn
诱敌深入,yòu dí shēn rù
诱秦诓楚,yòu qín kuāng chǔ
诱掖后进,yòu yè hòu jìn
诱掖奖劝,yòu yè jiǎng quàn
纡金曳紫,yū jīn yè zǐ
纡佩金紫,yū pèi jīn zǐ
纡青佩紫,yū qīng pèi zǐ
纡青拖紫,yū qīng tuō zǐ
纡朱怀金,yū zhū huái jīn
纡朱拖紫,yū zhū tuō zǐ
纡朱曳紫,yū zhū yè zǐ
纡尊降贵,yū zūn jiàng guì
迂回曲折,yū huí qū zhé
迂谈阔论,yū tán kuò lùn
于安思危,yú ān sī wēi
于飞之乐,yú fēi zhī lè
于呼哀哉,yú hū āi zāi
于家为国,yú jiā wéi guó
于今为烈,yú jīn wéi liè
于事无补,yú shì wú bǔ
于心何忍,yú xīn hé rěn
于心无愧,yú jīn wú kuì
予齿去角,yǔ chǐ qù jiǎo
予夺生杀,yǔ duó shēng shā
予取予夺,yú qǔ yú duó
予取予求,yú qǔ yú qiú
予取予携,yú qǔ yú xié
予智予雄,yú zhì yú xióng
余杯冷炙,yú bēi lěng zhì
余波未平,yú bō wèi píng
余风遗文,yú fēng yí wén
余膏剩馥,yú gāo shèng fù
余光分人,yú guāng fēn rén
余烬复燃,yú jìn fù rán
余妙绕梁,yú miào rào liáng
余声三日,yú shēng sān rì
余食赘行,yú shí zhuì xíng
余桃啖君,yú táo dàn jūn
余味无穷,yú wèi wú qióng
余霞成绮,yú xiá chéng qǐ
余霞散绮,yú xiá sàn qǐ
余响绕梁,yú xiǎng rào liáng
余腥残秽,yú xīng cán huì
余业遗烈,yú yè yí liè
余音缭绕,yú yīn liáo rào
余音袅袅,yú yīn niǎo niǎo
余音绕梁,yú yīn rào liáng
余勇可贾,yú yǒng kě gǔ
余韵流风,yú yùn liú fēng
余子碌碌,yú zǐ lù lù
杅穿皮蠹,yú chuān shuǐ dù
盂方水方,yú fāng shuǐ fāng
鱼帛狐篝,yú bó hú gōu
鱼帛狐声,yú bó hú shēng
鱼肠尺素,yú cháng chǐ sù
鱼肠雁足,yú cháng yàn zú
鱼沉鸿断,yú chén hóng duàn
鱼沉雁静,yú chén yàn jìng
鱼沉雁落,yú chén yàn luò
鱼沉雁渺,yú chén yàn miǎo
鱼沉雁杳,yú chén yàn yǎo
鱼传尺素,yú chuán chǐ sù
鱼大水小,yú dà shuǐ xiǎo
鱼封雁帖,yú fēng yàn tiē
鱼釜尘甑,yú fǔ chén zèng
鱼贯而出,yú guàn ér chū
鱼贯而入,yú guàn ér rù
鱼贯而行,yú guàn ér xíng
鱼贯雁比,yú guàn yàn bǐ
鱼贯雁行,yú guàn yàn xíng
鱼笺雁书,yú jiān yàn shū
鱼惊鸟散,yú jīng niǎo sàn
鱼溃鸟离,yú kuì niǎo lí
鱼溃鸟散,yú kuì niǎo sàn
鱼烂而亡,yú làn ér wáng
鱼烂河决,yú làn hé jué
鱼烂取亡,yú làn qǔ wáng
鱼烂土崩,yú làn tǔ bēng
鱼烂瓦解,yú làn wǎ jiě
鱼瞵鹗睨,yú lín è nì
鱼龙百变,yú lóng bǎi biàn
鱼龙变化,yú lóng biàn huà
鱼龙混杂,yú lóng hùn zá
鱼龙曼羡,yú lóng màn xiàn
鱼龙曼延,yú lóng màn yán
鱼龙曼衍,yú lóng màn yǎn
鱼龙漫衍,yú lóng màn yǎn
鱼鲁帝虎,yú lǔ dì hǔ
鱼米之地,yú mǐ zhī dì
鱼米之乡,yú mǐ zhī xiāng
鱼目混珍,yú mù hùn zhēn
鱼目混珎,yú mù hùn zhū
鱼目混珠,yú mù hùn zhū
鱼目间珠,yú mù jiān zhū
鱼馁肉败,yú něi ròu bài
鱼肉百姓,yú ròu bǎi xìng
鱼肉乡里,yú ròu xiāng lǐ
鱼升龙门,yú shēng lóng mén
鱼生空釜,yú shēng kōng fǔ
鱼书雁帛,yú shū yàn bó
鱼书雁帖,yú shū yàn tiě
鱼书雁信,yú shū yàn xìn
鱼水和谐,yú shuǐ hé xié
鱼水深情,yú shuǐ shēn qíng
鱼水相欢,yú shuǐ xiāng huān
鱼水相投,yú shuǐ xiāng tóu
鱼死网破,yú sǐ wǎng pò
鱼网鸿离,yú wǎng hóng lí
鱼尾雁行,yú wěi yàn xíng
鱼县鸟窜,yú xiàn niǎo cuàn
鱼游沸鼎,yú yóu fèi dǐng
鱼游沸釜,yú yóu fèi fǔ
鱼游釜底,yú yóu fǔ dǐ
鱼游釜内,yú yóu fǔ nèi
鱼游釜中,yú yóu fǔ zhōng
鱼游濠上,yú yóu háo shàng
鱼游燋釜,yú yóu zhuó fǔ
鱼鱼雅雅,yú yú yǎ yǎ
鱼与熊掌,yú yǔ xióng zhǎng
鱼跃龙门,yú yuè lóng mén
鱼跃鸢飞,yú yuè yuān fēi
鱼质龙文,yú zhì lóng wén
娱妻弄子,yú qī nòng zǐ
娱心悦目,yú xīn yuè mù
渔夺侵牟,yú duó qīn móu
渔海樵山,yú hǎi qiáo shān
渔人得利,yú rén dé lì
渔人之利,yú rén zhī lì
渔翁得利,yú wēng dé lì
渔翁之利,yú wēng zhī lì
渔阳鞞鼓,yǔ yáng pí gǔ
渔阳鼙鼓,yǔ yáng pí gǔ
逾次超秩,yú cì chāo zhì
逾淮之橘,yú huái zhī jú
逾年历岁,yú nián lì suì
逾千越万,yú qiān yuè wàn
逾墙窥蠙,yú qiáng kuī pín
逾墙窥隙,yú qiáng kuī xì
逾墙越舍,yú qiáng yuè shě
逾墙钻蠙,yú qiáng zuàn pín
逾墙钻隙,yú qiáng zuān xì
逾墙钻穴,yú qiáng zuàn xué
逾沙轶漠,yú shā yì mò
逾山越海,yú shān yuè hǎi
逾绳越契,yú shéng yuè qì
逾闲荡检,yú xián dàng jiǎn
愚不可及,yú bù kě jí
愚夫蠢妇,yú fū chǔn fù
愚夫愚妇,yú fū yú fù
愚公移山,yú gōng yí shān
愚眉肉眼,yú méi ròu yǎn
愚昧无知,yú mèi wú zhī
榆次之辱,yú cì zhī rǔ
榆枋之见,yú fāng zhī jiàn
榆瞑豆重,yú míng dòu zhòng
榆木圪垯,yú mù gē dá
榆木疙瘩,yú mù gē da
榆木脑袋,yú mù nǎo dài
榆木脑壳,yú mù nǎo ké
瑜百瑕一,yú bǎi xiá yī
瑜不搑瑕,yú bù yǎn xiá
瑜不掩瑕,yú bù yǎn xiá
舆论哗然,yú lùn huá rán
舆死扶伤,yú sǐ fú shāng
与狐谋皮,yǔ hú móu pí
与虎谋皮,yǔ hǔ móu pí
与虎添翼,yǔ hǔ tiān yì
与民除害,yǔ hǔ chú hài
与民更始,yǔ rén gēng shǐ
与民同乐,yǔ mín tóng lè
与人为善,yǔ rén wéi shàn
与日俱增,yǔ rì jù zēng
与时推移,yǔ shí tuī yí
与时消息,yǔ shí xiāo xi
与时偕行,yǔ shí xié xíng
与世长辞,yǔ shì cháng cí
与世沉浮,yú shì chén fú
与世浮沉,yǔ shì fú chén
与世俯仰,yǔ shì fǔ yǎng
与世隔绝,yǔ shì gé jué
与世推移,yǔ shì tuī yí
与世无争,yú shì wú zhēng
与世偃仰,yǔ shì yǎn yǎng
与受同科,yǔ shòu tóng kē
与物无竞,yǔ wù wú jìng
与物无忤,yǔ wù wú wǔ
与众不同,yǔ zhòng bù tóng
羽毛丰满,yǔ máo fēng mǎn
羽毛未丰,yǔ máo wèi fēng
羽扇纶巾,yǔ shàn guān jīn
羽翼已成,yǔ yì yǐ chéng
雨鬓风鬟,yǔ bìn fēng huán
雨僝风僽,yǔ chán fēng zhòu
雨僝云僽,yǔ chán yún zhòu
雨愁烟恨,yǔ chóu yān hèn
雨凑云集,yǔ còu yún jí
雨打风吹,yǔ dǎ fēng chuī
雨栋风帘,yǔ dòng fēng lián
雨断云销,yǔ duàn yún xiāo
雨覆云翻,yǔ fù yún fān
雨膏烟腻,yǔ gāo yān nì
雨过天青,yǔ guò tiān qīng
雨过天晴,yǔ guò tiān qíng
雨恨云愁,yǔ hèn yún chóu
雨后春笋,yǔ hòu chūn sǔn
雨后送伞,yǔ hòu sòng sǎn
雨迹云踪,yǔ jì yún zōng
雨巾风帽,yǔ jīn fēng mào
雨井烟垣,yǔ jǐng yān yuán
雨笠烟蓑,yǔ lì yān suō
雨帘云栋,yǔ lián yún dòng
雨鬣霜蹄,yǔ liè shuāng tí
雨淋日晒,yǔ lín rì shài
雨淋日炙,yǔ lín rì zhì
雨零星乱,yǔ líng xīng luàn
雨零星散,yǔ líng xīng sàn
雨露之恩,yǔ lù zhī ēn
雨霾风障,yǔ mái fēng zhàng
雨沐风餐,yǔ mù fēng cān
雨泣云愁,yǔ qì yún chóu
雨散风流,yǔ sàn fēng liú
雨散云飞,yǔ sàn yún fēi
雨散云收,yǔ sàn yún shōu
雨收云散,yǔ shōu yún sàn
雨顺风调,yǔ shùn fēng tiáo
雨丝风片,yǔ sī fēng piàn
雨宿风餐,yǔ sù fēng cān
雨蓑风笠,yǔ suō fēng lì
雨蓑烟笠,yǔ suō yān lì
雨条烟叶,yǔ tiáo yān yè
雨卧风餐,yǔ wò fēng cān
雨消云散,yǔ xiāo yún sàn
雨歇云收,yǔ xiē yún shōu
雨昫时若,yǔ yáng shí ruò
雨约云期,yǔ yuē yún qī
雨沾云惹,yǔ zhān yún rě
雨僽风僝,yǔ zhòu fēng chán
雨踪云迹,yǔ zōng yún jì
禹惜寸阴,yǔ xī cùn yīn
禹行舜趋,yǔ xíng shùn qū
语不惊人,yǔ bù jīng rèn
语不投机,yǔ bù tóu jī
语长心重,yǔ cháng xīn zhòng
语出月胁,yǔ chū yuè xié
语短情长,yǔ duǎn qíng cháng
语简意赅,yǔ jiǎn yì gāi
语近词冗,yǔ jìn cí rǒng
语近指远,yǔ jìn zhǐ yuǎn
语妙绝伦,yǔ miào jué lún
语妙天下,yǔ miào tiān xià
语四言三,yǔ sì yán sān
语无伦次,yǔ wú lún cì
语无诠次,yǔ wú quán cì
语笑喧呼,yǔ xiào xuān hū
语笑喧哗,yǔ xiào xuān huá
语笑喧阗,yǔ xiào xuān tiān
语焉不详,yǔ yān bù xiáng
语言无味,yǔ yán wú wèi
语重情深,yǔ zhòng qíng shēn
语重心长,yǔ zhòng xīn cháng
语重心沉,yǔ zhòng xīn chén
玉惨花愁,yù cǎn huā chóu
玉成其美,yù chéng qí měi
玉成其事,yù chéng qí shì
玉尺量才,yù chǐ liáng cái
玉骨冰肌,yù gǔ bīng jī
玉关人老,yù guān rén lǎo
玉圭金臬,yù guī jīn niè
玉毁椟中,yù huǐ dú zhōng
玉减香消,yù jiǎn xiāng xiāo
玉减香销,yù jiǎn xiāng xiāo
玉洁冰清,yù jié bīng qīng
玉洁松贞,yù jié sōng zhēn
玉昆金友,yù kūn jīn yǒu
玉粒桂薪,yù lì guì xīn
玉楼赴召,yù lóu fù zhào
玉漏犹滴,yu lou you di
玉律金科,yù lǜ jīn kē
玉貌花容,yù mào huā róng
玉佩琼琚,yù pèi qióng jū
玉砌雕阑,yù qì diāo lán
玉清冰洁,yù qīng bīng jié
玉汝于成,yù rǔ yú chéng
玉软花柔,yù ruǎn huā róu
玉润冰清,yù rùn bīng qīng
玉润珠圆,yù rùn zhū yuán
玉石不分,yù shí bù fēn
玉石混淆,yù shí hùn xiáo
玉石皆碎,yù shí jiē suì
玉石俱摧,yù shí jù cuī
玉石俱焚,yù shí jù fén
玉石俱碎,yù shí jù suì
玉石同沉,yù shí tóng chén
玉石同碎,yù shí tóng suì
玉石相揉,yù shí xiāng róu
玉石杂糅,yù shí zá róu
玉食锦衣,yù shí jǐn yī
玉树临风,yù shù lín fēng
玉树琼枝,yù shù qióng zhī
玉树芝兰,yù shù zhī lán
玉碎香残,yù suì xiāng cán
玉碎香消,yù suì xiāng xiāo
玉碎香销,yù suì xiāng xiāo
玉碎珠沉,yù suì zhū chén
玉堂金马,yù táng jīn mǎ
玉堂人物,yù táng rén wù
玉箫金琯,yù xiāo jīn guǎn
玉箫金管,yù xiāo jīn guǎn
玉燕投怀,yù yàn tóu huái
玉叶金枝,yù yè jīn zhī
玉液金波,yù yè jīn bō
玉液金浆,yù yè jīn jiāng
玉液琼浆,yù yè qióng jiāng
玉友金昆,yù yǒu jīn kūn
玉宇琼楼,yù yǔ qióng lóu
玉振金声,yù zhèn jīn shēng
玉卮无当,yù zhī wú dàng
玉质金相,yù zhì jīn xiàng
玉柱擎天,yù zhù qíng tiān
玉走金飞,yù zǒu jīn fēi
驭凤骖鹤,yù fèng cān hè
吁咈都俞,yù fú dōu yú
吁天呼地,yù tiān hū dì
饫甘餍肥,yù gān yàn féi
饫闻厌见,yù wén yàn jiàn
郁郁不乐,yù yù bù lè
郁郁苍苍,yù yù cāng cāng
郁郁沉沉,yù yù chén chén
郁郁葱葱,yù yù cōng cōng
郁郁寡欢,yù yù guǎ huān
郁郁累累,yù yù lěi lěi
郁郁芊芊,yù yù qiān qiān
狱货非宝,yù huò fēi bǎo
浴血奋战,yù xuè fèn zhàn
欲罢不能,yù bà bù néng
欲盖而彰,yù gài ér zhāng
欲盖弥彰,yù gài mí zhāng
欲壑难填,yù hè nán tián
欲擒故纵,yù qín gù zòng
欲取姑予,yù qǔ gū yǔ
欲谁归罪,yu shui gui zhui
欲速不达,yù sù bù dá
欲速反迟,yù sù fǎn chí
欲言又止,yù yán yòu zhǐ
欲扬先抑,yù yáng xiān yì
欲益反弊,yù yì fǎn bì
欲益反损,yù yì fǎn sǔn
喻之以理,yù zhī yǐ lǐ
寓兵于农,yù bīng yú nóng
寓情于景,yù qíng yú jǐng
寓意深长,yù yì shēn cháng
寓意深远,yù yì shēn yuǎn
御沟红叶,yù gōu hóng yè
裕民足国,yù mín zú guó
遇难成祥,yù nàn chéng xiáng
遇难呈祥,yù nàn chéng xiáng
遇人不淑,yù rén bù shū
遇事生端,yù shì shēng duān
遇事生风,yù shì shēng fēng
遇水迭桥,yù shuǐ dié qiáo
遇水叠桥,yù shuǐ dié qiáo
遇水架桥,yù shuǐ jià qiáo
遇物持平,yù wù chí píng
誉不绝口,yù bù jué kǒu
誉满天下,yù mǎn tiān xià
毓子孕孙,yù zǐ yùn sūn
鹬蚌相持,yù bàng xiāng chí
鹬蚌相斗,yù bàng xiāng dòu
鹬蚌相危,yù bàng xiāng wēi
鹬蚌相争,yù bàng xiāng zhēng
鬻宠擅权,yù chǒng shàn quán
鬻儿卖女,yù ér mài nǚ
鬻鸡为凤,yù jī wéi fèng
鬻良杂苦,yù liáng zá kǔ
鬻矛誉榡,yù máo yù dùn
鬻驽窃价,yù nǔ qiè jià
鬻声钓世,yù shēng diào shì
鸢飞鱼跃,yuān fēi yú yuè
鸢肩豺目,yuān jiān chái mù
鸢肩羔膝,yuān jiān gāo xī
鸢肩鹄颈,yuān jiān hú jǐng
冤沉海底,yuān chén hǎi dǐ
冤家对头,yuān jiā duì tóu
冤家路狭,yuān jiā lù xiá
冤家路窄,yuān jiā lù zhǎi
冤天屈地,yuān tiān qū dì
冤冤相报,yuān yuān xiāng bào
鸳俦凤侣,yuān chóu fèng lǚ
渊涓蠖瀋,yuān juān huò hù
渊谋远略,yuān móu yuǎn lüè
渊清玉絜,yuān qīng yù jié
渊亭山立,yuān tíng shān lì
渊停山立,yuān tíng shān lì
渊渟岳立,yuān tíng yuè lì
渊渟岳峙,yuān tíng yuè zhì
渊渟泽汇,yuān tíng zé huì
渊图远算,yuān tú yuǎn suàn
渊涌风厉,yuān yǒng fēng lì
渊鱼丛爵,yuān yú cóng què
渊鱼丛雀,yuān yú cóng què
渊蜎蠖伏,yuān juān huò fú
渊源有自,yuān yuán yǒu zì
元恶大憝,yuán è dà duì
元恶大奸,yuán è dà jiān
元方季方,yuán fāng jì fāng
元奸巨恶,yuán jiān jù è
元经秘旨,yuán jīng mì zhǐ
元龙高卧,yuán lóng gāo wò
元龙豪气,yuán lóng háo qì
元戎启行,yuán róng qǐ xíng
元元本本,yuán yuán běn běn
元元之民,yuán yuán zhī mín
沅茝醴兰,yuán chǎi lǐ lán
沅茞澧兰,yuán zhǐ lǐ lán
沅江九肋,yuán jiāng jiǔ lèi
沅芷澧兰,yuán zhǐ lǐ lán
沅芷湘兰,yuán zhǐ xiāng lán
原璧归赵,yuán bì guī zhào
原封不动,yuán fēng bù dòng
原封未动,yuán fēng wèi dòng
原来如此,yuán lái rú cǐ
原始反终,yuán shǐ fǎn zhōng
原始见终,yuán shǐ jiàn zhōng
原始要终,yuán shǐ yào zhōng
原形败露,yuán xíng bài lù
原形毕露,yuán xíng bì lù
原原本本,yuán yuán běn běn
原原委委,yuán yuán wěi wěi
圆顶方趾,yuán dǐng fāng zhǐ
圆孔方木,yuán kǒng fāng mù
圆颅方趾,yuán lú fāng zhǐ
圆木警枕,yuán mù jǐng zhěn
圆首方足,yuán shǒu fāng zú
圆凿方枘,yuán záo fāng ruì
袁安高卧,yuán ān gāo wò
援笔成章,yuán bǐ chéng zhāng
援笔立成,yuán bǐ lì chéng
援鳖失龟,yuán biē shī guī
援古刺今,yuán gǔ cì jīn
援古证今,yá gǔ zhèng jīn
缘木求鱼,yuán mù qiú yú
缘悭命蹇,yuán qiān mìng jiǎn
缘情体物,yuán qíng tǐ wù
缘文生义,yuán wén shēng yì
鼋鸣鳖应,yuán míng biē yìng
源清流洁,yuán qīng liú jié
源清流清,yuán qīng liú qīng
源泉万斛,yuán quán wàn hú
源头活水,yuán tóu huó shuǐ
源源本本,yuán yuán běn běn
源源不断,yuán yuán bù duàn
源源不绝,yuán yuán bù jué
源源而来,yuán yuán ér lái
源远流长,yuán yuǎn liú cháng
猿悲鹤怨,yuán bēi hè yuàn
猿鹤虫沙,yuán hè chóng shā
猿鹤沙虫,yuán hè shā chóng
猿猴取月,yuán hóu qǔ yuè
猿惊鹤怨,yuán jīng hè yuàn
猿啼鹤唳,yuán tí hè lì
猿啼鹤怨,yuán tí hè yuàn
猿穴坏山,yuán xué huài shān
远不间亲,yuǎn bù jiàn qīn
远愁近虑,yuǎn chóu jìn lǜ
远垂不朽,yuǎn chuí bù xiǔ
远怀近集,yuǎn huái jìn jí
远见卓识,yuǎn jiàn zhuó shí
远交近攻,yuǎn jiāo jìn gōng
远虑深谋,yuǎn lǜ shēn móu
远谋深算,yuǎn móu shēn suàn
远年近日,yuǎn nián jìn rì
远年近岁,yuǎn nián jìn suì
远亲近邻,yuǎn qīn jìn lín
远求骐骥,yuǎn qiú qí jì
远山芙蓉,yuǎn shān fú róng
远涉重洋,yuǎn shè chóng yáng
远溯博索,yuǎn sù bó suǒ
远至迩安,yuǎn zhì ěr ān
远瞩高瞻,yuǎn zhǔ gāo zhān
远走高飞,yuǎn zǒu gāo fēi
怨家债主,yuàn jiā zhài zhǔ
怨女旷夫,yuàn nǚ kuàng fū
怨气冲天,yuàn qì chōng tiān
怨气满腹,yuàn qì mǎn fù
怨入骨髓,yuàn rù gǔ suǐ
怨声载道,yuàn shēng zài dào
怨天忧人,yuàn tiān yóu rén
怨天尤人,yuàn tiān yóu rén
怨天怨地,yuàn tiān yuàn dì
约定俗成,yuè dìng sú chéng
约法三章,yuè fǎ sān zhāng
月白风清,yuè bái fēng qīng
月旦春秋,yuè dàn chūn qiū
月地云阶,yuè dì yún jiē
月黑风高,yuè hēi fēng gāo
月朗风清,yuè lǎng fēng qīng
月朗星稀,yuè lǎng xīng xī
月里嫦娥,yuè lǐ cháng é
月露风云,yuè lù fēng yún
月露之体,yuè lù zhī tǐ
月落参横,yuè luò shēn héng
月落乌啼,yuè luò wū tí
月落星沉,yuè luò xīng chén
月满则亏,yuè mǎn zé kuī
月貌花容,yuè mào huā róng
月没参横,yuè mò shēn héng
月明千里,yuè míng qiān lǐ
月明星稀,yuè míng xīng xī
月缺花残,yuè quē huā cán
月缺难圆,yuè quē nán yuán
月夕花朝,yuè xī huā zhāo
月夕花晨,yuè xī huā chén
月下花前,yuè xià huā qián
月下老儿,yuè xià lǎo ér
月下老人,yuè xià lǎo rén
月夜花朝,yuè yè huā zhāo
月异日新,yuè yì rì xīn
月盈则食,yuè yíng zé shí
月圆花好,yuè yuán huā hǎo
月晕础润,yuè yūn chǔ rùn
月晕而风,yuè yùn ér fēng
月章星句,yuè zhāng xīng jù
月值年灾,yuè zhí nián zāi
月中折桂,yuè zhōng shé guì
月坠花折,yuè zhuì huā zhé
刖趾适屦,yuè zhǐ shì jù
刖趾适履,yuè zhǐ shì lǚ
岳岳磊磊,yuè yuè lěi lěi
岳岳荦荦,yuè yuè luò luò
岳镇渊渟,yuè zhèn yuān tīng
岳峙渊渟,yuè zhì yuān tíng
悦近来远,yuè jìn lái yuǎn
悦目赏心,yuè mù shǎng xīn
悦目娱心,yuè mù yú xīn
阅人多矣,yuè rén duō yǐ
跃马弯弓,yuè mǎ wān gōng
跃马扬鞭,yuè mǎ yáng biān
跃然纸上,yuè rán zhǐ shàng
跃跃欲试,yuè yuè yù shì
粤犬吠雪,yuè quǎn fèi xuě
越次超伦,yuè cì chāo lún
越凫楚乙,yuè fú chǔ yǐ
越古超今,yuè gǔ chāo jīn
越鸟南栖,yuè niǎo nán qī
越瘦秦肥,yuè shòu qín féi
越俎代庖,yuè zǔ dài páo
云悲海思,yún bēi hǎi sī
云布雨润,yún bù yǔ rùn
云布雨施,yún bù yǔ shī
云朝雨暮,yún zhāo yǔ mù
云程发轫,yún chéng fā rèn
云程万里,yún chéng wàn lǐ
云愁海思,yún chóu hǎi sī
云愁雨怨,yún chóu yǔ yuàn
云窗雾阁,yún chuāng wù gé
云窗雾槛,yún chuāng wù jiàn
云窗霞户,yún chuāng xiá hù
云窗月户,yún chuāng yuè hù
云窗月帐,yún chuāng yuè zhàng
云次鳞集,yún cì lín jí
云淡风轻,yún dàn fēng qīng
云翻雨覆,yún fān yǔ fù
云飞泥沉,yún fēi ní chén
云飞烟灭,yún fēi yān miè
云飞雨散,yún fēi yǔ sàn
云过天空,yún guò tiān kōng
云合景从,yún hé jǐng cóng
云合雾集,yún hé wù jí
云合响应,yún hé xiǎng yìng
云鬟雾鬓,yún huán wù bìn
云集景从,yún jí jǐng cóng
云集景附,yún jí jǐng fù
云集响应,yún jí xiǎng yìng
云交雨合,yún jiāo yǔ hé
云阶月地,yún jiē yuè dì
云堦月地,yún jiē yuè dì
云锦天章,yún jǐn tiān zhāng
云净天空,yún jìng tiān kōng
云谲波诡,yún jué bō guǐ
云开见日,yún kāi jiàn rì
云开见天,yún kāi jiàn tiān
云开雾散,yún kāi wù sàn
云开雾释,yún kāi wù shì
云龙风虎,yún lóng fēng hǔ
云龙井蛙,yún lóng jǐng wā
云罗天网,yún luó tiān wǎng
云梦闲情,yún mèng xián qíng
云迷雾锁,yún mí wù suǒ
云迷雾罩,yún mí wù zhào
云泥殊路,yún ní shū lù
云泥异路,yún ní yì lù
云泥之别,yún ní zhī bié
云泥之差,yún ní zhī chā
云霓之望,yún ní zhī wàng
云期雨信,yún qī yǔ xìn
云期雨约,yún qī yǔ yuē
云起龙襄,yún qǐ lóng xiāng
云起龙骧,yún qǐ lóng xiāng
云起雪飞,yún qǐ xuě fēi
云情雨意,yún qíng yǔ yì
云趋鹜赴,yún qū wù fù
云扰幅裂,yún rǎo fú liè
云容月貌,yún róng yuè mào
云散风流,yún sàn fēng liú
云收雨散,yún shōu yǔ sàn
云舒霞卷,yún shū xiá juǎn
云树遥隔,yún shù yáo gé
云树之思,yún shù zhī sī
云天高谊,yún tiān gāo yì
云天雾地,yún tiān wù dì
云屯飙散,yún tún biāo sàn
云屯鸟散,yún tún niǎo sàn
云屯森立,yún tún sēn lì
云屯雾集,yún tún wù jí
云屯雾散,yún tún wù sàn
云屯席卷,yún tún xí juǎn
云屯星聚,yún tún xīng jù
云屯蚁聚,yún tún yǐ jù
云屯雨集,yún tún yǔ jí
云雾迷蒙,yún wù mí méng
云消雾散,yún xiāo wù sàn
云消雨散,yún xiāo yǔ sàn
云心鹤眼,yún xīn hè yǎn
云心水性,yún xīn shuǐ xìng
云兴霞蔚,yún xīng xiá wèi
云行雨洽,yún xíng yǔ qià
云行雨施,yún xíng yǔ shī
云烟过眼,yún yān guò yǎn
云涌飙发,yún yǒng biāo fā
云涌风飞,yún yǒng fēng fēi
云尤雨殢,yún yóu yǔ tì
云雨巫山,yún yǔ wū shān
云蒸龙变,yún zhēng lóng biàn
云蒸雾集,yún zhēng wù jí
云蒸霞蔚,yún zhēng xiá wèi
云中白鹤,yún zhōng bái hè
云中仙鹤,yún zhōng xiān hè
匀红点翠,yún hóng diǎn cuì
匀脂抹粉,yún zhī mǒ fěn
芸芸众生,yún yún zhòng shēng
允文允武,yǔn wén yǔn wǔ
允执厥中,yǔn zhí jué zhōng
允执其中,yǔn zhí qí zhōng
陨雹飞霜,yǔn báo fēi shuāng
陨身糜骨,yǔn shēn mí gǔ
殒身不恤,yǔn shēn bú xù
殒身碎首,yǔn shēn suì shǒu
运策决机,yùn cè jué jī
运策帷幄,yùn cè wéi wò
运筹出奇,yùn chóu chū qí
运筹画策,yùn chóu huà cè
运筹建策,yùn chóu jiàn cè
运筹借箸,yùn chóu jiè zhù
运筹决策,yùn chóu jué cè
运筹决胜,yùn chóu jué shèng
运筹决算,yùn chóu jué suàn
运筹千里,yùn chóu qiān lǐ
运筹设策,yùn chóu shè cè
运筹帏幄,yùn chóu wéi wò
运筹帷幄,yùn chóu wéi wò
运筹帷帐,yùn chóu wéi zhàng
运筹演谋,yùn chóu yǎn móu
运筹制胜,yùn chóu zhì shèng
运掉自如,yùn diào zì rú
运斧般门,yùn fǔ bān mén
运乖时蹇,yùn guāi shí jiǎn
运计铺谋,yùn jì pù móu
运蹇时低,yùn jiǎn shí dī
运蹇时乖,yùn jiǎn shí guāi
运斤成风,yùn jīn chéng fēng
运斤如风,yùn jīn rú fēng
运开时泰,yùn kāi shí tài
运旺时盛,yùn wàng shí shèng
运移时易,yùn yí shí yì
运用自如,yùn yòng zì rú
运之掌上,yùn zhī zhǎng shàng
运智铺谋,yùn zhì pù móu
运转时来,yùn zhuǎn shí lái
运拙时乖,yùn zhuō shí guāi
运拙时艰,yùn zhuō shí jiān
晕头转向,yūn tóu zhuàn xiàng
晕晕沉沉,yūn yūn chén chén
缊褐瓢箪,yùn hè piáo dān
韫椟藏珠,yùn dú cáng zhū
韫椟而藏,yùn dú ér cáng
咂嘴弄唇,zā zuǐ nòng chún
咂嘴弄舌,zā zuǐ nòng shé
咂嘴舔唇,zā zuǐ tiǎn chún
咂嘴咂舌,zā zuǐ zā shé
杂乱无序,zá luàn wú xù
杂乱无章,zá luàn wú zhāng
杂七杂八,zá qī zá bā
砸锅卖铁,zá guō mài tiě
灾梨祸枣,zāi lí huò zǎo
灾难深重,zāi nán shēn zhòng
宰鸡教猴,zǎi jī jiào hóu
载沉载浮,zài chén zài fú
载驰载驱,zǎi chí zǎi qū
载歌且舞,zài gē qiě wǔ
载歌载舞,zài gē zài wǔ
载欢载笑,zài huān zài xiào
载酒问字,zài jiǔ wèn zì
载驱载驰,zài qū zài chí
载笑载言,zài xiào zài yán
载一抱素,zài yī bào sù
载舟覆舟,zài zhōu fù zhōu
再不其然,zài bù qí rán
再接再历,zài jiē zài lì
再接再厉,zài jiē zài lì
再接再砺,zài jiē zài lì
再三再四,zài sān zài sì
再生父母,zài shēng fù mǔ
再衰三涸,zài shuāi sān hé
再衰三竭,zài shuāi sān jié
再造之恩,zài zào zhī ēn
再作道理,zài zuò dào lǐ
再作冯妇,zài zuò féng fù
再做道理,zài zuò dào lǐ
在陈之厄,zài chén zhī è
在此一举,zài cǐ yī jǔ
在谷满谷,zài gǔ mǎn gǔ
在官言官,zài guān yán guān
在家出家,zài jiā chū jiā
在劫难逃,zài jié nán táo
在人耳目,zài rén ěr mù
在色之戒,zài sè zhī jiè
在所不辞,zài suǒ bù cí
在所不惜,zài suǒ bù xī
在所难免,zài suǒ nán miǎn
在天之灵,zài tiān zhī líng
簪缨世胄,zān yīng shì zhòu
簪缨世族,zān yīng shì zú
攒锋聚镝,cuán fēng jù dí
攒零合整,cuán líng hé zhěng
攒眉蹙额,cuán mei cù é
攒眉苦脸,zǎn méi kǔ liǎn
攒三集五,cuán sān jí wǔ
攒三聚五,cuán sān jù wǔ
暂劳永逸,zàn láo yǒng yì
赞不绝口,zàn bù jué kǒu
赞口不绝,zàn kǒu bù jué
赞声不绝,zàn shēng bù jué
赞叹不已,zàn tàn bù yǐ
赃官污吏,zāng guān wū lì
赃贿狼籍,zāng huì láng jí
赃贿狼藉,zāng huì láng jí
赃秽狼藉,zāng huì láng jí
赃货狼藉,zāng huò láng jí
赃私狼籍,zāng sī láng jí
赃私狼藉,zāng sī láng jí
赃污狼籍,zāng wū láng jí
赃污狼藉,zāng wū láng jí
赃盈恶贯,zāng yíng è guàn
臧否人物,zāng pǐ rén wù
臧谷亡羊,zāng gǔ wáng yáng
臧穣亡羊,zāng gǔ wáng yáng
脏污狼藉,zāng wū láng jí
葬身鱼腹,zàng shēn yū fù
遭逢不偶,zāo féng bù ǒu
遭逢会遇,zāo féng huì yù
遭逢际会,zāo féng jì huì
遭逢时会,zāo féng shí huì
遭际不偶,zāo jì bù ǒu
遭际时会,zāo jì shí huì
遭家不造,zāo jiā bù zào
遭劫在数,zāo jié zài shù
遭倾遇祸,zāo qīng yù huò
遭时不偶,zāo shí bù ǒu
遭时定制,zāo shí dìng zhì
遭时制宜,zāo shí zhì yí
遭事制宜,zāo shì zhì yí
遭遇不偶,zāo yù bù ǒu
遭遇际会,zāo yù jì huì
遭遇运会,zāo yù yùn huì
糟糠之妻,zāo kāng zhī qī
凿壁偷光,záo bì tōu guāng
凿骨捣髓,záo gǔ dǎo suǐ
凿龟数策,záo guī shǔ cè
凿坏而遁,záo pī ér dùn
凿坏以遁,záo pī yǐ dùn
凿空投隙,záo kōng tóu xì
凿空之论,záo kōng zhī lùn
凿坯而遁,záo pī ér dùn
凿隧入井,záo suì rù jǐng
凿饮耕食,záo yǐn gēng shí
凿楹纳书,záo yíng nà shū
凿凿可据,záo záo kě jù
凿凿有据,záo záo yǒu jù
凿柱取书,záo zhù qǔ shū
早朝晏罢,zǎo cháo yàn bà
早出暮归,zǎo chū mù guī
早出晚归,zǎo chū wǎn guī
早韭晚菘,zǎo jiǔ wǎn sōng
早占勿药,zǎo zhān wù yào
澡垢索疵,zǎo gòu suǒ cī
澡身浴德,zǎo shēn yù dé
皂白不分,zào bái bù fēn
皂丝麻线,zào sī má xiàn
造车合辙,zào chē hé zhé
造次颠沛,zào cì diān pèi
造次行事,zào cì xíng shì
造端倡始,zào duān chàng shǐ
造端讬始,zào duān tuō shǐ
造恶不悛,zào è bù quān
造化小儿,zào huà xiǎo ér
造极登峰,zào jí dēng fēng
造茧自缚,zào jiǎn zì fù
造谋布阱,zào móu bù jǐng
造谋布穽,zào móu bù yán
造微入妙,zào wēi rù miào
造言捏词,zào yán niē cí
造言生事,zào yán shēng shì
造谣惑众,zào yáo huò zhòng
造谣生非,zào yáo shēng fēi
造谣生事,zào yáo shēng shì
造谣中伤,zào yáo zhòng shāng
造因得果,zào yīn dé guǒ
造因结果,zào yīn jié guǒ
造作矫揉,zào zuò jiǎo róu
躁言丑句,zào yán chǒu jù
择地而蹈,zé dì ér dǎo
择肥而噬,zé féi ér shì
择福宜重,zé fú yí zhòng
择邻而居,zé lín ér jū
择善而从,zé shàn ér cóng
择善而行,zé shàn ér xíng
择主而事,zé zhǔ ér shì
泽被后世,zé bèi hòu shì
泽及枯骨,zé jí kū gǔ
泽吻磨牙,zé wěn mó yá
责备求全,zé bèi qiú quán
责实循名,zé shí xún míng
责无旁贷,zé wú páng dài
责有所归,zé yǒu suǒ guī
责有攸归,zé yǒu yōu guī
啧有烦言,zé yǒu fán yán
啧啧称羡,zé zé chēng xiàn
啧啧称赞,zé zé chēng zàn
齰舌缄唇,zé shé jiān chún
昃食宵衣,zè shí xiāo yī
贼臣乱子,zéi chén luàn zǐ
贼臣逆子,zéi chén nì zǐ
贼喊捉贼,zéi hǎn zhuō zéi
贼眉鼠眼,zéi méi shǔ yǎn
贼眉贼眼,zéi méi zéi yǎn
贼去关门,zéi qù guān mén
贼人胆虚,zéi rén dǎn xū
贼人心虚,zéi rén xīn xū
贼头狗脑,zéi tóu gǒu nǎo
贼头鬼脑,zéi tóu guǐ nǎo
贼头鼠脑,zéi tóu shǔ nǎo
贼头贼脑,zéi tóu zéi nǎo
贼心不死,zéi xīn bù sǐ
贼子乱臣,zéi zǐ luàn chén
谮下谩上,zèn xià mán shàng
曾不惨然,zeng bu chan ran
曾参杀人,zēng shēn shā rén
曾几何时,céng jǐ hé shí
曾经沧海,céng jīng cāng hǎi
曾母投杼,zēng mǔ tóu zhù
曾无与二,céng wú yǔ èr
增收节支,zēng shōu jié zhī
增砖添瓦,zēng zhuān tiān wǎ
憎爱分明,zēng ài fēn míng
甑尘釜鱼,zēng chén fǔ yú
扎根串连,zhā gēn chuàn lián
札手舞脚,zhá shǒu wǔ jiǎo
乍毛变色,zhà máo biàn sè
乍暖还寒,zhà nuǎn hái hán
诈败佯输,zhà bài yáng shū
诈痴不颠,zhà chī bù diān
诈痴佯呆,zhà chī yáng dāi
诈奸不及,zhà jiān bù jí
诈哑佯聋,zhà yǎ yáng lóng
斋心涤虑,zhāi xīn dí lǜ
摘胆剜心,zhāi dǎn wān xīn
摘瓜抱蔓,zhāi guā bào màn
摘句寻章,zhāi jù xún zhāng
摘瑕指瑜,tì xiá zhǐ yú
摘艳熏香,zhāi yàn xūn xiāng
摘艳薰香,zhāi yàn xūn xiāng
摘埴索涂,zhāi zhí suǒ tú
宅心忠厚,zhái xīn zhōng hòu
宅中图大,zhái zhōng tú dà
窄门窄户,zhǎi mén zhǎi hù
债多不愁,zhài duō bù chóu
债台高筑,zhài tái gāo zhù
沾风惹草,zhān fēng rě cǎo
沾花惹草,zhān huā rě cǎo
沾泥带水,zhān ní dài shuǐ
沾亲带故,zhān qīn dài gù
沾亲带友,zhān qīn dài yǒu
沾沾自好,zhān zhān zì hào
沾沾自满,zhān zhān zì mǎn
沾沾自喜,zhān zhān zì xǐ
沾沾自衒,zhān zhān zì xuàn
毡上拖毛,zhān shàng tuō máo
粘花惹草,zhān huā rě cǎo
粘皮带骨,zhān pí dài gǔ
詀言詀语,zhān yán zhān yǔ
詹言曲说,zhān yán qǔ shuō
詹詹炎炎,zhān zhān yán yán
瞻前顾后,zhān qián gù hòu
瞻情顾意,zhān qíng gù yì
瞻望咨嗟,zhān wàng zī jiē
瞻云就日,zhān yún jiù rì
鹯视狼顾,zhān shì láng gù
斩草除根,zhǎn cǎo chú gēn
斩钉截铁,zhǎn dīng jié tiě
斩钉切铁,zhǎn dīng qiē tiě
斩竿揭木,zhǎn gān jiē mù
斩钢截铁,zhǎn gāng jié tiě
斩关夺隘,zhǎn guān duó ài
斩将夺旗,zhǎn jiàng duó qí
斩将搴旗,zhǎn jiàng qiān qí
斩将刈旗,zhǎn jiàng yì qí
斩尽杀绝,zhǎn jìn shā jué
斩荆披棘,zhǎn jīng pī jí
斩木揭竿,zhǎn mù jiē gān
斩头沥血,zhǎn tóu lì xuè
斩头去尾,zhǎn tóu qù wěi
展翅高飞,zhǎn chì gāo fēi
展脚伸腰,zhǎn jiǎo shēn yāo
展眼舒眉,zhǎn yǎn shū méi
崭露头角,zhǎn lù tóu jiǎo
崭露头脚,zhǎn lù tóu jiǎo
辗转反侧,zhǎn zhuǎn fǎn cè
占风使帆,zhān fēng shǐ fān
占风望气,zhān fēng wàng qì
战不旋踵,zhàn bù xuán zhǒng
战火纷飞,zhàn huǒ fēn fēi
战天斗地,zhàn tiān dòu dì
战无不克,zhàn wú bù kè
战无不胜,zhàn wú bù shèng
战战惶惶,zhàn zhàn huáng huáng
战战兢兢,zhàn zhàn jīng jīng
战战栗栗,zhàn zhàn lì lì
战战业业,zhàn zhàn yè yè
栈山航海,zhàn shān háng hǎi
湛恩汪濊,zhàn ēn wāng hún
湛湛青天,zhàn zhàn qīng tīan
张本继末,zhāng běn jì mò
张敞画眉,zhāng chǎng huà méi
张唇植髭,zhāng chún zhí zī
张大其词,zhāng dà qí cí
张大其辞,zhāng dà qí cí
张大其事,zhāng dà qí shì
张灯结采,zhāng dēng jié cǎi
张灯结彩,zhāng dēng jié cǎi
张冠李戴,zhāng guān lǐ dài
张慌失措,zhāng huāng shī cuò
张皇其事,zhāng huáng qí shì
张皇失措,zhāng huáng shī cuò
张徨失措,zhāng huáng shī cuò
张惶失措,zhāng huáng shī cuò
张甲李乙,zhāng jiǎ lǐ yǐ
张口掉舌,zhāng kǒu diào shé
张口结舌,zhāng kǒu jié shé
张良借箸,zhāng liáng jiè zhù
张脉偾兴,zhāng mài fèn xīng
张眉努目,zhāng méi nǔ mù
张眉努眼,zhāng méi nǔ yǎn
张眉张眼,zhāng méi zhāng yǎn
张袂成帷,zhāng mèi chéng wéi
张袂成阴,zhāng mèi chéng yīn
张王李赵,zhāng wáng lǐ zhào
张王赵李,zhāng wáng zhào lǐ
张牙舞爪,zhāng yá wǔ zhǎo
张眼露睛,zhāng yǎn lù jīng
张嘴挢舌,zhāng zuǐ jiǎo shé
章甫荐履,zhān fǔ jiàn lǚ
章句小儒,zhāng jù xiāo rú
章句之徒,zhāng jù zhī tú
章决句断,zhāng jué jù duàn
章台杨柳,zhāng tái yáng liǔ
彰明较著,zhāng míng jiào zhù
彰明较着,zhāng míng jiào zhù
彰明昭著,zhāng míng zhāo zhù
彰明昭着,zhāng míng zhāo zhe
彰善瘅恶,zhāng shàn dàn è
彰往考来,zhāng wǎng kǎo lái
獐麇马鹿,zhāng jūn mǎ lù
獐头鼠目,zhāng tóu shǔ mù
掌上观文,zhǎng shàng guān wén
掌上观纹,zhǎng shàng guān wén
掌上明珠,zhǎng shàng míng zhū
丈二和尚,zhàng èr hé shàng
仗节死义,zhàng jié sǐ yì
仗马寒蝉,zhàng mǎ hán chán
仗气使酒,zhàng qì shǐ jiǔ
仗势欺人,zhàng shì qī rén
仗义疏财,zhàng yì shū cái
仗义执言,zhàng yì zhí yán
杖履相从,zhàng lǚ xiāng cóng
杖履纵横,zhàng lǚ zòng héng
瘴乡恶土,zhàng xiāng è tǔ
瘴雨蛮烟,zhàng yǔ mán yān
招兵买马,zhāo bīng mǎi mǎ
招财进宝,zhāo cái jìn bǎo
招风揽火,zhāo fēng lǎn huǒ
招风惹草,zhāo fēng rě cǎo
招风惹雨,zhāo fēng rě yǔ
招蜂惹蝶,zhāo fēng rě dié
招蜂引蝶,zhāo fēng yǐn dié
招花惹草,zhāo huā rě cǎo
招架不住,zhāo jià bù zhù
招降纳叛,zhāo xiáng nà pàn
招军买马,zhāo jūn mǎi mǎ
招权纳贿,zhāo quán nà huì
招权纳赂,zhāo quán nà lù
招权纳赇,zhāo quán nà qiú
招事惹非,zhāo shì rě fēi
招是搬非,zhāo shì bān fēi
招是揽非,zhāo shì lǎn fēi
招是惹非,zhāo shì rě fēi
招是生非,zhāo shì shēng fēi
招亡纳叛,zhāo wáng nà pàn
招贤纳士,zhāo xián nà shì
招摇过市,zhāo yáo guò shì
招摇撞骗,zhāo yáo zhuàng piàn
招灾揽祸,zhāo zāi lǎn huò
招灾惹祸,zhāo zāi rě huò
昭德塞违,zhāo dé sè wéi
昭聋发聩,zhāo lóng fā kuì
昭然若揭,zhāo rán ruò jiē
昭如日星,zhāo rú rì xīng
昭昭在目,zhāo zhāo zài mù
兆载永劫,zhào zǎi yǒng jié
照本宣科,zhào běn xuān kē
照功行赏,zhào gōng xíng shǎng
照猫画虎,zhào māo huà hǔ
照人肝胆,zhào rén gān dǎn
照萤映雪,zhào yíng yìng xuě
照章办事,zhào zhāng bàn shì
遮地盖天,zhē dì gài tiān
遮地漫天,zhē dì màn tiān
遮空蔽日,zhē kōng bì rì
遮前掩后,zhē qián yǎn hòu
遮人耳目,zhē rén ěr mù
遮人眼目,zhē rén yǎn mù
遮三瞒四,zhē sān mán sì
遮天蔽日,zhē tiān bì rì
遮天盖地,zhē tiān gài dì
遮天盖日,zhē tiān gài rì
遮天迷地,zhē tiān mí dì
遮天映日,zhē tiān yìng rì
遮掩耳目,zhē yǎn ěr mù
折长补短,zhé cháng bǔ duǎn
折冲厌难,zhé chōng yàn nán
折冲御侮,zhé chōng yù wǔ
折冲之臣,zhé chōng zhī chén
折冲尊俎,zhé chōng zūn zǔ
折冲樽俎,zhé chōng zūn zǔ
折鼎覆餸,zhé dǐng fù sù
折而族之,zhe er zu zi
折槁振落,zhé gǎo zhèn luò
折戟沉沙,zhé jǐ chén shā
折箭为誓,shé jiàn wéi shì
折胶堕指,zhé jiāo duò zhǐ
折节待士,zhé jié dài shì
折节读书,zhé jié dú shū
折节下士,zhé jié xià shì
折矩周规,zhé jǔ zhōu guī
折腰五斗,shé yāo wǔ dòu
折足覆餸,zhé zú fù sù
哲人其萎,zhé rén qí wěi
詟谀立懦,zhé yú lì nuò
辙乱旂靡,zhé luàn qí mǐ
辙乱旗靡,zhé luàn qí mǐ
者也之乎,zhě yě zhī hū
赭衣塞路,zhě yī sàī lù
贞不绝俗,zhēn bù jué sú
贞风亮节,zhēn fēng liàng jié
贞高绝俗,zhēn gāo jué sú
贞松劲柏,zhēn sōng jìng bǎi
贞下起元,zhēn xià qǐ yuán
贞元会合,zhēn yuán huì hé
针锋相对,zhēn fēng xiāng duì
针芥相投,zhēn jiè xiāng tóu
针芥之合,zhēn jiè zhī hé
针芥之契,zhēn jiè zhī qì
针芥之投,zhēn jiè zhī tóu
针头线脑,zhēn tóu xiàn nǎo
针头线尾,zhēn tóu xiàn wěi
针头削铁,zhēn tóu xuē tiě
珍禽奇兽,zhēn qín qí shòu
珍禽异兽,zhēn qín yì shòu
珍馐美馔,zhēn xiū měi zhuàn
真才实学,zhēn cái shí xué
真刀真枪,zhēn dāo zhēn qiāng
真独简贵,zhēn dú jiǎn guì
真金不镀,zhēn jīn bù dù
真金烈火,zhēn jīn liè huǒ
真龙活现,zhēn lóng huó xiàn
真龙天子,zhēn lóng tiān zǐ
真命天子,zhēn mìng tiān zǐ
真凭实据,zhēn píng shí jù
真枪实弹,zhēn qiāng shí dàn
真情实感,zhēn qíng shí gǎn
真情实意,zhēn qíng shí yì
真伪莫辨,zhēn wěi mò biàn
真相毕露,zhēn xiāng bì lù
真相大白,zhēn xiàng dà bái
真心诚意,zhēn xīn chéng yì
真心实意,zhēn xīn shí yì
真心真意,zhēn xīn zhēn yì
真凶实犯,zhēn xiōng shí fàn
真赃实犯,zhēn zāng shí fàn
真赃真贼,zhēn zāng zhēn zéi
真脏实犯,zhēn zāng shí fàn
真知卓见,zhēn zhī zhuó jiàn
真知灼见,zhēn zhī zhuó jiàn
甄奇录异,zhēn qí lù yì
甄心动惧,zhēn xīn dòng jù
枕典席文,zhěn diǎn xí wén
枕方寝绳,zhěn fāng qǐn shéng
枕干之雠,zhěn gàn zhī chóu
枕戈尝胆,zhěn gē cháng dǎn
枕戈达旦,zhěn gē dá dàn
枕戈待旦,zhěn gē dài dàn
枕戈待敌,zhěn gē dài dí
枕戈待命,zhěn gē dài mìng
枕戈汗马,zhěn gē hàn mǎ
枕戈击楫,zhěn gē jī jí
枕戈披甲,zhěn gē pī jiǎ
枕戈泣血,zhěn gē qì xuè
枕戈寝甲,zhěn gē qǐn jiǎ
枕戈以待,zhěn gē yǐ dài
枕戈饮胆,zhěn gē yǐn dǎn
枕戈饮血,zhěn gē yǐn xuè
枕戈剚刃,zhěn gē zì rèn
枕戈坐甲,zhěn gē zuò jiǎ
枕籍经史,zhěn jí jīng shǐ
枕经籍书,zhěn jīng jí shū
枕冷衾寒,zhěn lěng qīn hán
枕流漱石,zhěn liú shù shí
枕曲藉糟,zhěn qū jiè zāo
枕山臂江,zhěn shān bì jiāng
枕山负海,zhěn shān fù hǎi
枕山襟海,zhěn shān jīn hǎi
枕山栖谷,zhěn shān qī gǔ
枕善而居,zhěn shàn ér jū
枕石寝绳,zhěn shí qǐn shéng
枕石漱流,zhěn shí sòu liú
枕石嗽流,zhěn shí shù liú
枕稳衾温,zhěn wěn qīn wēn
枕席过师,zhěn xí guò shī
枕席还师,zhěn xí huán shī
枕岩漱流,zhěn yán shù liú
枕黮藉糟,zhěn qū jiè zāo
枕中鸿宝,zhěn zhōng hóng bǎo
阵马风樯,zhèn mǎ fēng qiáng
振臂一呼,zhèn bì yī hū
振兵释旅,zhèn bīng shì lǚ
振兵泽旅,zhèn bīng shì lǚ
振奋人心,zhèn fèn rén xīn
振领提纲,zhèn lǐng tí gāng
振聋发聩,zhèn lóng fā kuì
振贫济乏,zhèn pín jì fá
振穷恤寡,zhèn qióng xù guǎ
振穷恤贫,zhèn qióng xù pín
振裘持领,zhèn qiú chí lǐng
振衣濯足,zhèn yī zhuó zú
振振有词,zhèn zhèn yǒu cí
振振有辞,zhèn zhèn yǒu cí
赈贫贷乏,zhèn pín dài fá
镇日镇夜,zhèn rì zhèn yè
震耳欲聋,zhèn ěr yù lóng
震古烁今,zhèn gǔ shuò jīn
震古铄今,zhèn gǔ shuò jīn
震撼人心,zhèn hàn rén xīn
震聋发聩,zhèn lóng fā kuì
震天动地,zhèn tiān dòng dì
争长竞短,zhēng cháng jìng duǎn
争长论短,zhēng cháng lùn duǎn
争短论长,zhēng duǎn lùn cháng
争多论少,zhēng duō lùn shǎo
争分夺秒,zhēng fēn duó miǎo
争风吃醋,zhēng fēng chī cù
争锋吃醋,zhēng fēng chī cù
争鸡失羊,zhēng jī shī yáng
争猫丢牛,zhēng māo diū niú
争名夺利,zhēng míng duó lì
争名竞利,zhēng míng jìng lì
争奇斗艳,zhēng qí dòu yàn
争前恐后,zhēng qián kǒng hòu
争强斗狠,zhēng qiáng dòu hěn
争强斗胜,zhēng qiáng dòu shèng
争强好胜,zhēng qiáng hào shèng
争强显胜,zhēng qiáng xiǎn shèng
争权夺利,zhēng quán duó lì
争权攘利,zhēng quán rǎng lì
争先恐后,zhēng xiān kǒng hòu
争妍斗艳,zhēng yán dòu yàn
征敛无度,zhēng liǎn wú dù
征名责实,zhēng míng zé shí
峥嵘岁月,zhēng róng suì yuè
狰狞面目,zhēng níng miàn mù
铮铮佼佼,zhēng zhēng jiǎo jiǎo
铮铮铁骨,zhēng zhēng tiě gǔ
铮铮铁汉,zhēng zhēng tiě hàn
铮铮有声,zhēng zhēng yǒu shēng
蒸沙成饭,zhēng shā chéng fàn
蒸沙为饭,zhēng shā wéi fàn
蒸蒸日上,zhēng zhēng rì shàng
拯溺扶危,zhěng nì fú wēi
整本大套,zhěng běn dà tào
整顿干坤,zhěng dùn gàn kūn
整纷剔蠹,zhěng fēn tī dù
整躬率物,zhěng gōng shuài wù
整冠纳履,zhěng guàn nà lǚ
整甲缮兵,zhěng jiǎ shàn bīng
整襟危坐,zhěng jīn wēi zuò
整旧如新,zhěng jiù rú xīn
整军经武,zhěng jūn jīng wǔ
整旅厉卒,zhěng lǚ lì zú
整年累月,zhěng nián lèi yuè
整衣敛容,zhěng yī liǎn róng
整整截截,zhěng zhěng jié jié
整装待发,zhěng zhuāng dài fā
正本澄源,zhèng běn chéng yuán
正本清源,zhèng běn qīng yuán
正大光明,zhèng dà guāng míng
正大堂皇,zhèng dà táng huáng
正大堂煌,zhèng dà táng huáng
正儿巴经,zhèng ér bā jīng
正法眼藏,zhèng fǎ yǎn cáng
正法直度,zhèng fǎ zhí dù
正冠李下,zhèng guàn lǐ xià
正冠纳履,zhèng guàn nà lǚ
正己守道,zhèng jǐ shǒu dào
正襟危坐,zhèng jīn wēi zuò
正经八百,zhèng jīng bā bǎi
正经八板,zhèng jīng bā bǎn
正经八本,zhèng jīng bā běn
正理平治,zhèng lǐ píng zhì
正名定分,zhèng míng dìng fēn
正明公道,zhèng míng gōng dào
正气凛然,zhèng qì lǐn rán
正人君子,zhèng rén jūn zǐ
正容亢色,zhèng róng kàng sè
正色敢言,zhèng sè gǎn yán
正色厉声,zhèng sè lì shēng
正色危言,zhèng sè wēi yán
正色直绳,zhèng sè zhí shéng
正色直言,zhèng sè zhí yán
正身率下,zhèng shēn shuài xià
正身明法,zhèng shēn míng fǎ
正身清心,zhèng shēn qīng xīn
正声雅音,zhèng shēng yǎ yīn
正始之音,zhèng shǐ zhī yīn
正视绳行,zhèng shì shéng xíng
正心诚意,zhèng xīn chéng yì
正言不讳,zhèng yán bù huì
正言厉色,zhèng yán lì sè
正言厉颜,zhèng yán lì yán
正言直谏,zhèng yán zhí jiàn
正颜厉色,zhèng yán lì sè
正正经经,zhèng zhèng jīng jīng
正正气气,zhèng zhèng qì qì
正正堂堂,zhèng zhèng táng táng
正正之旗,zhèng zhèng zhī qí
正直无私,zhèng zhí wú sī
正直无邪,zhèng zhí wú xié
正中己怀,zhèng zhòng jǐ huái
正中下怀,zhèng zhòng xià huái
证龟成鳖,zhèng guī chéng biē
证据确凿,zhèng jù què záo
郑人买履,zhèng rén mǎi lǚ
郑人实履,zhèng rén shí lǚ
郑人争年,zhèng rén zhēng nián
郑卫之音,zhèng wèi zhī yīn
郑昭宋聋,zhèng zhāo sòng lóng
郑重其辞,zhèng zhòng qí cí
郑重其事,zhèng zhòng qí shì
政出多门,zhèng chū duō mén
政简刑清,zhèng jiǎn xíng qīng
政令不一,zhèng lìng bù yī
政清人和,zhèng qīng rén hé
政通人和,zhèng tōng rén hé
政以贿成,zhèng yǐ huì chéng
政由己出,zhèng yóu jǐ chū
之乎者也,zhī hū zhě yě
之死不渝,zhī sǐ bù yú
之死靡二,zhī sǐ mí èr
之死靡他,zhī sǐ mí tā
之死靡它,zhī sǐ mǐ tā
支策据梧,zhī cè jù wú
支床迭屋,zhī chuáng dié wū
支床叠屋,zhī chuáng dié wū
支分节解,zhī fēn jié jiě
支分族解,zhī fē zú jiě
支纷节解,zhī fēn jié jiě
支离破碎,zhī lí pò suì
支手舞脚,zhī shǒu wǔ jiǎo
支吾其词,zhī wū qí cí
支支吾吾,zhī zhī wú wú
支支梧梧,zhī zhī wú wú
芝艾俱焚,zhī ài jù fén
芝草无根,zhi cao wu geng
芝焚蕙叹,zhī fén huì tàn
芝兰玉树,zhī lán yù shù
芝兰之室,zhī lán zhī shì
吱哩哇啦,zhī lī wā lā
枝别条异,zhī bié tiáo yì
枝布叶分,zhī bù yè fēn
枝词蔓说,zhī cí màn shuō
枝词蔓语,zhī cí màn yǔ
枝辞蔓语,zhī cí màn yǔ
枝大于本,zhī dà yù běn
枝对叶比,zhī duì yè bǐ
枝繁叶茂,zhī fán yè mào
枝分缕解,zhī fēn lǚ jiě
枝分叶散,zhī fēn yè sàn
枝附叶从,zhī fù yè cóng
枝附叶连,zhī fù yè lián
枝附叶著,zhī fù yiè zhuó
枝附叶着,zhī fù yiè zhuó
枝附影从,zhī fù yǐng cóng
枝干相持,zhī gàn xiāng chí
枝节横生,zhī jié héng shēng
枝流叶布,zhī liú yè bù
枝末生根,zhī mò shēng gēn
枝外生枝,zhī wài shēng zhī
枝叶扶疏,zhī yè fú shū
枝叶扶苏,zhī yè fú sū
枝叶相持,zhī yè xīng chí
枝源派本,zhī yuán pài běn
知白守黑,zhī bái shǒu hēi
知彼知己,zhī bǐ zhī jǐ
知地知天,zhī dì zhī tiān
知恩报德,zhī ēn bào dé
知恩报恩,zhī ēn bào ēn
知法犯法,zhī fǎ fàn fǎ
知过必改,zhī guò bì gǎi
知过能改,zhī guò néng gǎi
知己之遇,zhī jǐ zhī yù
知己知彼,zhī jǐ zhī bǐ
知尽能索,zhī jìn néng suǒ
知来藏往,zhī lái cáng wǎng
知名当世,zhī míng dāng shì
知命不忧,zhī mìng bù yōu
知命乐天,zhī mìng lè tiān
知命之年,zhī mìng zhī nián
知难而进,zhī nán ér jìn
知难而退,zhī nán ér tuì
知情不举,zhī qíng bù jǔ
知情达理,zhī qíng dá lǐ
知人论世,zhī rén lùn shì
知人善任,zhī rén shàn rèn
知人下士,zhī rén xià shì
知人之明,zhī rén zhī míng
知荣守辱,zhī róng shǒu rǔ
知书达礼,zhī shū dá lǐ
知疼着热,zhī téng zháo rè
知疼着痒,zhī téng zháo yǎng
知往鉴今,zhī wǎng jiàn jīn
知微知彰,zhī wēi zhī zhāng
知我罪我,zhī wǒ zuì wǒ
知无不言,zhī wú bù yán
知小谋大,zhī xiǎo móu dà
知雄守雌,zhī xióng shǒu cí
知羞识廉,zhī xiū shí lián
知一万毕,zhī yī wàn bì
知易行难,zhī yì xíng nán
知遇之恩,zhī yù zhī ēn
知止不殆,zhī zhǐ bù dài
知足不辱,zhī zú bù rǔ
知足常乐,zhī zú cháng lè
知足知止,zhī zú zhī zhǐ
织白守黑,zhī bái shǒu hēi
织楚成门,zhī chǔ chéng mén
织当访婢,zhī dāng fǎng bì
胝肩茧足,zhī jiān jiǎn zú
脂膏不润,zhī gāo bù rùn
脂膏莫润,zhī gāo mò rùn
执鞭随蹬,zhí biān suí dèng
执鞭随镫,zhí biān suí dèng
执鞭坠镫,zhí biān zhuì dèng
执粗井灶,zhí cū jǐng zào
执而不化,zhí ér bù huà
执法不阿,zhí fǎ bù ā
执法如山,zhí fǎ rú shān
执经问难,zhí jīng wèn nán
执柯作伐,zhí kē zuò fá
执两用中,zhí liǎng yòng zhōng
执迷不反,zhí mí bù fǎn
执迷不返,zhí mí bù fǎn
执迷不误,zhí mí bù wù
执迷不悟,zhí mí bù wù
执迷不醒,zhí mí bù xǐng
执锐披坚,zhí ruì pī jiān
执文害意,zhí wén hài yì
执意不从,zhí yì bù cóng
直捣黄龙,zhí dǎo huáng lóng
直道而行,zhí dào ér xíng
直接了当,zhí jiē liǎo dàng
直捷了当,zhí jié liǎo dàng
直截了当,zhí jié liǎo dàng
直口无言,zhí kǒu wú yán
直谅多闻,zhí liàng duō wén
直眉瞪眼,zhí méi dèng yǎn
直眉楞眼,zhí méi léng yǎn
直眉睖眼,zhí méi lèng yǎn
直眉怒目,zhí méi nù mù
直木必伐,zhí mù bì fá
直木先伐,zhí mù xiān fá
直内方外,zhí nèi fāng wài
直扑无华,zhí pǔ wú huá
直情径行,zhí qíng jìng xíng
直权无华,zhí quán wú huá
直认不讳,zhí rèn bù huì
直入公堂,zhí rù gōng táng
直上青云,zhí shàng qīng yún
直上直下,zhí shàng zhí xià
直抒己见,zhí shū jǐ jiàn
直抒胸臆,zhí shū xiōng yì
直言不讳,zhí yán bù huì
直言极谏,zhí yán jí jiàn
直言贾祸,zhí yán gǔ huò
直言切谏,zhí yán qiē jiàn
直言取祸,zhí yán qǔ huò
直言无讳,zhí yán wú huì
直言无隐,zhí yán wú yǐn
直言勿讳,zhí yán wù huì
直言正谏,zhí yán zhèng jiàn
直言正论,zhí yán zhèng lùn
直言正色,zhí yán zhèng sè
直撞横冲,zhí zhuàng héng chōng
植党营私,zhí dǎng yíng sī
植党自私,zhí dǎng zì sī
植发冲冠,zhí fà chōng guàn
植发穿冠,zhí fà chuān guàn
植善倾恶,zhí shàn qīng è
跖狗吠尧,zhí gǒu fèi yáo
跖犬吠尧,zhí quán fèi yáo
跖犬噬尧,zhí quǎn shì yáo
蹠狗吠尧,zhí gǒu fèi yáo
蹠犬噬尧,zhí quǎn shì yáo
止暴禁非,zhǐ bào jìn fēi
止沸益薪,zhǐ fèi yì xīn
止戈散马,zhǐ gē sàn mǎ
止戈为武,zhǐ gē wéi wǔ
止戈兴仁,zhǐ gē xīng rén
止渴思梅,zhǐ kě sī méi
止渴望梅,zhǐ kě wàng méi
止谈风月,zhǐ tán fēng yuè
止于至善,zhǐ yú zhì shàn
只鸡斗酒,zhī jī dǒu jiǔ
只鸡絮酒,zhī jī xù jiǔ
只鸡樽酒,zhī jī zūn jiǔ
只轮不反,zhī lún bù fǎn
只轮不返,zhī lún bù fǎn
只轮无反,zhī lún wú fǎn
只骑不反,zhī qí bù fǎn
只身孤影,zhī shēn gū yǐng
只言片语,zhī yán piàn yǔ
只争朝夕,zhǐ zhēng zhāo xī
只争旦夕,zhǐ zhēng dàn xī
只字不提,zhī zì bù tí
纸短情长,zhǐ duǎn qíng cháng
纸贵洛阳,zhǐ guì luò yáng
纸落云烟,zhǐ luò yún yān
纸上谈兵,zhǐ shàng tán bīng
纸醉金迷,zhǐ zuì jīn mí
咫尺千里,zhǐ chǐ qiān lǐ
咫尺天涯,zhǐ chǐ tiān yá
咫尺天颜,zhǐ chǐ tiān yán
咫尺万里,zhǐ chǐ wàn lǐ
咫尺威颜,zhǐ chǐ wēi yán
咫尺之功,zhǐ chǐ zhī gōng
咫尺之书,zhǐ chǐ zhī shū
咫角骖驹,zhǐ jiǎo cān jū
指不胜偻,zhǐ bù shèng lǚ
指不胜屈,zhǐ bù shèng qū
指东划西,zhǐ dōng huà xī
指东画西,zhǐ dōng huà xī
指东话西,zhǐ dōng huà xī
指东说西,zhǐ dōng shuō xī
指方画圆,zhǐ fāng huà yuán
指腹为婚,zhǐ fù wéi hūn
指挥可定,zhǐ huī kě dìng
指挥若定,zhǐ huī ruò dìng
指麾可定,zhǐ huī kě dìng
指鸡骂狗,zhǐ jī mà gǒu
指空话空,zhǐ kōng huà kōng
指李推张,zhǐ lǐ tuī zhāng
指鹿为马,zhǐ lù wéi mǎ
指鹿作马,zhǐ lù zuò mǎ
指名道姓,zhǐ míng dào xìng
指南攻北,zhǐ nán gōng běi
指破迷团,zhǐ pò mí tuán
指亲托故,zhǐ qīn tuō gù
指囷相赠,zhǐ què xiāng zèng
指日成功,zhǐ rì chéng gōng
指日而待,zhǐ rì ér dài
指日高升,zhǐ rì gāo shēng
指日可待,zhǐ rì kě dài
指日可下,zhǐ rì kě xià
指日誓心,zhǐ rì shì xīn
指桑骂槐,zhǐ sāng mà huái
指桑说槐,zhǐ sāng shuō huái
指山卖磨,zhǐ shān mài mò
指山说磨,zhǐ shān shuō mò
指矢天日,zhǐ shǐ tiān rì
指事类情,zhǐ shì lèi qíng
指手点脚,zhǐ shǒu diǎn jiǎo
指手顿脚,zhǐ shǒu dùn jiǎo
指手划脚,zhǐ shǒu huà jiǎo
指手画脚,zhǐ shǒu huà jiǎo
指树为姓,zhǐ shù wéi xìng
指天画地,zhǐ tiān huà dì
指天射鱼,zhǐ tiān shè yú
指天誓日,zhǐ tiān shì rì
指天为誓,zhǐ tiān wéi shì
指瑕造隙,zhǐ xiá zào xì
指雁为羹,zhǐ yàn wéi gēng
指皁为白,zhǐ zào wéi bái
指皂为白,zhǐ zào wéi bái
指掌可取,zhǐ zhǎng kě qǔ
指猪骂狗,zhǐ zhū mà gǒu
趾高气扬,zhǐ gāo qì yáng
趾踵相错,zhǐ zhǒng xiāng cuò
趾踵相接,zhǐ zhǒng xiāng jiē
至诚高节,zhì chéng gāo jié
至大至刚,zhì dà zhì gāng
至当不易,zhì dàng bù yì
至高无上,zhì gāo wú shàng
至理名言,zhì lǐ míng yán
至亲骨肉,zhì qīn gǔ ròu
至亲好友,zhì qīn hǎo yǒu
至人无梦,zhì rén wú mèng
至善至美,zhì shàn zhì měi
至圣先师,zhì shèng xiān shī
至圣至明,zhì shèng zhì míng
至死不变,zhì sǐ bù biàn
至死不悟,zhì sǐ bù wù
至死不渝,zhì sǐ bù yú
至死靡它,zhì sǐ mǐ tā
至矣尽矣,zhì yǐ jìn yǐ
至再至三,zhì zài zhì sān
至尊至贵,zhì zūn zhì guì
志大才疏,zhì dà cái shū
志得气盈,zhì dé qì yíng
志得意满,zhì dé yì mǎn
志高气扬,zhì gāo qì yáng
志广才疏,zhì guǎng cái shū
志坚行苦,zhì jiān xíng kǔ
志骄气盈,zhì jiāo qì yíng
志骄意满,zhì jiāo yì mǎn
志洁行芳,zhì jié xíng fāng
志满气得,zhì mǎn qì dé
志满气骄,zhì mǎn qì jiāo
志满意得,zhì mǎn yì dé
志美行厉,zhì měi xíng lì
志士仁人,zhì shì rén rén
志同道合,zhì tóng dào hé
志盈心满,zhì yíng xīn mǎn
志在千里,zhì zài qiān lǐ
志在四方,zhì zài sì fāng
志在四海,zhì zài sì hǎi
志足意满,zhì zú yì mǎn
治病救人,zhì bìng jiù rén
治郭安邦,zhì guō ān bāng
治国安邦,zhì guó ān bāng
治国安民,zhì guó ān mín
治丝而棼,zhì sī ér fén
治丝益棼,zhì sī yì fén
炙冰使燥,zhì bīng shǐ zào
炙肤皲足,zhì fū jūn zú
炙鸡渍酒,zhì jī zì jiǔ
炙手可热,zhì shǒu kě rè
质而不俚,zhì ér bù lǐ
质而不野,zhì ér bù yě
质非文是,zhì fēi wén shì
质疑辨惑,zhì yí biàn huò
质疑问难,zhì yí wèn nàn
质伛影曲,zhì yǔ yǐng qū
栉比鳞差,zhì bǐ lín cǐ
栉比鳞次,zhì bǐ lín cì
栉比鳞臻,zhì bǐ lín zhēn
栉风沐雨,zhì fēng mù yǔ
栉风酾雨,zhì fēng shī yǔ
栉垢爬痒,zhì gòu pá yǎng
栉沐风雨,zhì mù fēng yǔ
栉霜沐露,zhì shuāng mù lù
陟罚臧否,zhì fá zāng pǐ
陟岵瞻望,zhì hù zhān wàng
陟岵陟屺,zhì hù zhì qǐ
致远任重,zhì yuǎn rèn zhàng
致之度外,zhì zhī dù wài
掷地赋声,zhì dì fù shēng
掷地金声,zhì dì jīn shēng
掷地有声,zhì dì yǒu shēng
掷果潘安,zhì guǒ pān ān
掷果潘郎,zhì guǒ pān láng
掷鼠忌器,zhì shǔ jì qì
掷杖成龙,zhì zhàng chéng lóng
窒碍难行,zhì ài nán xíng
鸷狠狼戾,zhì hěn láng lì
鸷击狼噬,zhì jī láng shì
彘肩斗酒,zhì jiān dòu jiǔ
智藏瘝在,zhì cáng guān zài
智昏菽麦,zhì hūn shū mài
智尽能索,zhì jìn néng suǒ
智均力敌,zhì jūn lì dí
智穷才尽,zhì qióng cái jìn
智小谋大,zhì xiǎo móu dà
智小言大,zhì xiǎo yán dà
智勇兼全,zhì yǒng jiān quán
智勇双全,zhì yǒng shuāng quán
智圆行方,zhì yuán xíng fāng
智周万物,zhì zhōu wàn wù
稚齿婑媠,zhì chǐ wǒ tuǒ
置若罔闻,zhì ruò wǎng wén
置身事外,zhì shēn shì wài
置水之情,zhì shuǐ zhī qíng
置之不顾,zhì zhī bù gù
置之不理,zhì zhī bù lǐ
置之度外,zhì zhī dù wài
置之高阁,zhì zhī gāo gé
置之脑后,zhì zhī nǎo hòu
置之死地,zhì zhī sǐ dì
置诸高阁,zhì zhū gāo gé
置锥之地,zhì zhuī zhī dì
雉伏鼠窜,zhì fú shǔ cuàn
雉头狐腋,zhì tóu hú yè
擿伏发奸,tī fú fā jiān
擿伏发隐,tī fú fā yǐn
擿奸发伏,tī jiān fā fú
擿埴索涂,zhāi zhí suǒ tú
擿埴索途,zhāi zhí suǒ tú
擿植索涂,zhāi zhí suǒ tú
中饱私囊,zhōng bǎo sī náng
中道而废,zhōng dào ér fèi
中冓之言,zhōng gòu zhī yán
中馈乏人,zhōng kuì fá rén
中馈犹虚,zhōng kuì yóu xū
中立不倚,zhōng lì bù yǐ
中流底柱,zhōng liú dǐ zhù
中流砥柱,zhōng liú dǐ zhù
中流击楫,zhōng liú jī jí
中流一壶,zhōng liú yī hú
中流一壸,zhōng liú yī kǔn
中外合璧,zhōng wài hé bì
中西合璧,zhōng xī hé bì
中心摇摇,zhōng xīn yáo yáo
中庸之道,zhōng yōng zhī dào
中原逐鹿,zhōng yuán zhú lù
忠不避危,zhōng bù bì wēi
忠肝义胆,zhōng gān yì dǎn
忠贯白日,zhōng guàn bái rì
忠贯日月,zhōng guàn rì yuè
忠驱义感,zhōng qū yì gǎn
忠孝节义,zhōng xiào jié yì
忠孝两全,zhōng xiào liǎng quán
忠心赤胆,zhōng xīn chì dǎn
忠心耿耿,zhōng xīn gěng gěng
忠心贯日,zhōng xīn guàn rì
忠言逆耳,zhōng yán nì ěr
忠贞不渝,zhōng zhēn bù yú
终成泡影,zhōng chéng pào yǐng
终而复始,zhōng ér fù shǐ
终南捷径,zhōng nán jié jìng
终其天年,zhōng qí tiān nián
终身大事,zhōng shēn dà shì
终始不渝,zhōng shǐ bù yú
终始如一,zhōng shǐ rú yī
终始若一,zhōng shǐ ruò yī
终天之恨,zhōng tiān zhī hèn
终焉之志,zhōng yān zhī zhì
钟鼎人家,zhōng dǐng rén jia
钟鼎山林,zhōng dǐng shān lín
钟鼎之家,zhōng dǐng zhī jiā
钟鼓之色,zhōng gǔ zhī sè
钟鼓馔玉,zhōng gǔ zhuàn yù
钟灵毓秀,zhōng líng yù xiù
钟漏并歇,zhōng lòu bìng xiē
钟鸣鼎列,zhōng míng dǐng liè
钟鸣鼎食,zhōng míng dǐng shí
钟鸣鼎重,zhōng míng dǐng zhòng
钟鸣漏尽,zhōng míng lòu jìn
螽斯衍庆,zhōng sī yǎn qìng
冢木已拱,zhǒng mù yǐ gǒng
冢中枯骨,zhǒng zhōng kū gǔ
踵迹相接,zhǒng jì xiāng jiē
踵接肩摩,zhǒng jiē jiān mó
踵决肘见,zhǒng jué zhǒu jiàn
踵事增华,zhǒng shì zēng huá
踵武前贤,zhǒng wǔ qián xián
踵武相接,zhǒng wǔ xiāng jiē
踵趾相接,zhǒng zhǐ xiāng jiē
踵足相接,zhǒng zú xiāng jiē
众楚群咻,zhòng chǔ qún xiū
众川赴海,zhòng chuān fù hǎi
众多非一,zhòng duō fēi yī
众寡不敌,zhòng guǎ bù dí
众寡势殊,zhòng guǎ shì shū
众寡悬绝,zhòng guǎ xuán jué
众寡悬殊,zhòng guǎ xuán shū
众好众恶,zhòng hào zhòng wù
众虎同心,zhòng hǔ tóng xīn
众毁销骨,zhòng huǐ xiāo gǔ
众口嗷嗷,zhòng kǒu áo áo
众口纷纭,zhòng kǒu fēn yún
众口交传,zhòng kǒu jiāo chuán
众口交詈,zhòng kǒu jiāo lì
众口交赞,zhòng kǒu jiāo zàn
众口难调,zhòng kǒu nán tiáo
众口如一,zhòng kǒu rú yī
众口铄金,zhòng kǒu shuò jīn
众口同声,zhòng kǒu tóng shēng
众口相传,zhòng kǒu xiāng chuán
众口销金,zhòng kǒu xiāo jīn
众口熏天,zhòng kǒu xūn tiān
众口一词,zhòng kǒu yī cí
众口一辞,zhòng kǒu yī cí
众流归海,zhòng liú guī hǎi
众盲摸象,zhòng máng mō xiàng
众毛飞骨,zhòng máo fēi gǔ
众毛攒裘,zhòng máo cuán qiú
众目共睹,zhòng mù gòng dǔ
众目共视,zhòng mù gòng shì
众目具瞻,zhòng mù jù zhān
众目睽睽,zhòng mù kuí kuí
众目昭彰,zhòng mù zhāo zhāng
众难群移,zhòng nán qún yí
众难群疑,zhòng nán qún yí
众怒难犯,zhòng nù nán fàn
众怒难任,zhòng nù nán rèn
众叛亲离,zhòng pàn qīn lí
众擎易举,zhòng qíng yì jǔ
众犬吠声,zhòng quǎn fèi shēng
众人广坐,zhòng rén guǎng zuò
众人国士,zhòng rén guó shì
众少成多,zhòng shǎo chéng duō
众矢之的,zhòng shǐ zhī dì
众说纷揉,zhòng shuō fēn róu
众说纷纭,zhòng shuō fēn yún
众所共知,zhòng suǒ gòng zhī
众所周知,zhòng suǒ zhōu zhī
众望所归,zhòng wàng suǒ guī
众望攸归,zhòng wàng yōu guī
众心成城,zhòng xīn chéng chéng
众心如城,zhòng xīn rú chéng
众星拱北,zhòng xīng gǒng běi
众星拱极,zhòng xīng gǒng jí
众星拱月,zhòng xīng gǒng yuè
众星环极,zhòng xīng huán jí
众星捧月,zhòng xīng pěng yuè
众星攒月,zhòng xīng cuán yuè
众喣漂山,zhòng xǔ piāo shān
众喣飘山,zhòng xǔ piāo shān
众喣山动,zhòng xǔ shān dòng
众议成林,zhòng yì chéng lín
众怨之的,zhòng yuàn zhī dì
众志成城,zhòng zhì chéng chéng
众啄同音,zhòng zhòu tóng yīn
众醉独醒,zhòng zuì dú xǐng
重财轻义,zhòng cái qīng yì
重操旧业,chóng cāo jiù yè
重床迭架,chóng chuáng dié jià
重床迭屋,chóng chuáng dié wū
重床叠架,chóng chuáng dié jià
重床叠屋,chóng chuáng dié wū
重蹈覆辙,chóng dǎo fù zhé
重睹天日,chóng dǔ tiān rì
重关击柝,chóng guān jī tuò
重光累洽,chóng guāng lèi qià
重圭叠组,chóng guī dié zǔ
重规沓矩,chóng guī tà jǔ
重规迭矩,chóng guī dié jǔ
重规叠矩,chóng guī dié jǔ
重规累矩,chóng guī lèi jǔ
重规袭矩,chóng guī xí jǔ
重珪迭组,chóng guī dié zǔ
重珪叠组,chóng guī dié zǔ
重厚寡言,zhòng hòu guǎ yán
重厚少文,zhòng hòu shǎo wén
重迹屏气,chóng jì bǐng qì
重见天日,chóng jiàn tiān rì
重金兼紫,chóng jīn jiān zǐ
重金袭汤,chóng jīn xí tāng
重理旧业,chóng lǐ jiù yè
重峦迭巘,chóng luán dié yǎn
重峦迭嶂,chóng luán dié zhàng
重峦叠巘,chóng luán dié yǎn
重峦叠嶂,chóng luán dié zhàng
重峦复嶂,chóng luán fù zhàng
重门击柝,chóng mén jī tuò
重明继焰,chóng míng jì yàn
重男轻女,zhòng nán qīng nǚ
重逆无道,zhòng nì wú dào
重葩累藻,chóng pā lèi zǎo
重裵列鼎,chóng yīn liè dǐng
重纰貤缪,chóng pī yí miù
重起炉灶,chóng qǐ lú zào
重气轻命,zhòng qì qīng mìng
重气轻生,zhòng qì qīng shēng
重气徇命,zhòng qì xùn míng
重气猣名,zhòng qì xùn míng
重三迭四,chóng sān dié sì
重三叠四,chóng sān dié sì
重山复岭,chóng shān fù lǐng
重山复水,chóng shān fù shuǐ
重山峻岭,chóng shān jùn lǐng
重生父母,chóng shēng fù mǔ
重生爷娘,chóng shēng yé niáng
重手累足,chóng shǒu lěi zú
重望高名,zhòng wàng gāo míng
重温旧梦,chóng wēn jiù mèng
重温旧业,chóng wēn jiù yè
重熙累绩,chóng xī lěi jì
重熙累洽,chóng xī lěi qià
重熙累盛,chóng xī lěi shèng
重熙累叶,chóng xī lěi yè
重兴旗鼓,chóng xīng qí gǔ
重岩迭障,chóng yán dié zhàng
重岩迭嶂,zhòng yán dié zhàng
重岩叠障,chóng yán dié zhàng
重岩叠嶂,chóng yán dié zhàng
重义轻财,zhòng yì qīng cái
重义轻生,zhòng yì qīng shēng
重于泰山,zhòng yú tài shān
重垣迭锁,chóng yuán dié suǒ
重垣叠锁,chóng yuán dié suǒ
重振旗鼓,chóng zhèn qí gǔ
重整旗鼓,chóng zhěng qí gǔ
重纸累札,chóng zhǐ lèi zhá
重足而立,chóng zú ér lì
重足累息,chóng zú lèi xī
重足屏气,chóng zú bǐng qì
重足屏息,chóng zú bǐng xī
重足一迹,chóng zú yī jì
重作冯妇,zhòng zuò féng fù
舟车劳顿,zhōu chē láo dùn
舟水之喻,zhōu shuǐ zhī yù
舟中敌国,zhōu zhōng dí guó
诌上抑下,zhōu shàng yì xià
侜张为幻,zhōu zhāng wéi huàn
周而不比,zhōu ér bù bǐ
周而复始,zhōu ér fù shǐ
周公吐哺,zhōu gōng tǔ bǔ
周规折矩,zhōu guī zhé jǔ
周急继乏,zhōu jí jì fá
周郎顾曲,zhōu láng gù qǔ
周情孔思,zhōu qíng kǒng sī
周穷恤匮,zhōu qióng xù kuì
周游列国,zhōu yuó liè guó
诪张变眩,zhōu zhāng biàn xuàn
诪张为幻,zhōu zhāng wéi huàn
粥少僧多,zhōu shǎo sēng duō
粥粥无能,zhōu zhōu wú néng
肘胁之患,zhǒu xié zhī huàn
肘行膝步,zhǒu xíng xī bù
肘腋之患,zhǒu yè zhī huàn
咒天骂地,zhòu tiān mà dì
昼度夜思,zhòu duó yè sī
昼伏夜动,zhòu fú yè dòng
昼伏夜行,zhòu fú yè xíng
昼伏夜游,zhòu fú yè yóu
昼干夕惕,zhòu gàn xī tì
昼耕夜诵,zhòu gēng yè sòng
昼警暮巡,zhòu jǐng mù xún
昼警夕惕,zhòu jǐng xī tì
昼乾夕惕,zhòu qián xī tì
昼日三接,zhòu rì sān jiē
昼日昼夜,zhòu rì zhòu yè
昼思夜想,zhòu sī yè xiǎng
昼想夜梦,zhòu xiǎng yè mèng
昼夜兼程,zhòu yè jiān chéng
昼夜兼行,zhòu yè jiān xíng
昼阴夜阳,zhòu yīn yè yáng
昼吟宵哭,zhòu yín xiāo kū
骤不及防,zhòu bù jí fáng
骤风暴雨,zhòu fēng bào yǔ
骤风急雨,zhòu fēng jí yǔ
骤雨暴风,zhòu yǔ bào fēng
骤雨狂风,zhòu yǔ kuáng fēng
朱辬皁盖,zhū fān hǎi gài
朱辬皂盖,zhū fān zào gài
朱陈之好,zhū chén zhī hǎo
朱唇粉面,zhū chún fěn miàn
朱唇皓齿,zhū chún hào chǐ
朱唇玉面,zhū chún yù miàn
朱干玉戚,zhū gān yù qī
朱阁青楼,zhū gé qīng lóu
朱楼碧瓦,zhū lóu bì wǎ
朱楼绮户,zhū lóu qǐ hù
朱轮华毂,zhū lún huá gǔ
朱门绣户,zhū mén xiù hù
朱甍碧瓦,zhū méng bì wǎ
朱盘玉敦,zhū pán yù duì
朱槃玉敦,zhū pán yù duì
朱雀玄武,zhū què xuán wǔ
朱弦三叹,zhū xián sān tàn
朱颜翠发,zhū yán cuì fā
朱颜鹤发,zhū yán hè fā
朱颜绿发,zhū yán lǜ fā
朱衣点头,zhū yī diǎn tóu
朱衣使者,zhū yī shǐ zhě
朱云折槛,zhū yún shé jiàn
侏儒观戏,zhū rǔ guān xì
侏儒一节,zhū rǔ yī jié
诛暴讨逆,zhū bào tǎo nì
诛锄异己,zhū chú yì jǐ
诛故贳误,zhū gù shì wù
诛尽杀绝,zhū jìn shā jué
诛求不已,zhū qiú bù yǐ
诛求无度,zhū qiú wú dù
诛求无厌,zhū qiú wú yàn
诛求无已,zhū qiú wú yǐ
诛心之论,zhū xīn zhī lùn
株连蔓引,zhū lián màn yǐn
珠璧交辉,zhū bì jiāo huī
珠璧联辉,zhū bì lián huī
珠箔银屏,zhū bó yín píng
珠沉璧碎,zhū chén bì suì
珠沉沧海,zhū chén cāng hǎi
珠沉玉碎,zhū chén yù suì
珠沉玉陨,zhū chén yù yǔn
珠沉玉磒,zhū chén yù zǐ
珠窗网户,zhū chuāng wǎng hù
珠翠之珍,zhū cuì zhī zhēn
珠歌翠舞,zhū gē cuì wǔ
珠宫贝阙,zhū gōng bèi què
珠光宝气,zhū guāng bǎo qì
珠规玉矩,zhū guī yù jǔ
珠还合浦,zhū huán hé pǔ
珠连璧合,zhū lián bì hé
珠联璧合,zhū lián bì hé
珠联玉映,zhū lián yù yìng
珠零锦粲,zhū líng jǐn càn
珠零玉落,zhū líng yù luò
珠流璧转,zhū liú bì zhuǎn
珠盘玉敦,zhū pán yù dūn
珠槃玉敦,zhū pán yù dūn
珠投璧抵,zhū tóu bì dǐ
珠围翠绕,zhū wéi cuì rào
珠围翠拥,zhū wéi cuì yōng
珠玉在侧,zhū yù zài cè
珠圆玉洁,zhū yuán yù jié
珠圆玉润,zhū yuán yù rùn
诸恶莫作,zhū è mò zuò
诸亲好友,zhū qīn hǎo yǒu
诸亲六眷,zhū qīn liù juàn
诸如此比,zhū rú cǐ bǐ
诸如此类,zhū rú cǐ lèi
诸如此例,zhū rú cǐ lì
诸若此类,zhū ruò cǐ lèi
诸色人等,zhū sè rén děng
诸有此类,zhū yǒu cǐ lèi
诸子百家,zhū zǐ bǎi jiā
猪卑狗险,zhū bēi gǒu liǎn
猪朋狗友,zhū péng gǒu yǒu
猪突豨勇,zhū tū xī yǒng
铢称寸量,zhū chēng cùn liáng
铢寸累积,zhū cùn lèi jī
铢分毫析,zhū fēn háo xī
铢积寸累,zhū jī cùn lěi
铢积丝累,zhū jī sī lèi
铢积锱累,zhū jī zī lèi
铢累寸积,zhū lèi cùn jī
铢两分寸,zhū liǎng fēn cùn
铢两悉称,zhū liǎng xī chèn
铢两相称,zhū liǎng xiāng chèn
铢量寸度,zhū liáng cùn duó
铢施两较,zhū shī liǎng jiào
铢铢较量,zhū zhū jiào liàng
铢铢校量,zhū zhū xiào liàng
蛛丝马迹,zhū sī mǎ jì
蛛网尘封,zhū wǎng chén fēng
竹柏异心,zhú bǎi yì xīn
竹苞松茂,zhú bāo sōng mào
竹报平安,zhú bào píng ān
竹篮打水,zhú lán dá shuǐ
竹篱茅舍,zhú lí máo shè
竹马之交,zhú mǎ zhī jiāo
竹马之友,zhú mǎ zhī yǒu
竹头木屑,zhú tóu mù xiè
烛照数计,zhú zhào shù jì
逐臭之夫,zhú chòu zhī fū
逐宕失返,zhú dàng shī fǎn
逐电追风,zhú diàn zhuī fēng
逐队成群,zhú duì chéng qún
逐风追电,zhú fēng zhuī diàn
逐机应变,zhú jī yìng biàn
逐近弃远,zhú jìn qì yuǎn
逐句逐字,zhú jù zhú zì
逐浪随波,zhú làng suí bō
逐流忘返,zhú liú wàng fǎn
逐鹿中原,zhú lù zhōng yuán
逐名趋势,zhú míng qū shì
逐末弃本,zhú mò qì běn
逐末舍本,zhú mò shě běn
逐末忘本,zhú mò wàng běn
逐日追风,zhú rì zhuī fēng
逐物不还,zhú wù bù huán
逐新趣异,zhú xīn qù yì
逐影吠声,zhú yǐng fèi shēng
逐影随波,zhú yǐng suí bō
逐影寻声,zhú yǐng xún shēng
逐逐眈眈,zhú zhú dān dān
逐字逐句,zhú zì zhú jù
舳舻相继,zhú lú xiāng jì
劚山觅玉,zhú shān mì yù
劚玉如泥,zhú yù rú ní
主敬存诚,zhǔ jìng cún chéng
主客颠倒,zhǔ kè diān dǎo
主情造意,zhǔ qíng zào yì
主少国疑,zhǔ shǎo guó yí
主圣臣良,zhǔ shèng chén liáng
主守自盗,zhǔ shǒu zì dào
主文谲谏,zhǔ wén jué jiàn
主一无适,zhǔ yī wú shì
主忧臣辱,zhǔ yōu chén rǔ
拄笏看山,zhǔ hù kàn shān
拄笏西山,zhǔ hù xī shān
拄颊看山,zhǔ jiá kàn shān
属词比事,zhǔ cí bǐ shì
属辞比事,zhǔ cí bǐ shì
属毛离里,zhǔ máo lí lǐ
属人耳目,shǔ rén ěr mù
属垣有耳,zhǔ yuán yǒu ěr
煮豆燃箕,zhǔ dòu rán qí
煮豆燃萁,zhǔ dòu rán qí
煮鹤焚琴,zhǔ hè fén qín
煮鹤烧琴,zhǔ hè shāo qín
煮粥焚须,zhǔ zhōu fén xū
麈尾之诲,zhǔ wěi zhī huì
助边输财,zhù biān shū cái
助桀为暴,zhù jié wéi bào
助桀为恶,zhù jié wéi è
助桀为虐,zhù jié wéi nüè
助人为乐,zhù rén wéi lè
助人下石,zhù rén xià shí
助天为虐,zhù tiān wéi nüè
助我张目,zhù wǒ zhāng mù
助纣为虐,zhù zhòu wéi nüè
杼柚空虚,zhù zhóu kōng xū
杼柚其空,zhù zhóu qí kōng
杼柚之空,zhù zhóu zhī kōng
注玄尚白,zhù xuán shàng bái
驻红却白,zhù hóng què bái
驻颜益寿,zhù yán yì shòu
驻颜有术,zhù yán yǒu shù
柱石之坚,zhù shí zhī jiān
柱天踏地,zhù tiān tà dì
柱小倾大,zhù xiǎo qīng dà
祝不胜诅,zhù bù shèng zǔ
祝发空门,zhù fā kōng mén
祝发文身,zhù fā wén shēn
祝哽祝噎,zhù gěng zhù yē
祝鲠祝噎,zhù gěng zhù yē
祝鲠祝饐,zhù gěng zhù yì
祝僯祝鲠,zhù lù zhù gěng
祝鮠之佞,zhù tuó zhī nìng
祝咽祝哽,zhù yān zhù gěng
著书立说,zhù shū lì shuō
著述等身,zhù shù děng shēn
著于竹帛,zhù yú zhú bó
著作等身,zhù zuò děng shēn
筑舍道傍,zhù shè dào bàng
筑室道谋,zhù shì dào móu
筑室反耕,zhù shì fǎn gēng
筑坛拜将,zhù tán bài jiàng
铸成大错,zhù chéng dà cuò
铸甲销戈,zhù jiǎ xiāo gē
铸剑为犁,zhù jiàn wéi lí
铸木镂冰,zhù mù lòu bīng
铸山煮海,zhù shān zhǔ hǎi
铸新淘旧,zhù xīn táo jiù
箸长碗短,zhù chàng wǎn duǎn
翥凤翔鸾,zhù fèng xiáng luán
抓耳挠腮,zhuā ěr náo sāi
抓耳搔腮,zhuā ěr sāo sāi
抓乖卖俏,zhuā guāi mài qiào
抓乖弄俏,zhuā guāi nòng qiào
抓破脸皮,zhuā pò liǎn pí
抓破脸子,zhuā pò liǎn zǐ
抓破面皮,zhuā pò miàn pí
拽布披麻,zhuài bù pī má
拽布拖麻,zhuāi bù tuō má
拽耙扶犁,zhuāi pá fú lí
拽巷啰街,zhuài xiàng luó jiē
拽巷逻街,zhuài xiàng luó jiē
拽巷攞街,zhuài xiàng luǒ jiē
拽象拖犀,zhuài xiàng tuō xī
专横跋扈,zhuān hèng bá hù
专精覃思,zhuān jīng tán sī
专心一意,zhuān xīn yī yì
专心一志,zhuān xīn yī zhì
专心致志,zhuān xīn zhì zhì
专欲难成,zhuān yù nán chéng
转败为成,zhuǎn bài wéi chéng
转败为功,zhuǎn bài wéi gōng
转败为胜,zhuǎn bài wéi shèng
转悲为喜,zhuǎn bēi wéi xǐ
转嗔为喜,zhuǎn chēn wéi xǐ
转愁为喜,zhuǎn chóu wéi xǐ
转斗千里,zhuǎn dòu qiān lǐ
转海回天,zhuǎn hǎi huí tiān
转喉触讳,zhuǎn hóu chù huì
转祸为福,zhuǎn huò wéi fú
转日回天,zhuǎn rì huí tiān
转瞬之间,zhuǎn shùn zhī jiān
转死沟壑,zhuǎn sǐ gōu hè
转死沟渠,zhuǎn sǐ gōu qú
转弯磨角,zhuǎn wān mó jiǎo
转弯抹角,zhuǎn wān mò jiǎo
转湾抹角,zhuǎn wān mò jiǎo
转危为安,zhuǎn wēi wéi ān
转眼之间,zhuǎn yǎn zhī jiān
转忧为喜,zhuǎn yōu wéi xǐ
转灾为福,zhuǎn zāi wéi fú
转辗反侧,zhuǎn zhǎn fǎn cè
转战千里,zhuǎn zhàn qiān lǐ
馔玉炊金,zhuàn yù chuī jīn
馔玉炊珠,zhuàn yù chuī zhū
妆聋做哑,zhuāng lóng zuò yǎ
妆嫫费黛,zhuāng mó fèi dài
妆模作样,zhuāng mó zuò yàng
庄生梦蝶,zhuāng shēng mèng dié
庄舄越吟,zhuāng xì yuè yín
庄严宝相,zhuāng yán bǎo xiàng
庄周梦蝶,zhuāng zhōu mèng dié
装点门面,zhuāng diǎn mén miàn
装疯卖傻,zhuāng fēng mài shǎ
装疯作傻,zhuāng fēng zuò shǎ
装潢门面,zhuāng huáng mén miàn
装聋卖傻,zhuāng lóng mài shǎ
装聋作哑,zhuāng lóng zuò yǎ
装模作样,zhuāng mó zuò yàng
装腔作势,zhuāng qiāng zuò shì
装腔作态,zhuāng qiāng zuò tài
装怯作勇,zhuāng qiè zuò yǒng
装傻充愣,zhuāng shǎ chōng lèng
装神弄鬼,zhuāng shén nòng guǐ
装妖作怪,zhuāng yāo zuò guài
壮发冲冠,zhuàng fā chōng guàn
壮气凌云,zhuàng qì líng yún
壮气吞牛,zhuàng qì tūn niú
壮士断腕,zhuàng shì duàn wàn
壮士解腕,zhuàng shì jiě wàn
壮心不已,zhuàng xīn bù yǐ
壮志凌云,zhuàng zhì líng yún
壮志未酬,zhuàng zhì wèi chóu
撞府冲州,zhuàng fǔ chōng zhōu
撞头搕脑,zhuàng tóu kē nǎo
撞头磕脑,zhuàng tóu kē nǎo
撞阵冲军,zhuàng zhèn chōng jūn
追奔逐北,zhuī bēn zhú běi
追本穷源,zhuī běn qióng yuán
追本溯源,zhuī běn sù yuán
追风掣电,zhuī fēng chè diàn
追风蹑景,zhuī fēng niè jǐng
追风蹑影,zhuī fēng niè yǐng
追风摄景,zhuī fēng niè jǐng
追风逐电,zhuī fēng zhú diàn
追风逐日,zhuī fēng zhú rì
追风逐影,zhuī fēng zhú yǐng
追根查源,zhuī gēn chá yuán
追根究底,zhuī gēn jiū dǐ
追根究蒂,zhuī gēn jiū dì
追根穷源,zhuī gēn qióng yuán
追根求源,zhuī gēn qiú yuán
追根溯源,zhuī gēn sù yuán
追根问底,zhuī gēn wèn dǐ
追根寻底,zhuī gēn xún dǐ
追欢买笑,zhuī huān mǎi xiào
追欢卖笑,zhuī huān mài xiào
追欢取乐,zhuī huān qǔ lè
追欢作乐,zhuī huān zuò lè
追悔何及,zhuī huǐ hé jí
追悔莫及,zhuī huǐ mò jí
追魂夺命,zhuī hún duó mìng
追魂夺魄,zhuī hún duó pò
追魂摄魄,zhuī hún shè pò
追趋逐耆,zhuī qū zhú shì
追亡逐北,zhuī bēn zhú běi
追亡逐遁,zhuī wáng zhú dùn
追远慎终,zhuī yuǎn shèn zhōng
追云逐电,zhuī yún zhú diàn
椎锋陷陈,chuī fēng xiàn chén
椎锋陷阵,chuí fēng xiàn zhèn
椎肤剥髓,chuí fū bō suǐ
椎肤剥体,chuí fū bō tǐ
椎髻布衣,zhuī jì bù yī
椎埋穿掘,chuí mái chuān jué
椎埋狗窃,chuí mái gǒu qiè
椎埋屠狗,chuí mái tú gǒu
椎牛发冢,chuí niú fā zhǒng
椎牛歃血,chuí niú shà xuè
椎牛飨士,chuí niú xiǎng shì
椎天抢地,chuí tiān qiǎng dì
椎心顿足,chuí xīn dùn zú
椎心呕血,chuí xīn ǒu xuè
椎心泣血,chuí xīn qì xuè
椎心饮泣,chuí xīn yǐn qì
椎胸跌足,chuí xiōng diē zú
椎胸顿足,chuí xiōng dùn zú
椎膺顿足,chuí yīng dùn zú
锥处囊中,zhuī chǔ náng zhōng
锥刀之利,zhuī dāo zhī lì
锥刀之末,zhuī dāo zhī mò
坠溷飘茵,zhuì hùn piāo yīn
坠茵落溷,zhuì yīn luò hùn
惴惴不安,zhuì zhuì bù ān
赘食太仓,zhuì shí tài cāng
谆谆不倦,zhūn zhūn bù juàn
谆谆告戒,zhūn zhūn gào jiè
谆谆告诫,zhūn zhūn gào jiè
谆谆诰诫,zhūn zhūn gào jiè
谆谆教导,zhūn zhūn jiào dǎo
谆谆善诱,zhūn zhūn shàn yòu
卓尔不群,zhuó ěr bù qún
卓尔独行,zhuó ěr dú xíng
卓乎不群,zhuó hū bù qún
卓绝千古,zhuó jué qiān gǔ
卓立鸡群,zhuó lì jī qún
卓荦不羁,zhuó luò bù jī
卓荦超伦,zhuó luò chāo lún
卓然不群,zhuó rán bù qún
卓有成效,zhuó yǒu chéng xiào
拙贝罗香,zhuō bèi luó xiāng
拙口笨腮,zhuō kǒu bèn sāi
拙口钝腮,zhuō kǒu dùn sāi
拙嘴笨腮,zhuō zuǐ bèn sāi
拙嘴笨舌,zhuō zuǐ bèn shé
捉班做势,zhuō bān zuò shì
捉刀代笔,zhuō dāo dài bǐ
捉风捕影,zhuō fēng bǔ yǐng
捉风捕月,zhuō fēng bǔ yuè
捉虎擒蛟,zhuō hǔ qín jiāo
捉鸡骂狗,zhuō jī mà gǒu
捉衿见肘,zhuō jīn jiàn zhǒu
捉衿露肘,zhuō jīn lù zhǒu
捉衿肘见,zhuō jīn zhǒu jiàn
捉襟见肘,zhuō jīn jiàn zhǒu
捉襟露肘,zhuō jīn lù zhǒu
捉襟肘见,zhuō jīn zhǒu jiàn
捉摸不定,zhuō mō bù dìng
捉生替死,zhuō shēng tì sǐ
捉鼠拿猫,zhuō shǔ ná māo
捉影捕风,zhuō yǐng bǔ fēng
捉贼见赃,zhuō zéi jiàn zāng
捉贼捉赃,zhuō zéi zhuō zāng
捉贼捉脏,zhuō zéi zhuō zāng
灼艾分痛,zhuó ài fēn tòng
灼见真知,zhuó jiàn zhēn zhī
茁壮成长,zhuó zhuàng chéng zhǎng
斫琱为朴,zhuó diāo wéi pǔ
斫雕为朴,zhuó diāo wéi pǔ
斫轮老手,zhuó lún lǎo shǒu
浊骨凡胎,zhuó gǔ fán tāi
浊泾清渭,zhuó jīng qīng wèi
浊质凡姿,zhuó zhì fán zī
浞訾栗斯,zhuó zī lì sī
酌古参今,zhuó gǔ cān jīn
酌古沿今,zhuó gǔ yán jīn
酌古御今,zhuó gǔ yù jīn
酌古斟今,zhuó gǔ zhēn jīn
酌古准今,zhuó gǔ zhǔn jīn
酌金馔玉,zhuó jīn zhuàn yù
酌水知源,zhuó shuǐ zhī yuán
酌盈剂虚,zhuó yíng jì xū
酌盈注虚,zhuó yíng zhù xū
着人先鞭,zhuó rén xiān biān
着手成春,zhuó shǒu chéng chūn
着书立说,zhù shū lì shuō
擢发莫数,zhuó fà mò shǔ
擢发难数,zhuó fà nán shǔ
擢筋剥肤,zhuó jīn bō fū
擢筋割骨,zhuó jīn gē gǔ
濯污扬清,zhuó wū yáng qīng
濯足濯缨,zhuó zú zhuó yīng
孜孜不辍,zī zī bù chuò
孜孜不怠,zī zī bù dài
孜孜不倦,zī zī bù juàn
孜孜不懈,zī zī bù xiè
孜孜汲汲,zī zī jí jí
孜孜无怠,zī zī wú dài
孜孜无倦,zī zī wú juàn
孜孜以求,zī zī yǐ qiú
孜孜砽砽,zī zī kū kū
兹事体大,zī shì tǐ dà
姿意妄为,zī yì wàng wéi
资深望重,zī shēng wàng zhòng
谘经诹史,zī jīng zōu shǐ
孳蔓难图,zī màn nán tú
孳孳不倦,zī zī bù juàn
孳孳汲汲,zī zī jí jí
孳孳砽砽,zī zī kū kū
滋蔓难图,zī màn nán tú
趑趄不前,zī jū bù qián
趑趄嗫嚅,zī jū niè rú
锱珠必较,zī zhū bì jiào
锱铢必较,zī zhū bì jiào
锱铢不爽,zī zhū bù shuǎng
锱铢较量,zī zhū jiào liàng
龇牙咧嘴,zī yá liě zuǐ
龇牙裂嘴,zī yá liè zuǐ
子丑寅卯,zǐ chǒu yín mǎo
子女玉帛,zǐ nǚ yù bó
子为父隐,zǐ wéi fù yǐn
子夏悬鹑,zǐ xià xuán chún
子孝父慈,zǐ xiào fù cí
子虚乌有,zǐ xū wū yǒu
子曰诗云,zǐ yuè shī yún
子子孙孙,zǐ zǐ sūn sūn
紫气东来,zǐ qì dōng lái
紫绶金章,zǐ shòu jīn zhāng
紫芝眉宇,zǐ zhī méi yǔ
字里行间,zì lǐ háng jiān
字顺文从,zì shùn wén cóng
字斟句酌,zì zhēn jù zhuó
字正腔圆,zì zhèng qiāng yuán
字字珠玑,zì zì zhū jī
字字珠玉,zì zì zhū yù
自拔来归,zì bá lái guī
自暴自弃,zì bào zì qì
自不待言,zì bù dài yán
自不量力,zì bù liàng lì
自惭形秽,zì cán xíng huì
自成一格,zì chéng yī gé
自成一家,zì chéng yī jiā
自出机轴,zì chū jī zhóu
自出机杼,zì chū jī zhù
自出心裁,zì chū xīn cái
自出新裁,zì chū xīn cái
自出一家,zì chū yī jiā
自吹自擂,zì chuī zì léi
自吹自捧,zì chuī zì pěng
自厝同异,zì cuò tóng yì
自得其乐,zì dé qí lè
自负不凡,zì fù bù fán
自甘暴弃,zì gān bào qì
自甘堕落,zì gān duò luò
自高自大,zì gāo zì dà
自告奋勇,zì gào fèn yǒng
自给自足,zì jǐ zì zú
自顾不暇,zì gù bù xiá
自刽以下,zì kuài yǐ xià
自坏长城,zì huài cháng chéng
自矜功伐,zì jīn gōng fá
自救不暇,zì jiù bù xiá
自觉形秽,zì jué xíng huì
自觉自愿,zì jué zì yuàn
自掘坟墓,zì jué fén mù
自郐而下,zì kuài ér xià
自郐无讥,zì kuài wú jī
自郐以下,zì kuài yǐ xià
自愧不如,zì kuì bù rú
自愧弗如,zì kuì fú rú
自力更生,zì lì gēng shēng
自立门户,zì lì mén hù
自卖自夸,zì mài zì kuā
自媒自衒,zì méi zì xuàn
自鸣得意,zì míng dé yì
自命不凡,zì mìng bù fán
自命清高,zì mìng qīng gāo
自欺欺人,zì qī qī rén
自弃自暴,zì qì zì bào
自强不息,zì qiáng bù xī
自轻自贱,zì qīng zì jiàn
自求多福,zì qiú duō fú
自取咎戾,zì qǔ jiù lì
自取灭亡,zì qǔ miè wáng
自取其祸,zì qǔ qí huò
自取其咎,zì qǔ qí jiù
自取罪戾,zì qǔ zuì lì
自然而然,zì rán ér rán
自身难保,zì shēn nán bǎo
自生自灭,zì shēng zì miè
自食其果,zì shí qí guǒ
自食其力,zì shí qí lì
自食其言,zì shí qí yán
自始至终,zì shǐ zhì zhōng
自始自终,zì shǐ zì zhōng
自视甚高,zì shì shèn gāo
自树一帜,zì shù yī zhì
自私自利,zì sī zì lì
自讨苦吃,zì tǎo kǔ chī
自讨没趣,zì tǎo méi qù
自投罗网,zì tóu luó wǎng
自我表现,zì wǒ biǎo xiàn
自我吹嘘,zì wǒ chuí xū
自我解嘲,zì wǒ jiě cháo
自我陶醉,zì wǒ táo zuì
自我牺牲,zì wǒ xī shēng
自我作古,zì wǒ zuò gǔ
自我作故,zì wǒ zuò gù
自相残害,zì xiāng cán hài
自相残杀,zì xiāng cán shā
自相惊扰,zì xiāng jīng rǎo
自相惊忧,zì xiāng jīng rǎo
自相矛盾,zì xiāng máo dùn
自相水火,zì xiāng shuǐ huǒ
自相鱼肉,zì xiāng yú ròu
自新之路,zì xīn zhī lù
自信不疑,zì xìn bù yí
自行其是,zì xíng qí shì
自寻短见,zì xún duǎn jiàn
自寻烦恼,zì xún fán nǎo
自崖而反,zì yá ér fǎn
自言自语,zì yán zì yǔ
自业自得,zì yè zì dé
自诒伊戚,zì yí yī qī
自贻伊咎,zì yí yī jiù
自贻伊戚,zì yí yī qī
自以为是,zì yǐ wéi shì
自用则小,zì yòng zé xiǎo
自由泛滥,zì yóu fàn làn
自由放任,zì yóu fàng rèn
自由自在,zì yóu zì zài
自有公论,zì yǒu gōng lùn
自圆其说,zì yuán qí shuō
自怨自艾,zì yuàn zì yì
自知之明,zì zhī zhī míng
自作聪明,zì zuò cōng míng
自作解人,zì zuò jiě rén
自作门户,zì zuò mén hù
自作主张,zì zuò zhǔ zhāng
自作自受,zì zuò zì shòu
恣情纵欲,zì qíng zòng yù
恣肆无忌,zì sì wú jì
恣睢无忌,zì suī wú jì
恣无忌惮,zì wú jì dàn
恣心纵欲,zì xīn zòng yù
恣凶稔恶,zì xiōng rěn è
恣意妄为,zì yì wàng wéi
恣意妄行,zì yì wàng xíng
眦裂发指,zì liè fà zhǐ
宗庙社稷,zōng miào shè jì
宗师案临,zōng shī àn lín
综核名实,zōng hé míng shí
踨地籥天,jú dì yuè tiān
踨高蹐厚,jú gāo jí hòu
踨蹐不安,jú jí bù ān
踨天促地,jú tiān cù dì
踨天蹐地,jú tiān jí dì
騣女痴儿,ái nǚ chī ér
騣女痴男,ái nǚ chī nán
騣童钝夫,ái tóng dùn fū
总而言之,zǒng ér yán zhī
总角之好,zǒng jiǎo zhī hǎo
总角之交,zǒng jiǎo zhī jiāo
总总林林,zǒng zǒng lín lín
纵风止燎,zòng fēng zhǐ liáo
纵横捭阖,zòng héng bǎi hé
纵横驰骋,zòng héng chí chěng
纵横交错,zòng héng jiāo cuò
纵横交贯,zòng héng jiāo guàn
纵横开合,zòng héng kāi hé
纵横开阖,zòng héng kāi hé
纵横天下,zòng héng tiān xià
纵虎出匣,zòng hǔ chū xiá
纵虎出柙,zòng hǔ chū xiá
纵虎归山,zòng hǔ guī shān
纵曲枉直,zòng qǔ wǎng zhí
邹衍谈天,zōu yǎn tán tiān
邹缨齐紫,zōu yīng qí zǐ
走伏无地,zǒu fú wú dì
走花溜冰,zǒu huā liū bīng
走花溜水,zǒu huā liū bīng
走漏天机,zǒu lòu tiān jī
走马到任,zǒu mǎ dào rèn
走马赴任,zǒu mǎ fù rèn
走马观花,zǒu mǎ guān huā
走马看花,zǒu mǎ kàn huā
走马上任,zǒu mǎ shàng rèn
走马章台,zǒu mǎ zhāng tái
走南闯北,zǒu nán chuǎng běi
走石飞沙,zǒu shí fēi shā
走头无路,zǒu tóu wú lù
走投没路,zǒu tóu méi lù
走投无路,zǒu tóu wú lù
走为上策,zǒu wéi shàng cè
走为上计,zǒu wèi shàng jì
走为上着,zǒu wèi shàng zhaō
足兵足食,zú bīng zú shí
足不出户,zú bù chū hù
足不出门,zú bù chū mén
足不窥户,zú bù kuī hù
足不履影,zú bù lǚ yǐng
足不逾户,zú bù yú hù
足尺加二,zú chǐ ji èr
足蹈手舞,zú dǎo shǒu wǔ
足高气强,zú gāo qì qiáng
足高气扬,zú gāo qì yáng
足茧手胝,zú jiǎn shǒu zhī
足趼舌敝,zú jiǎn shé bì
足食丰衣,zú shí fēng yī
足食足兵,zú shí zú bīng
足踏实地,zú tà shí dì
足衣足食,zú yī zú shí
足音空谷,zú yīn kōng gǔ
足音跫然,zú yīn qióng rán
足智多谋,zú zhì duō móu
足足有余,zú zú yǒu yú
镞砺括羽,zú lì kuò yǔ
阻山带河,zǔ shān dài hé
俎樽折冲,zǔ zūn zhé chōng
祖功宗德,zǔ gōng zōng dé
祖龙之虐,zǔ lóng zhī nüè
祖武宗文,zǔ wǔ zōng wén
祖宗成法,zǔ zōng chéng fǎ
祖宗法度,zǔ zōng fǎ dù
祖宗家法,zǔ zōng jiā fǎ
钻冰求火,zuān bīng qiú huǒ
钻冰求酥,zuān bīng qiú sū
钻冰取火,zuàn bīng qǔ huǒ
钻洞觅缝,zuàn dòng mì féng
钻故纸堆,zuàn gù zhǐ duī
钻火得冰,zuān huǒ dé bīng
钻坚研微,zuàn jiān yán wēi
钻坚仰高,zuàn jiān yǎng gāo
钻懒帮闲,zuān lǎn bāng xián
钻牛角尖,zuān niú jiǎo jiān
钻皮出羽,zuān pí chū yǔ
钻山塞海,zuàn shān sāi hǎi
钻天打洞,zuān tiān dǎ dòng
钻天觅缝,zuàn tiān mì féng
钻天入地,zuān tiān rù dì
钻头就锁,zuàn tóu jiù suǒ
钻头觅缝,zuān tóu mì fèng
钻隙逾墙,zuān xì yú qiáng
钻心刺骨,zuàn xīn cì gǔ
钻穴逾墙,zuān xué yú qiáng
钻穴逾隙,zuān xué yú xì
钻穴逾垣,zuàn xué yú yuán
嘴快舌长,zuǐ kuài shé cháng
嘴清舌白,zuǐ qīng shé bái
嘴甜心苦,zuǐ tián xīn kǔ
嘴直心快,zuǐ zhí xīn kuài
晬面盎背,zuì miàn àng bèi
罪不可逭,zuì bù kě huàn
罪不容诛,zuì bù róng zhū
罪不胜诛,zuì bù shèng zhū
罪大恶极,zuì dà è jí
罪当万死,zuì dāng wàn sǐ
罪恶贯盈,zuì è guàn yíng
罪恶深重,zuì è shēn zhòng
罪恶滔天,zuì è tāo tiān
罪恶昭彰,zuì è zhāo zhāng
罪恶昭著,zuì è zhāo zhù
罪该万死,zuì gāi wàn sǐ
罪加一等,zuì jiā yī děng
罪魁祸首,zuì kuí huò shǒu
罪逆深重,zuì nì shēn zhòng
罪孽深重,zuì niè shēn zhòng
罪人不孥,zuì rén bù nú
罪业深重,zuì yè shēn zhòng
罪应万死,zuì yīng wàn sǐ
罪有应得,zuì yǒu yīng dé
罪有攸归,zuì yǒu yōu guī
罪责难逃,zuì zé nán táo
醉酒饱德,zuì jiǔ bǎo dé
醉山颓倒,zuì shān tuí dǎo
醉生梦死,zuì shēng mèng sǐ
醉死梦生,zuì sǐ mèng shēng
醉吐相茵,zuì tǔ xiāng yīn
醉舞狂歌,zuì wǔ kuáng gē
醉玉颓山,zuì yù tuí shān
尊古卑今,zūn gǔ bēi jīn
尊己卑人,zūn jǐ bēi rén
尊年尚齿,zūn nián shàng chǐ
尊师贵道,zūn shī guì dào
尊师重道,zūn shī zhòng dào
尊无二上,zūn wú èr shàng
尊贤使能,zūn xián shǐ néng
尊姓大名,zūn xìng dà míng
尊主泽民,zūn zhǔ zé mín
尊俎折冲,zūn zǔ zhé chōng
遵道秉义,zūn dào bǐng yì
遵而不失,zūn ér bù shī
遵而勿失,zūn ér wù shī
遵时养晦,zūn shí yǎng huì
遵厌兆祥,zūn yàn zhào xiáng
遵养待时,zūn yǎng dài shí
遵养晦时,zūn yǎng huì shí
遵养时晦,zūn yǎng shí huì
樽酒论文,zūn jiǔ lùn wén
樽前月下,zūn qián yuè xià
樽俎折冲,zūn zǔ zhé chōng
左道旁门,zuǒ dào páng mén
左辅右弼,zuǒ fǔ yòu bì
左顾右眄,zuǒ gù yòu miǎn
左顾右盼,zuǒ gù yòu pàn
左家娇女,zuǒ jiā jiāo nǚ
左建外易,zuǒ jiàn wài yì
左邻右里,zuǒ lín yòu lǐ
左邻右舍,zuǒ lín yòu shè
左铅右椠,zuǒ qiān yòu qiàn
左书右息,zuǒ shū yòu xī
左思右想,zuǒ sī yòu xiǎng
左提右挈,zuǒ tí yòu qiè
左图右史,zuǒ tú yòu shǐ
左图右书,zuǒ tú yòu shū
左宜右宜,zuǒ yí yòu yí
左宜右有,zuǒ yí yòu fú
左萦右拂,zuǒ yíng yòu fú
左拥右抱,zuǒ yōng yòu bào
左右采获,zuǒ yòu cǎi huò
左右逢原,zuǒ yòu féng yuán
左右逢源,zuǒ yòu féng yuán
左右开弓,zuǒ yòu kāi gōng
左右两难,zuǒ yòu liǎng nán
左右图史,zuǒ yòu tú shǐ
左右为难,zuǒ yòu wéi nán
左支右绌,zuǒ zhī yòu chù
左支右调,zuǒ zhī yòu tiáo
左支右吾,zuǒ zhī yòu wū
左枝右梧,zuǒ zhī yòu wū
佐雍得尝,zuǒ yōng dé cháng
佐饔得尝,zuǒ yōng dé cháng
作壁上观,zuò bì shàng guān
作辍无常,zuò chuò wú cháng
作歹为非,zuò dǎi wéi fēi
作恶多端,zuò è duō duān
作法自毙,zuò fǎ zì bì
作法自弊,zuò fǎ zì bì
作福作威,zuò fú zuò wēi
作古正经,zuò gǔ zhèng jīng
作好作歹,zuò hǎo zuò dǎi
作嫁衣裳,zuò jià yī shāng
作奸犯科,zuò jiān fàn kē
作奸犯罪,zuò jiān fàn zuì
作茧自缚,zuò jiǎn zì fù
作金石声,zuò jīn shí shēng
作浪兴风,zuò làng xīng fēng
作如是观,zuò rú shì guān
作善降祥,zuò shàn jiàng xiáng
作舍道边,zuò shě dào biān
作舍道旁,zuò shě dào páng
作威作福,zuò wēi zuò fú
作小服低,zuò xiǎo fú dī
作言造语,zuò yán zào yǔ
作育人材,zuò yù rén cái
作贼心虚,zuò zéi xīn xū
作作有芒,zuò zuò yǒu máng
坐不安席,zuò bù ān xí
坐不垂堂,zuò bù chuí táng
坐不窥堂,zùo bù kuī táng
坐不重席,zuò bù chóng xí
坐吃山崩,zuò chī shān bēng
坐吃山空,zuò chī shān kōng
坐筹帷幄,zùo chóu wéi wò
坐地分赃,zuò dì fēn zāng
坐地分脏,zuò dì fēn zāng
坐地自划,zuò dì zì huá
坐而待毙,zuò ér dài bì
坐而待弊,zuò ér dài bì
坐而待旦,zuò ér dài dàn
坐而论道,zuò ér lùn dào
坐观成败,zuò guān chéng bài
坐怀不乱,zuò huái bù luàn
坐戒垂堂,zuò jǐng chuí táng
坐井观天,zuò jǐng guān tiān
坐井窥天,zuò jǐng kuī tiān
坐冷板凳,zuò lěng bǎn dèng
坐立不安,zuò lì bù ān
坐上琴心,zuò shàng qín xīn
坐失机宜,zuò shī jī yí
坐失良机,zuò shī liáng jī
坐失事机,zuò shī shì jī
坐食山空,zuò shí shān kōng
坐视不救,zuò shī bù jiù
坐视成败,zuò shì chéng bài
坐收渔利,zuò shōu yú lì
坐树不言,zuò shù bù yán
坐树无言,zuò shù wú yán
坐卧不安,zuò wò bù ān
坐卧不离,zuò wò bù lí
坐卧不宁,zuò wò bù níng
坐卧针毡,zuò wò zhēn zhān
坐无虚席,zuò wú xū xí
坐享其成,zuò xiǎng qí chéng
坐享其功,zuò xiǎng qí gōng
坐薪尝胆,zuò xīn cháng dǎn
坐薪悬胆,zuò xīn xuán dǎn
坐言起行,zuò yán qǐ xíng
坐以待毙,zuò yǐ dài bì
坐以待旦,zuò yǐ dài dàn
坐拥百城,zuò yōng bǎi chéng
坐拥书城,zuò yōng shū chéng
坐于涂炭,zuò yú tú tàn
坐运筹策,zuò yùn chóu cè
座无虚席,zuò wú xū xí
做刚做柔,zuò gāng zuò róu
做鬼做神,zuò guǐ zuò shén
做好做歹,zuò hǎo zuò dǎi
做好做恶,zuò hǎo zuò è
做人做世,zuò rén zuò shì
做神做鬼,zuò shén zuò guǐ
做小伏低,zuò xiǎo fú dī
做贼心虚,zuò zéi xīn xū
做张做势,zuò zhāng zuò shì
做张做致,zuò zhāng zuò zhì
做张做智,zuò zhāng zuò zhì
